feature	herit	herit.se	LRT.pval
Acetatifactor_MGBC107450	0.0702506121592128	0.0225290305291062	0.000139343386185375
Acetatifactor_MGBC108232	0.0476460972775518	0.0295555717141339	0.0940314119557842
Acetatifactor_MGBC113998	0.0324617202771542	0.0237474628201578	0.132089683257614
Acetatifactor_MGBC130773	0.102531747875249	0.0310408900304287	0.000267872954781034
Acetatifactor_MGBC130908	0.123635300014376	0.0337986918791244	4.7075186384804e-05
Acetatifactor_MGBC140221	0.0961713354090562	0.0360400249485891	0.00481915232030705
Acetatifactor_MGBC146413	0.00210425492283557	0.0102733661804167	0.830287488733419
Acetatifactor_MGBC159247	0.0413407974154439	0.0260006020333557	0.11308988837707
Acetatifactor_MGBC162151	0.0644300420055195	0.0243160231125458	0.004978284793697
Acetatifactor_MGBC165152	0.00534343299964164	0.0202287191752468	0.787954610467762
Acetatifactor_sp003612485	0.0530996082978838	0.0289472698701995	0.0484017590046901
Acutalibacter_MGBC101916	0.013806061010525	0.019614884685567	0.455451586743798
Acutalibacter_MGBC115182	0.0826907500388451	0.0273583444994879	0.000619851517778436
Acutalibacter_muris	0.0866672499088999	0.0317326258263753	0.00290579056035134
Adlercreutzia_caecimuris	0.11381986525664	0.0305688303638958	1.96723449861214e-05
Adlercreutzia_sp004793465	0.084380106491235	0.026888594763486	0.000245182075658157
Akkermansia_muciniphila	0.109302296277291	0.0284293629249103	2.36563055888706e-06
Alistipes_sp002428825	0.126489219233679	0.0294478200689776	8.48060161540154e-07
AM0715_MGBC109914	0.0915016155202695	0.0327000868448689	0.00204475964136375
Anaerotignum_MGBC136833	0.0873264377506584	0.0324738894874898	0.002082348837252
Anaerotruncus_sp000403395	0.076588446331082	0.0338054269824802	0.0109810789765288
Angelakisella_MGBC131977	0.069527968762083	0.0297989438091357	0.0126733181483262
Angelakisella_MGBC161672	0.0596791068421459	0.0291942386309143	0.024597724634674
ASF356_MGBC162170	0.140988449734477	0.0384553739675444	3.83498625671219e-05
Bifidobacterium_globosum	0.101026149004249	0.0278206751637294	7.82821817357782e-06
BorkfalkiaceaeNOV_MGBC107413	0.0822601970742951	0.033942592155286	0.00769176302701347
ButyricicoccaceaeNOV_MGBC000503	0.0698056818579226	0.025794648859231	0.00121059864784967
ButyricicoccaceaeNOV_MGBC165025	0.0529413477731889	0.0232897078710123	0.00582275955346045
CAG303_MGBC104195	0.0451618495557247	0.025934483891262	0.0530468246764427
CAG475_MGBC105042	0.14993393572479	0.0382242485962482	4.50478579805402e-06
CAG485_MGBC118072	0.19914752348236	0.0399795034203433	3.86551612940877e-09
CAG485_sp002362485	0.105525158570758	0.0327195141694555	0.000244021176663223
CAG485_sp003979075	3.70589780004796e-08	2.98343384886165e-09	0.990687431819649
CAG510_sp003979355	0.0347425895247162	0.0108699222546176	0.00501343103463958
CAG552NOV_MGBC105483	0.0978286199657182	0.0412199802110325	0.00947398296077684
CAG552NOV_MGBC107581	0.0711193044429451	0.0363228622572724	0.0250468784363883
CAG56_sp004793585	0.0725630557791088	0.0288943720197322	0.00362247892844914
CAG582_MGBC164624	0.0857286416503245	0.031801920424261	0.00155651809465018
CAG81_MGBC118027	0.0599379297757874	0.0295632894134951	0.0446414200012965
CAG873_MGBC106841	0.116401398476599	0.0327965593572902	1.73538206758028e-05
CAG873_MGBC112867	0.0398618670420654	0.0106918397277508	5.36349411610626e-05
CAG873_MGBC156312	0.104983800460079	0.0305769025176515	1.51355486915916e-05
CAG873_MGBC157102	0.0923766671445438	0.0329708491160767	0.00135103391622171
CAG873_MGBC163040	0.0854769734045967	0.0355335906274993	0.00477014402815568
CAG873_sp001689665	0.0941167440636571	0.0308673981418594	0.000486039987129039
CAG95_MGBC105224	0.0478659926900986	0.0268280893079751	0.0543237186415783
CAG95_MGBC108766	0.0297000912476859	0.0284574105091174	0.272233579564299
CAG95_MGBC114603	0.0858777393906533	0.0321396820740802	0.003630941214806
CAG95_MGBC123032	0.043853824451544	0.0250719273398062	0.0429777037255993
CAG95_MGBC161056	0.0577257068270945	0.0267491071671623	0.0179040468811948
CAG95_sp003612395	0.0194341215714161	0.0255858607562409	0.416366190665627
Chao1	8.36022243447082e-08	2.87929482477063e-09	1
ClostridiumQ_MGBC161412	0.0557856656559904	0.0263098486099469	0.0174356836377683
COE1_MGBC111351	0.0566996372022352	0.026633046290777	0.016086197851791
COE1_MGBC113999	0.0583113141066834	0.0325453749727855	0.0621411931562428
COE1_MGBC134341	0.0600191551546508	0.029183895991847	0.0247380445487853
COE1_MGBC135202	0.0940123188794623	0.0373467770893181	0.00550427460740011
COE1_MGBC145421	0.0504775989862114	0.0207235655615637	0.00419081832934065
COE1_sp000403215	0.0542578350322956	0.0291732496062903	0.0577802326188627
COE1_sp000403335	0.080629007920792	0.0295510688991331	0.000856670722319319
COE1_sp002358575	0.0390713476074833	0.0208695805929889	0.0401264837256272
COE1_sp002490665	3.5889581428038e-08	1.12274173244259e-09	1
Desulfovibrio_MGBC129232	0.101607982703541	0.029526673089329	3.23234625462243e-05
Dorea_MGBC000041	0.118739984428863	0.0347135521877802	8.14981604737586e-05
Dorea_MGBC000089	0.13339683174386	0.0336301590919235	4.83904518810974e-06
Dorea_MGBC000111	0.0575060375575227	0.0258221452538562	0.0147108881736463
Dorea_MGBC105254	0.0989665387933569	0.029527866611482	4.76374622749853e-05
Dorea_MGBC107888	0.127017445916994	0.0370366312412004	7.2724242599187e-05
Dorea_MGBC109699	0.0661873484386429	0.0293894523623474	0.0120803539056735
Dorea_MGBC111235	0.120647171850697	0.0310425972659409	5.7341892986118e-06
Dorea_MGBC116946	0.0539469474842871	0.0289910863882964	0.0427376549383615
Dorea_MGBC117094	0.0848174534784729	0.0277213258827331	0.000286201270211839
Dorea_MGBC129764	0.0571653702909739	0.0261955889649343	0.013771552133933
Dorea_MGBC129937	0.050129318009507	0.0287492731105282	0.0490798098942303
Dorea_sp000403455	0.0466433837811371	0.0254774073126442	0.0409866843792034
Dubosiella_newyorkensis	0.0120623514922777	0.0193632382487689	0.487963102441179
Duncaniella_MGBC102213	0.178098277234273	0.0398836228826581	3.63586746265909e-08
Duncaniella_MGBC102972	0.137023408625623	0.0336227986816395	7.51269165544244e-07
Duncaniella_MGBC106904	0.132505699079761	0.0322171814447762	2.11628419366505e-06
Duncaniella_MGBC164402	0.0411135149322821	0.0227461839166879	0.0439080195360974
Duncaniella_muris	0.0902040311118835	0.03075931261974	0.000963199563987938
Duncaniella_sp001689425	0.094785512618848	0.028226361705548	6.4463768567502e-05
Duncaniella_sp002492665	0.0161392404741043	0.00835353012552375	0.0233047827828916
Emergencia_MGBC000042	0.0413901302339404	0.0230619265485634	0.0534099819114593
Erysipelatoclostridium_cocleatum	0.128633206627293	0.0326105553585704	1.49798735323836e-05
Escherichia_flexneri	0.127718392737169	0.0313805486789922	6.86156749640787e-07
EubacteriumF_MGBC164771	0.0228746074699003	0.0238830866600885	0.312323012331162
EubacteriumF_MGBC165605	0.114090674709537	0.0338114073877166	7.43981708625219e-05
EubacteriumF_MGBC166763	2.79582283102725e-08	1.83268507512541e-09	1
EubacteriumJ_MGBC107002	0.019699789496587	0.0258939928669126	0.44709582713491
EubacteriumJ_MGBC130483	0.0333260176899459	0.0251286791157927	0.150558221817642
EubacteriumJ_MGBC166616	0.0221891945216867	0.0224292742132628	0.293524059646718
Evtepia_MGBC117610	0.0365512317707234	0.0220366394617599	0.070616777649022
Flavonifractor_MGBC117744	0.0564303781850696	0.0298606445898071	0.0549183293495598
HungatellaA_MGBC142035	0.0517033370915662	0.0315747794771899	0.0810965943039629
HungatellaA_MGBC165023	0.0973313291259649	0.0307016851465033	0.00010553952768988
HungatellaA_sp002358555	0.084738710667286	0.0292672570903939	0.00104864624387657
Kineothrix_MGBC130615	0.0993760762644856	0.0317130799357801	0.000418833562524035
Kineothrix_MGBC158835	0.0441150094246579	0.022128328480486	0.0387225784189241
Kineothrix_MGBC162921	0.0733899189126048	0.0268164623120295	0.00150162127497033
Kineothrix_sp000403275	4.45959852560634e-07	1.36229415952978e-08	1
Lachnospira_MGBC164289	0.0801929093721618	0.026827809663153	0.000261726199756063
LachnospiraceaeNOV_MGBC000200	0.0669104719391689	0.0252022568714336	0.00208138112790157
LachnospiraceaeNOV_MGBC102897	0.0412917529889576	0.0273493339908139	0.0801181497049833
LachnospiraceaeNOV_MGBC105353	0.0279063710153732	0.028213087915842	0.311685333727564
LachnospiraceaeNOV_MGBC108519	0.0147456448158712	0.0272089554266237	0.572585491542172
LachnospiraceaeNOV_MGBC113942	0.0509822928474516	0.0278515463124217	0.0605748483269227
LachnospiraceaeNOV_MGBC114200	0.0321936862347181	0.0240449401950974	0.136454190408973
LachnospiraceaeNOV_MGBC129472	0.0615434501981386	0.0264397050562464	0.00636929273190268
LachnospiraceaeNOV_MGBC131033	0.00303419652413949	0.0236401613533562	0.895134554063084
LachnospiraceaeNOV_MGBC136627	0.0792562167489357	0.0288992199069103	0.00203222448761464
LachnospiraceaeNOV_MGBC140906	0.0409894683609241	0.0236525736669378	0.0515675285902754
LachnospiraceaeNOV_MGBC153991	0.0905727011667315	0.0320496207409114	0.00156854455429112
LachnospiraceaeNOV_MGBC164599	0.0674607131027034	0.0267378724912783	0.0042011051290286
LachnospiraceaeNOV_MGBC165132	0.0113290875574486	0.0236870504476374	0.626196873307005
Lactobacillus_johnsonii	0.201548603942957	0.0358819235653038	6.0018656711236e-13
Lawsonibacter_MGBC000555	0.0935231507464318	0.0333211816676327	0.0026011542427794
Lawsonibacter_MGBC105408	0.0310097658996703	0.0235716814695129	0.172662870852719
Lawsonibacter_MGBC116689	0.0982270757937611	0.0295704474147997	0.000143150020320615
Lawsonibacter_MGBC131434	0.0383195879206017	0.0270740603935726	0.115811587044587
Lawsonibacter_MGBC163672	0.097015632302358	0.0270885470867713	1.80420487219113e-05
Lawsonibacter_MGBC165440	0.0567094541714941	0.0248618474696627	0.0116336607158707
Lawsonibacter_sp003612335	0.0687736965207383	0.0259782014213929	0.00165594231953126
Ligilactobacillus_MGBC161554	4.00969814323099e-08	2.68425978510499e-09	1
Ligilactobacillus_murinus	0.00551227391896449	0.00740248016666893	0.39080474395035
MarseilleP3106_MGBC161418	0.0290943156855768	0.0218758899120112	0.14605705732537
MuribaculaceaeNOV_MGBC128991	0.0950585104259865	0.0316740421473917	0.000741796948974249
Muribaculum_intestinale	0.065999931088031	0.0123582499837346	3.23028956250582e-07
Muribaculum_sp002492595	0.191537750469583	0.0465569134604753	4.49454616313627e-06
Oscillibacter_MGBC000151	0.0610752051908957	0.0282312074764449	0.0255002769480568
Oscillibacter_MGBC000153	0.0529002963731048	0.0247932235907602	0.0121840077693027
Oscillibacter_MGBC104027	0.106330954525983	0.0333184814870409	0.000413095100595728
Oscillibacter_MGBC104191	0.0641272908987546	0.027129511653371	0.00677160856759385
Oscillibacter_MGBC114107	0.0893144718812835	0.0276935178533671	3.97837468105733e-05
Oscillibacter_MGBC129725	0.0630887582345451	0.0300505412621966	0.0173140949685012
Oscillibacter_MGBC161747	0.0378680477277289	0.0241843138939288	0.0821933480822657
Oscillibacter_MGBC164430	0.0507987611220304	0.0283425097435838	0.0522045427914261
Oscillibacter_sp000403435	0.0387308139890735	0.027268748073982	0.152938892133647
OscillospiraceaeNOV_MGBC104380	0.0471225024516875	0.0291497211006561	0.0922651034650641
OscillospiraceaeNOV_MGBC105270	0.0385474730317747	0.0249858326201613	0.080796565625307
OscillospiraceaeNOV_MGBC107693	0.101186718798356	0.0323706689510255	0.000236295484412063
OscillospiraceaeNOV_MGBC109982	0.0959306209470204	0.0295164400893923	0.000110199718489912
OscillospiraceaeNOV_MGBC148330	0.120583902649789	0.0388542480748321	0.000443455426096362
OscillospiraceaeNOV_MGBC161755	0.0971586962777622	0.037236939506046	0.00376121536699647
OscillospiraceaeNOV_MGBC162040	0.0773880792824605	0.0305932502135662	0.00357910773896919
OscillospiraceaeNOV_MGBC163448	0.0520421704094938	0.0332797729789156	0.10269905027979
Paramuribaculum_intestinale	0.0710827646023642	0.021637337254906	8.52245870222035e-05
Paramuribaculum_MGBC114255	0.129151296381541	0.0324955431243386	2.7041224265334e-06
Parvibacter_MGBC000220	0.182769546949449	0.0349482925888086	6.99080460186963e-10
PCoA1	0.126494533868074	0.0314419656532826	9.94655035002623e-07
PCoA2	0.123685162927067	0.0288560854275844	1.92802407594783e-07
PCoA3	0.038974493344209	0.0211385882576053	0.0481673595917447
RuminiclostridiumE_MGBC129722	0.0482045097407266	0.0234472234483998	0.0154330575840095
Schaedlerella_MGBC000001	0.0864321495395294	0.0295012937875901	0.00090385585703312
Schaedlerella_MGBC163752	0.0657538353275894	0.0311244892759832	0.0223453091834773
Schaedlerella_sp000364245	0.0893109857506158	0.0318342608082625	0.00277081512435595
Schaedlerella_sp000403295	0.0412725042089547	0.0233108015714715	0.0506960302680075
Shannon	0.0614763989005628	0.0257846555870378	0.00512170293965242
Simpson	0.00763415585984328	0.0200351201886023	0.68768688900199
TF0111_MGBC109838	0.0571090982024499	0.023934482238443	0.00449899775350415
TF0111_MGBC111501	0.0519181357237438	0.0273213068981978	0.0348342565289754
TF0111_MGBC137941	0.0351768474992323	0.0238980744195261	0.0928302207660022
TF0111_MGBC140066	0.0211826382185945	0.0231134046624756	0.30894411131136
Turicibacter_sp002311155	0.0794954313225821	0.028621214949788	0.00177697410537658
UBA11940_MGBC107459	0.0768088218045469	0.0323580429844746	0.00591459147896622
UBA11940_MGBC162018	0.0453293842489989	0.0324626509651425	0.123154029070402
UBA11940_sp003979335	0.119687892908896	0.0358887012235599	0.000142946686613521
UBA1394_MGBC164932	0.128577765760764	0.0362973026432415	5.76198122531624e-05
UBA2882_MGBC163421	0.152796096320354	0.0381053982083004	4.21038020004261e-06
UBA3282_MGBC103686	0.0633106850450842	0.0286563272315356	0.0121136114584627
UBA3282_MGBC104969	0.00106315041381064	0.0223743161001079	0.960719468897868
UBA3282_MGBC107550	0.0302794808254393	0.0182470583352897	0.0596346516077567
UBA3282_MGBC131258	0.0605496813620994	0.0323196761983069	0.045946063555812
UBA3282_sp003611805	0.0552734179699765	0.0287690574634396	0.0223554584880714
UBA3700_MGBC114095	0.0943297360548679	0.0367141100322643	0.00247813923169249
UBA3700NOV_MGBC118395	0.108764087197155	0.0326273319468092	0.000355728049974857
UBA3700NOV_MGBC128953	0.0731382248386894	0.0365960053089937	0.0261658387699419
UBA3700NOV_MGBC161649	0.0511938207952554	0.030078097734133	0.0577031328752046
UBA7173_sp001689485	0.13615380783836	0.034034811938661	1.36235159753362e-06
UBA7173_sp001689685	0.143301372916019	0.0361910954651257	5.36743016332775e-06
UBA7173_sp002491305	0.130378594689706	0.0354386215425887	1.50006066655939e-05
UBA7182_MGBC000116	0.0736349612424491	0.0287921970759503	0.0025886978034988
UBA7182_MGBC105132	0.0700312403635238	0.0280302246199032	0.00455555882184733
UBA7182_MGBC105174	0.123046111382657	0.0331498549056389	2.40983073046541e-05
UBA946_MGBC137711	0.110709039870294	0.0357557981827616	0.000741905782874919
UBA9475_MGBC117253	0.107502522829896	0.0335756484834496	0.00012410664475293
UBA9475_MGBC159253	0.0888037654828102	0.0312677315640627	0.0013335462328069
UBA9502_MGBC000489	0.0594397063537209	0.0277926836439965	0.0167352940567401
UBA9502_MGBC105519	0.0235295679408869	0.0285784618070291	0.399131521763401
UBA9502_MGBC129914	0.0923775143524894	0.0363131714575482	0.00546354381793368
UMGS1370_MGBC163738	0.0678185565507438	0.0283769541052878	0.0056287034246173
UMGS1872_MGBC116724	0.127406517298495	0.0321585558603312	1.02087959452657e-06
UMGS268_MGBC107741	0.104287476103222	0.0324515910348077	0.000187953578120736
uniq	0.0532005227612299	0.0284726016187182	0.0349270523487781
X142_MGBC000170	0.0156864563108657	0.0202156359746347	0.419294477697319
X142_MGBC104031	0.0572222467641551	0.0272337089278587	0.0230711959352223
X142_MGBC131735	0.0225035672923471	0.0306660925121811	0.46177994838618
X142_MGBC131887	0.084203538819153	0.0318229971396813	0.00496546163383449
X142_MGBC164203	0.0968325886647898	0.0289621343117039	0.000148409601266719
X142_sp000403315	0.112954526408787	0.0302281678650828	5.83472109794148e-06
X142_sp000403845	2.24734403798353e-07	0.023953395135401	1
X142_sp004793545	0.017407030133945	0.0196573796183932	0.363747608308406
X1XD4269_MGBC117378	0.0518302368788312	0.0279964272786092	0.0408507791065721
X1XD4269_MGBC129998	0.0830756784490736	0.0268230586765374	0.000393863540215755
X1XD4269_MGBC163558	0.0378790708203352	0.0246320461915531	0.0957997768822711
X1XD4269_sp003612565	0.0364242995816435	0.0307863566274448	0.223091624020091
X1XD876_MGBC135302	0.102919740734593	0.0334547632027269	0.000581240525467486
