fixef	feature	fixef.value	solution	std.error	z.ratio	Df	Wald(inc)	Pr(chisq)(inc)	Wald(con)	Pr(chisq)(con)	Margin
(Intercept)	Acetatifactor	NA	-0.120228067194357	0.290888939154119	-0.413312611830378	1	0.0004087	0.983870801065387	2.538e-05	0.995980388932768	 
(Intercept)	Acutalibacter	NA	0.115476639262716	0.24787179062992	0.465872453534358	1	0.005516	0.940795723853317	0.0005058	0.98205709060142	 
(Intercept)	Adlercreutzia	NA	-0.113038775987742	0.300522622933828	-0.376140654185066	1	0.03109	0.860039748916181	0.0154	0.901238682114624	 
(Intercept)	AF3328	NA	-0.0399766379869552	0.235179732777129	-0.169983346417183	1	0.0002861	0.986504832411444	0.0001048	0.991832049123089	 
(Intercept)	Akkermansia	NA	-0.275000722322968	0.241900085133503	-1.1368359881775	1	0.001733	0.966794202231821	0.001288	0.971371092690547	 
(Intercept)	Alistipes	NA	-0.0725476895128719	0.235211856013615	-0.308435513168488	1	8.528e-05	0.99263186652483	6.581e-06	0.997953152294041	 
(Intercept)	AM0715	NA	0.115245238697018	0.261446987120728	0.440797730990111	1	0.003678	0.951640726628647	8.105e-05	0.992816919980265	 
(Intercept)	Anaerotignum	NA	-0.00134238991314669	0.198333073207915	-0.00676836138035055	1	0.0002714	0.98685606693163	0.0037	0.951496489241443	 
(Intercept)	Anaerotruncus	NA	0.107174894216935	0.2709414150431	0.395564827916345	1	0.002721	0.958398650817843	0.0003049	0.986068537678239	 
(Intercept)	AnaerovoracaceaeNOV	NA	-0.0252854826785085	0.258031534966207	-0.0979937691794922	1	0.001486	0.969250226823178	0.001153	0.972912354032347	 
(Intercept)	Angelakisella	NA	0.0922693485502294	0.239040870214835	0.385998212219121	1	0.003446	0.953188956163607	0.002521	0.959955392714693	 
(Intercept)	ASF356	NA	0.0760902051644074	0.179563485036123	0.423750993411051	1	0.01589	0.899687957974225	3.219e-05	0.995473127946747	 
(Intercept)	Bacteroides	NA	-0.0950125864415588	0.2090401913095	-0.454518271564751	1	0.03007	0.862331495264139	0.02122	0.88418122481256	 
(Intercept)	Bifidobacterium	NA	0.0540982107365819	0.12970334654618	0.417091865222771	1	0.02011	0.887230296987978	0.0007472	0.978192573788664	 
(Intercept)	BorkfalkiaceaeNOV	NA	-0.0613229232909817	0.118904237330926	-0.515733708634052	1	0.0002949	0.986298878973584	0.001015	0.974584443736462	 
(Intercept)	ButyricicoccaceaeNOV	NA	0.169900492140325	0.163805288448344	1.03721005438663	1	0.001469	0.96942653652294	9.646e-05	0.992163778410223	 
(Intercept)	CAG115	NA	0.0653654283279062	0.292151428157874	0.223738178314103	1	0.003443	0.953209313468101	0.003329	0.953989595489111	 
(Intercept)	CAG145	NA	0.0749288138216595	0.225443539750505	0.332361769623482	1	0.0003614	0.984832710467049	0.006535	0.935569716186362	 
(Intercept)	CAG273	NA	0.136701944304028	0.20488379511223	0.667216966715919	1	0.002877	0.95722384072565	0.0003019	0.986137238032578	 
(Intercept)	CAG274NOV	NA	0.346072770068328	0.16881508936109	2.05001088100655	1	9.817e-05	0.99209462727057	0.0005764	0.980845962738858	 
(Intercept)	CAG303	NA	0.211597777694545	0.172618028322006	1.22581505391676	1	0.001595	0.96814299325246	0.0001206	0.991237964949549	 
(Intercept)	CAG41	NA	0.0999917988569887	0.191281382004332	0.522747158187744	1	0.01947	0.889027446392235	0.01582	0.899907988218299	 
(Intercept)	CAG475	NA	-0.0825904392508754	0.0802057096882747	-1.0297326658148	1	0.1029	0.748376890443053	0.003922	0.950064425980772	 
(Intercept)	CAG485	NA	-0.207759339091685	0.142523142103214	-1.45772353896904	1	7.299e-05	0.993183421190565	0.0001279	0.9909766858845	 
(Intercept)	CAG510	NA	0.124517109126113	0.235145770728723	0.529531569886337	1	0.004491	0.94656982250533	8.556e-05	0.992619780877674	 
(Intercept)	CAG552NOV	NA	-0.0997168411882989	0.300259808409995	-0.332101861106029	1	0.000315	0.985839697261557	0.001253	0.971762586770324	 
(Intercept)	CAG56	NA	0.0391254721426295	0.184263632963199	0.212334205689105	1	0.006829	0.934139572812352	0.002884	0.95717188316494	 
(Intercept)	CAG582	NA	-0.0222549669819665	0.177516649201897	-0.125368336333652	1	0.0003187	0.985756785148759	0.0005271	0.981683249988806	 
(Intercept)	CAG776	NA	-0.101709953079931	0.257731989016411	-0.394634571626477	1	0.003179	0.955037001015384	0.01345	0.907673040691858	 
(Intercept)	CAG81	NA	0.118281003636775	0.229714655509599	0.514904037682666	1	0.0009225	0.975769828937061	0.002761	0.958094265826487	 
(Intercept)	CAG873	NA	-0.101744588861686	0.231628307101508	-0.439258008379339	1	0.004194	0.948364214554564	0.004257	0.947978383631415	 
(Intercept)	CAG95	NA	0.0966017983481763	0.177013692858215	0.545730653874064	1	0.01214	0.912265300431744	0.006493	0.935776645276724	 
(Intercept)	Chao1	NA	-0.0614253683971198	0.168928760052694	-0.363616996762181	1	0.004813	0.94469050062609	0.002899	0.957060758053054	 
(Intercept)	Clostridium	NA	0.0630726933133927	0.158575331612283	0.397745933570585	1	0.002857	0.957372641199972	0.003053	0.955936141383628	 
(Intercept)	ClostridiumQ	NA	0.0273305095045439	0.20874577879807	0.130927243951515	1	0.000706	0.97880217451461	0.002888	0.957142221519931	 
(Intercept)	COE1	NA	0.207750881925701	0.151352956899838	1.37262519465137	1	0.009306	0.923149196488399	2.492e-06	0.998740454385532	 
(Intercept)	D1663	NA	0.00585012758968597	0.167934021240558	0.0348358691495032	1	0.006698	0.934772905718802	0.003289	0.954266547881424	 
(Intercept)	Desulfovibrio	NA	-0.224410606087174	0.243498674971184	-0.921609146800208	1	0.03344	0.854903105202989	0.04082	0.839885766109344	 
(Intercept)	Dorea	NA	0.124142300382253	0.251262134589151	0.494074845719367	1	0.0002364	0.987732764953545	9.549e-05	0.992203277154174	 
(Intercept)	Dubosiella	NA	0.0752344429775806	0.113302607294104	0.664013342449321	1	0.01709	0.895989906687316	0.0003265	0.985583560227946	 
(Intercept)	Duncaniella	NA	-0.0608607163347356	0.207116844039645	-0.293847256204261	1	0.02561	0.872856459909582	0.02356	0.878009769648888	 
(Intercept)	Emergencia	NA	0.155095472774678	0.111912573711804	1.3858628001361	1	0.00214	0.963102913710761	0.003131	0.95537738543262	 
(Intercept)	EnterococcusD	NA	-0.0389866294478037	0.231649540631293	-0.168300050764431	1	0.03113	0.859950672112732	0.006494	0.93577171057851	 
(Intercept)	ErysipelatoclostridiaceaeNOV	NA	-0.090920663563435	0.237280084843948	-0.383178654134546	1	0.004593	0.945967391583456	0.002704	0.958528693415439	 
(Intercept)	Erysipelatoclostridium	NA	-0.0429348418559275	0.251404014593288	-0.170780255539617	1	0.0302	0.862037206049608	0.01573	0.900191612128405	 
(Intercept)	ErysipelotrichaceaeNOV	NA	-0.00372684267097636	0.171743542467303	-0.0217000454132701	1	0.000245	0.987511641130333	9.571e-05	0.99219430114861	 
(Intercept)	Escherichia	NA	-0.125105912675112	0.217936062822692	-0.574048696001705	1	0.000973	0.975115663923193	0.0007071	0.978785670944285	 
(Intercept)	EubacteriumF	NA	-0.0182758371943187	0.20435148644661	-0.0894333460064827	1	0.01846	0.891925963128391	0.01705	0.896111007391515	 
(Intercept)	EubacteriumG	NA	0.0821739347634753	0.132059133910691	0.622251050192771	1	0.02412	0.876579968023446	2.828e-05	0.995756954224891	 
(Intercept)	EubacteriumJ	NA	0.122902120947061	0.202340114891501	0.607403633298142	1	0.003379	0.953645742145217	0.0008507	0.976731590107182	 
(Intercept)	Evtepia	NA	0.0841440002803124	0.242766810633389	0.346604216864641	1	0.01382	0.906417492167372	0.005495	0.940908323148258	 
(Intercept)	Flavonifractor	NA	0.0431257414243201	0.188503412519308	0.228779632410649	1	0.000628	0.98000716282203	0.002045	0.96393061679862	 
(Intercept)	HungatellaA	NA	-0.0323266212571215	0.215395134218512	-0.150080554857507	1	0.002157	0.962956754692155	0.0002065	0.988534707397393	 
(Intercept)	Ileibacterium	NA	-0.280886650396469	0.249245563431322	-1.12694744303389	1	0.004245	0.948051653054998	0.007489	0.931037948031733	 
(Intercept)	Kineothrix	NA	-0.262386577406375	0.223472659090402	-1.17413279313167	1	0.01088	0.916925533771541	0.002961	0.956604471371145	 
(Intercept)	Lachnospira	NA	0.147671128598299	0.259317264585853	0.569461230566889	1	0.02212	0.88176831386097	0.02217	0.881635747427466	 
(Intercept)	LachnospiraceaeNOV	NA	0.0573973616876754	0.19859404124025	0.289018549243573	1	0.007948	0.928961464434717	0.0003729	0.984593312899233	 
(Intercept)	Lactobacillus	NA	-0.312188291198587	0.26819541685961	-1.16403290874283	1	0.001587	0.968222943502301	0.001417	0.969972274961171	 
(Intercept)	Lawsonibacter	NA	0.0550708564603347	0.262235922006361	0.210005006327848	1	0.007537	0.93081785122669	0.001126	0.973231270431404	 
(Intercept)	Ligilactobacillus	NA	-0.216904423454989	0.139859635843484	-1.55087221661098	1	0.2214	0.63797525288864	0.01115	0.915904834235258	 
(Intercept)	Limosilactobacillus	NA	-0.268343670421485	0.195320095309301	-1.37386616567306	1	0.0001452	0.990385806474836	2.97e-05	0.99565173367245	 
(Intercept)	Mailhella	NA	-0.048731806697358	0.17837414336443	-0.273199948031681	1	0.04228	0.837086964128957	0.04184	0.837925065252708	 
(Intercept)	MarseilleP3106	NA	-0.0775376433076345	0.252950038079662	-0.306533432041688	1	0.005106	0.943034618803793	0.01064	0.917843624218772	 
(Intercept)	MuribaculaceaeNOV	NA	-0.147568547008873	0.190238223045971	-0.775703981282525	1	0.03134	0.85948398410863	0.007951	0.928948094317843	 
(Intercept)	Muribaculum	NA	-0.078903987955674	0.164305594736251	-0.480227031114391	1	0.0009373	0.975576295873147	0.0006882	0.979071043065738	 
(Intercept)	Oscillibacter	NA	0.0085661110979169	0.243564032111391	0.0351698525585227	1	0.002904	0.957023780448784	0.000356	0.984946437399	 
(Intercept)	OscillospiraceaeNOV	NA	0.0289023668965061	0.295326495257724	0.0978658107572902	1	0.04694	0.828476120843888	0.02546	0.873226193591281	 
(Intercept)	Paramuribaculum	NA	-0.288008456249555	0.155090460078802	-1.85703528188141	1	0.02277	0.880056717702856	0.007177	0.932486240159082	 
(Intercept)	Parvibacter	NA	-0.155738689363258	0.29367026014169	-0.530318219107774	1	7.389e-09	0.999931414407588	0.0001778	0.989361189570621	 
(Intercept)	PCoA1	NA	-0.215430541948189	0.226532403256355	-0.950992170883372	1	0.01953	0.888857696397493	0.006795	0.934303357311075	 
(Intercept)	PCoA2	NA	-0.313177887727975	0.189389642590508	-1.65361676300915	1	0.001592	0.96817295101063	0.008207	0.927816396192581	 
(Intercept)	PCoA3	NA	0.000111178538878478	0.158380344321627	0.000701971822038124	1	4.481e-06	0.998311009491142	0.0008682	0.976493546342695	 
(Intercept)	Prevotella	NA	-0.0201298657507103	0.228925230927765	-0.0879320539248995	1	0.05015	0.822802467911035	0.06135	0.804374794655757	 
(Intercept)	Romboutsia	NA	0.0191351543078559	0.277603552076368	0.0689297891353779	1	0.0003149	0.985841944871115	0.006916	0.933722336801296	 
(Intercept)	Roseburia	NA	0.0752307732213494	0.116814306145879	0.644020203547675	1	0.04364	0.834524828044549	0.01574	0.90016005773136	 
(Intercept)	RuminiclostridiumE	NA	0.17124657357478	0.178291414145012	0.960486933125665	1	0.001592	0.96817295101063	0.006408	0.936197501700329	 
(Intercept)	Schaedlerella	NA	0.122516894056388	0.275169245449653	0.445241959566315	1	0.03069	0.860933786442128	0.01497	0.902620289789466	 
(Intercept)	Shannon	NA	-0.22242227352222	0.0906574406848441	-2.45343649503007	1	0.0003571	0.984923201192042	0.00197	0.964597771575384	 
(Intercept)	Simpson	NA	-0.242727634584525	0.0789451080370855	-3.07463806966355	1	0.01006	0.920106513672395	5.511e-05	0.994076869816705	 
(Intercept)	Staphylococcus	NA	0.00154105049117234	0.152389303663895	0.0101125896248679	1	0.001652	0.967579066125965	0.000511	0.981965108852867	 
(Intercept)	TF0111	NA	0.192733432506286	0.224480682357017	0.858574691071903	1	0.0004066	0.983912286675112	0.0001938	0.988892842753579	 
(Intercept)	Turicibacter	NA	0.121177961485462	0.19286419840414	0.628307184475668	1	0.0004897	0.982344920846687	0.002313	0.961641600042958	 
(Intercept)	UBA11940	NA	0.1132181544238	0.163044830672734	0.694398920570831	1	0.002128	0.96320643535037	0.01681	0.896840665283471	 
(Intercept)	UBA11957	NA	0.316269164798263	0.181787561957787	1.73977340029294	1	0.05999	0.806511746609648	0.008223	0.927746259957086	 
(Intercept)	UBA1394	NA	-0.0368993157530239	0.178709384861642	-0.206476653599315	1	0.002982	0.956451010761414	0.0004224	0.983602733968552	 
(Intercept)	UBA1405	NA	-0.0154840964180024	0.178398360117126	-0.0867950602675745	1	0.111	0.739008509732614	0.009278	0.923264540722186	 
(Intercept)	UBA2882	NA	0.170499477762489	0.246691521267818	0.69114445801073	1	0.0122	0.912049638407262	0.008555	0.926306159517169	 
(Intercept)	UBA3282	NA	0.0647766992974527	0.210419214206	0.307845932900578	1	0.0002934	0.986333765150401	0.002582	0.959474225714978	 
(Intercept)	UBA3700	NA	-0.153258459486997	0.195688058397791	-0.783177372915909	1	0.0133	0.908187027304563	0.01263	0.910519517692148	 
(Intercept)	UBA3700NOV	NA	-0.312141219442162	0.110209304368891	-2.8322583218325	1	0.00404	0.949319790925592	0.003262	0.954454446975614	 
(Intercept)	UBA3818	NA	0.18335537315113	0.241165428731446	0.760288794772939	1	0.002606	0.9592864781965	0.0004536	0.983008029212814	 
(Intercept)	UBA7160	NA	0.0581414415278879	0.172147540474247	0.337741923978203	1	0.02615	0.871534531514724	0.01142	0.914896556053044	 
(Intercept)	UBA7173	NA	-0.175653271395997	0.226173313594452	-0.776631286001132	1	0.0004666	0.982766294938709	0.0003644	0.984769895959202	 
(Intercept)	UBA7182	NA	0.187255089070051	0.231685586408653	0.808229342069494	1	0.01945	0.889084088965195	0.001274	0.971527043270244	 
(Intercept)	UBA946	NA	0.00216153520454453	0.294466083179617	0.00734052350343538	1	0.006655	0.934982150616425	0.002648	0.95895999386077	 
(Intercept)	UBA9475	NA	0.0837175847713568	0.301208963677422	0.277938557170609	1	0.000415	0.983746979917838	0.0003093	0.985968385837736	 
(Intercept)	UBA9502	NA	0.138993329327482	0.186000970909471	0.74727206340838	1	0.02686	0.869817576422083	0.002378	0.961106781046223	 
(Intercept)	UMGS1004	NA	-0.225744996500591	0.169214106107688	-1.33407906523423	1	3.778e-07	0.999509576795297	4.621e-05	0.99457618708401	 
(Intercept)	UMGS1217	NA	0.177543739375877	0.152777161467877	1.16210916389625	1	0.0001836	0.989189068622471	0.000293	0.986343083187428	 
(Intercept)	UMGS1370	NA	0.225318652291953	0.222062558909251	1.01466295533428	1	0.02535	0.873498041993318	0.002914	0.956949920894151	 
(Intercept)	UMGS1815	NA	-0.460332237786423	0.0996135971625842	-4.62117874365176	1	0.1811	0.670429617275317	0.1734	0.677107629845343	 
(Intercept)	UMGS1872	NA	0.0806308911514823	0.288433663350552	0.27954743636663	1	0.003922	0.950064425980772	0.0027	0.958559351193982	 
(Intercept)	UMGS268	NA	-0.000237309135545119	0.235204273822456	-0.00100894907940428	1	0.002348	0.961352698034704	0.0007979	0.977465052887102	 
(Intercept)	uniq	NA	-0.164436099020575	0.12829461504031	-1.28170694435546	1	0.02159	0.883183041624741	0.001826	0.965915392764986	 
(Intercept)	X142	NA	0.0455257577131827	0.213264398114578	0.213470968974032	1	0.003222	0.954734255944466	0.002416	0.960797507652558	 
(Intercept)	X1XD4269	NA	0.04134304208938	0.125498451927427	0.329430693800811	1	0.02043	0.886342660750451	0.009313	0.923120387805506	 
(Intercept)	X1XD876	NA	0.0811234825641393	0.22203870095904	0.365357400370957	1	0.0002066	0.988531931824626	9.101e-05	0.992388363654806	 
age.wks.scaled	Acetatifactor	NA	-0.0391381304307422	0.0827730635225908	-0.472836557753604	1	0.4438	0.505294036634135	0.2236	0.636310483722863	A
age.wks.scaled	Acutalibacter	NA	-0.0719298487912451	0.0894107415366505	-0.804487778034591	1	3.891	0.048545510393803	0.6472	0.421115534961994	A
age.wks.scaled	Adlercreutzia	NA	0.0899616133064946	0.127397955126379	0.706146446520688	1	2.379	0.122976245230804	0.4987	0.480071888476573	A
age.wks.scaled	AF3328	NA	-0.04395640252735	0.074361477724596	-0.591117926544524	1	0.09677	0.755740741499797	0.3494	0.554452972155405	A
age.wks.scaled	Akkermansia	NA	-0.175436461383223	0.0863811985501351	-2.03095655452617	1	0.1352	0.713100276784251	4.124	0.0422790011255052	A
age.wks.scaled	Alistipes	NA	-0.0793215260222945	0.0937140786159652	-0.8464205932958	1	0.1644	0.685137431788717	0.7162	0.397393213906211	A
age.wks.scaled	AM0715	NA	-0.18207282154544	0.0659609905922977	-2.76031060040964	1	25.21	5.14149147479159e-07	7.618	0.0057788542026409	A
age.wks.scaled	Anaerotignum	NA	0.226196841980075	0.0838673017321735	2.69708023637656	1	9.425	0.00214047098307657	7.273	0.0069998790619541	A
age.wks.scaled	Anaerotruncus	NA	-0.127074486410308	0.0685740091386447	-1.85309985527295	1	12.51	0.000404779603894179	3.434	0.0638672384429665	A
age.wks.scaled	AnaerovoracaceaeNOV	NA	-0.0263102591700622	0.118451919822027	-0.222117625527666	1	0.01754	0.894637333726523	0.04935	0.82419820642886	A
age.wks.scaled	Angelakisella	NA	-0.254199240304476	0.0941614776797104	-2.69960971905234	1	13.86	0.000196945907334989	7.288	0.00694167120781142	A
age.wks.scaled	ASF356	NA	-0.26489311418052	0.0822885498024925	-3.21907622404711	1	20.61	5.63012614074321e-06	10.36	0.00128775204274723	A
age.wks.scaled	Bacteroides	NA	-0.00901833383612097	0.085237477464289	-0.105802448692822	1	1.06	0.303215184953177	0.01119	0.915754686733257	A
age.wks.scaled	Bifidobacterium	NA	0.227254699624434	0.109576598467788	2.07393460649573	1	4.537	0.0331696754202148	4.269	0.0388137660327987	A
age.wks.scaled	BorkfalkiaceaeNOV	NA	-0.0107212707114979	0.104837609328153	-0.102265501666861	1	0.1395	0.70877858668833	0.01048	0.918461509930157	A
age.wks.scaled	ButyricicoccaceaeNOV	NA	0.0335017504112306	0.0655597125939345	0.511011245865805	1	2.33	0.12690187724173	0.2611	0.609365445347504	A
age.wks.scaled	CAG115	NA	-0.0266552706214102	0.0936694559417216	-0.2845673688763	1	1.049	0.305737508276882	0.08102	0.775919867993458	A
age.wks.scaled	CAG145	NA	-0.134537897202206	0.0938465274702565	-1.43359483647219	1	4.502	0.0338552343109695	2.055	0.151707254662441	A
age.wks.scaled	CAG273	NA	-0.00197802252783378	0.0771504868953063	-0.02563849701322	1	2.411	0.120485378070018	0.0006571	0.979549297326968	A
age.wks.scaled	CAG274NOV	NA	0.00115454753326561	0.0725216273199528	0.0159200444878595	1	18.16	2.03100116783483e-05	0.0002537	0.987291861715463	A
age.wks.scaled	CAG303	NA	0.0281546858502576	0.101758427227716	0.276681613673656	1	1.669	0.196392529757694	0.07637	0.782278314649869	A
age.wks.scaled	CAG41	NA	0.0532528100012167	0.0855706802897273	0.622325425261456	1	0.1964	0.657642489950217	0.3873	0.533722061597727	A
age.wks.scaled	CAG475	NA	-0.38844075213099	0.0678381368386023	-5.72599381753589	1	35.75	2.24331964115976e-09	32.79	1.02671664503617e-08	A
age.wks.scaled	CAG485	NA	-0.117887305764395	0.0914624101057116	-1.28891536564739	1	0.1885	0.664167997591443	1.665	0.19692958386696	A
age.wks.scaled	CAG510	NA	-0.0820949450636353	0.0795328273704372	-1.03221459336866	1	6.191	0.0128401609979221	1.065	0.302077564782314	A
age.wks.scaled	CAG552NOV	NA	-0.239671114166067	0.0801820357987791	-2.98908741563427	1	5.727	0.0167059982536035	8.934	0.0027991067404326	A
age.wks.scaled	CAG56	NA	-0.0624308176765118	0.0820648705596866	-0.760749602731722	1	2.285	0.130630141857143	0.5793	0.446586829444899	A
age.wks.scaled	CAG582	NA	0.09042538151087	0.0797346628795559	1.13407868353897	1	2.942	0.0863038120873579	1.286	0.256786410350288	A
age.wks.scaled	CAG776	NA	0.110772182344271	0.0709550152334278	1.5611607154174	1	8.417	0.00371728651567815	2.437	0.11850266743181	A
age.wks.scaled	CAG81	NA	-0.153779192428977	0.0907012615269126	-1.69544711771565	1	8.588	0.00338385448427281	2.874	0.090020878559172	A
age.wks.scaled	CAG873	NA	-0.0800834713630731	0.0715589280558568	-1.11912620184252	1	0.000631	0.979959476144217	1.252	0.263170831656465	A
age.wks.scaled	CAG95	NA	-0.0480205651410327	0.0938464857720477	-0.511692736770925	1	2.222	0.136056707062924	0.2619	0.608817824018663	A
age.wks.scaled	Chao1	NA	-0.0888323294887305	0.0589961163284323	-1.50573181790814	1	1.387	0.238912381797733	2.269	0.131985041446009	A
age.wks.scaled	Clostridium	NA	0.0899070339369125	0.0824960903109313	1.08983387695161	1	0.6209	0.430713036881666	1.188	0.275733351486815	A
age.wks.scaled	ClostridiumQ	NA	-0.20820957091538	0.0802262170807915	-2.59528092550722	1	10.4	0.0012601531376103	6.734	0.00945922446827319	A
age.wks.scaled	COE1	NA	-0.172971121009342	0.0554591737618908	-3.11889105582385	1	54.44	1.60316204755873e-13	9.728	0.00181481857618071	A
age.wks.scaled	D1663	NA	0.0739136528156658	0.132890445669961	0.55619990167866	1	0.3585	0.549340479503569	0.3095	0.577987167473291	A
age.wks.scaled	Desulfovibrio	NA	-0.0708177482537866	0.0888459062786261	-0.797085101835731	1	0.5058	0.47696267824329	0.6354	0.425381449169272	A
age.wks.scaled	Dorea	NA	-0.0710635194928097	0.0929118418422387	-0.764848894218169	1	3.915	0.0478570153716216	0.586	0.443970075738505	A
age.wks.scaled	Dubosiella	NA	-0.121041109700543	0.078982917305819	-1.53249732764208	1	7.433	0.00640384945510064	2.349	0.125363403471652	A
age.wks.scaled	Duncaniella	NA	-0.0323630154631856	0.0883015223043695	-0.366505747790309	1	0.1507	0.697867308827109	0.1342	0.714116472487579	A
age.wks.scaled	Emergencia	NA	-0.0330361490180901	0.0875977784615797	-0.377134552933665	1	3.423	0.0642940757437727	0.1422	0.706103636470568	A
age.wks.scaled	EnterococcusD	NA	0.231397373798905	0.0679226625243346	3.40677713739509	1	24.04	9.43550190868336e-07	11.6	0.000659518193691033	A
age.wks.scaled	ErysipelatoclostridiaceaeNOV	NA	0.0217035562505055	0.0780380180418705	0.278115164827235	1	1.707	0.191375068249458	0.07726	0.7810454970991	A
age.wks.scaled	Erysipelatoclostridium	NA	0.0908129551686591	0.0811550493524374	1.11900560585306	1	4.3	0.0381123730452139	1.252	0.263170831656465	A
age.wks.scaled	ErysipelotrichaceaeNOV	NA	-0.0600314271145914	0.0908021244232995	-0.661123597006807	1	0.5608	0.45393808991059	0.4371	0.508525493214093	A
age.wks.scaled	Escherichia	NA	0.130834636176288	0.0812752880275186	1.60977142439642	1	10.9	0.000961642600724621	2.591	0.107472462515914	A
age.wks.scaled	EubacteriumF	NA	0.0790873976757874	0.0979205371763985	0.807669156607217	1	1.605	0.205196074673044	0.6521	0.419362873915274	A
age.wks.scaled	EubacteriumG	NA	-0.227313187297025	0.0855357961796489	-2.65752114845117	1	15.44	8.51663890789611e-05	7.063	0.00786921119572326	A
age.wks.scaled	EubacteriumJ	NA	-0.1603827215108	0.0717591886613363	-2.23501302763773	1	16.73	4.30941410481944e-05	4.996	0.0254059689630338	A
age.wks.scaled	Evtepia	NA	-0.0593649866851577	0.104806253305992	-0.566425998569337	1	1.845	0.174366045571529	0.3209	0.571067279298904	A
age.wks.scaled	Flavonifractor	NA	-0.0256440052109342	0.0841103904198677	-0.304885104954605	1	0.5224	0.469819702039937	0.09296	0.760447324348888	A
age.wks.scaled	HungatellaA	NA	-0.21328836030043	0.0667513687940346	-3.19526571744984	1	11.24	0.000800531560802287	10.21	0.00139681173438777	A
age.wks.scaled	Ileibacterium	NA	-0.0805202356560261	0.0887210844577326	-0.907565954002586	1	1.861	0.172509430287531	0.8268	0.363199477460376	A
age.wks.scaled	Kineothrix	NA	-0.0609434765323841	0.0678906532460866	-0.897671087527753	1	5.938	0.0148178239771726	0.8058	0.369364902690734	A
age.wks.scaled	Lachnospira	NA	0.0860581357676147	0.0879014595304069	0.979029656929023	1	0.000722	0.978563375396714	0.958	0.327691291252304	A
age.wks.scaled	LachnospiraceaeNOV	NA	-0.156637781048603	0.0968646729913293	-1.61707850975375	1	5.094	0.0240087530687846	2.614	0.105924280100131	A
age.wks.scaled	Lactobacillus	NA	-0.0964009955037803	0.087468492988156	-1.10212251532485	1	3.122	0.0772419250142486	1.217	0.269950207699995	A
age.wks.scaled	Lawsonibacter	NA	-0.126501677663115	0.108798625650194	-1.16271393050349	1	2.841	0.0918870125777255	1.352	0.244928778236031	A
age.wks.scaled	Ligilactobacillus	NA	0.450296265077767	0.120147743951326	3.74785451868485	1	32.92	9.60302370955901e-09	14.04	0.000178962942637861	A
age.wks.scaled	Limosilactobacillus	NA	-0.133188280257391	0.097468573331514	-1.36647409216082	1	0.6727	0.412111845025676	1.868	0.171704317857003	A
age.wks.scaled	Mailhella	NA	-0.0137215013236347	0.106561574985076	-0.128765939557071	1	0.00155	0.96859536650158	0.01671	0.897146251780069	A
age.wks.scaled	MarseilleP3106	NA	-0.169985068255436	0.108019748304703	-1.57364806827674	1	1.074	0.300043685280419	2.476	0.115595901943894	A
age.wks.scaled	MuribaculaceaeNOV	NA	0.0766057924686385	0.101388869706219	0.755564123464524	1	5.067	0.0243855514462186	0.5709	0.449901501863671	A
age.wks.scaled	Muribaculum	NA	-0.0301517382056052	0.077649228804324	-0.388306988619134	1	0.2045	0.651112833784567	0.1508	0.697772019016131	A
age.wks.scaled	Oscillibacter	NA	-0.217799373490723	0.105487991422236	-2.06468405127688	1	5.12	0.023651616655356	4.263	0.0389510756722606	A
age.wks.scaled	OscillospiraceaeNOV	NA	-0.140613159676424	0.0932096230776015	-1.50856912659498	1	5.093	0.024022600284111	2.277	0.131305641717996	A
age.wks.scaled	Paramuribaculum	NA	-0.0592289369635073	0.0829202145964012	-0.714288273996796	1	4.115	0.0425045251804963	0.5102	0.475052290433064	A
age.wks.scaled	Parvibacter	NA	-5.59985386152848e-06	0.115811458739245	-4.83531933928646e-05	1	0.7965	0.372141876480263	9.434e-09	0.999922502445757	A
age.wks.scaled	PCoA1	NA	0.0619039086774356	0.0795552830481551	0.778124422484487	1	10.56	0.00115561195933322	0.6055	0.436487188164448	A
age.wks.scaled	PCoA2	NA	0.107394138199183	0.0849301391018649	1.2644997327789	1	17.8	2.45383243527852e-05	1.599	0.20604498288913	A
age.wks.scaled	PCoA3	NA	-0.107412285352735	0.0929146587168566	-1.15603164060536	1	1.919	0.165966941646609	1.333	0.248272215150791	A
age.wks.scaled	Prevotella	NA	-0.272526101258485	0.0700303160338404	-3.89154464370536	1	15.79	7.07755952561451e-05	15.14	9.98256408034637e-05	A
age.wks.scaled	Romboutsia	NA	0.282126806454968	0.0713191373282324	3.95583593722585	1	21.25	4.03110370938986e-06	15.65	7.62125813762449e-05	A
age.wks.scaled	Roseburia	NA	0.156874691350642	0.101696928133485	1.54257059903256	1	1.656	0.198144262377328	2.38	0.122897546928796	A
age.wks.scaled	RuminiclostridiumE	NA	-0.0527286205218776	0.0866900560976229	-0.608243008431084	1	6.805	0.00909029537388084	0.37	0.543004268138499	A
age.wks.scaled	Schaedlerella	NA	-0.0656027843707823	0.0931366568744312	-0.70437126017127	1	4.104	0.0427818843849265	0.4961	0.481218779120953	A
age.wks.scaled	Shannon	NA	-0.0522414499430523	0.0665095576706868	-0.785472821841921	1	3.7	0.0544124679916013	0.617	0.432164294238805	A
age.wks.scaled	Simpson	NA	-0.0384776280040364	0.0649337929959877	-0.592567078384193	1	6.569	0.0103770240978049	0.3512	0.553434624001455	A
age.wks.scaled	Staphylococcus	NA	0.0884167329691898	0.134237806583773	0.658657461853057	1	0.6456	0.42169020099595	0.4337	0.510178977157406	A
age.wks.scaled	TF0111	NA	-0.110979794242626	0.0789849248120336	-1.4050756458493	1	15.43	8.56182342044987e-05	1.978	0.159601261250116	A
age.wks.scaled	Turicibacter	NA	0.150141282405533	0.0733992991058862	2.04554109146108	1	1.268	0.260142214088562	4.185	0.0407832126955424	A
age.wks.scaled	UBA11940	NA	-0.174655322096482	0.0761148861903474	-2.2946276456317	1	15.57	7.95061232433669e-05	5.261	0.0218084846827584	A
age.wks.scaled	UBA11957	NA	-0.132376636927474	0.087405124571846	-1.51451802827261	1	21.31	3.90688124485283e-06	2.294	0.129874833066197	A
age.wks.scaled	UBA1394	NA	-0.111201555303863	0.080102137424368	-1.38824704158311	1	1.665	0.19692958386696	1.926	0.165196730156709	A
age.wks.scaled	UBA1405	NA	-0.561640511330198	0.120154320799197	-4.67432637956329	1	25.98	3.44972705512703e-07	21.83	2.97905615131988e-06	A
age.wks.scaled	UBA2882	NA	0.0423285912662471	0.112096766737274	0.377607601880742	1	0.675	0.411313791776259	0.1425	0.705808215213738	A
age.wks.scaled	UBA3282	NA	-0.06724859377803	0.0614200575555541	-1.0948963002388	1	4.723	0.0297617757765305	1.199	0.273521637701835	A
age.wks.scaled	UBA3700	NA	-0.121980818473752	0.0616518649312263	-1.97854223241785	1	0.2912	0.589452566381645	3.915	0.0478570153716216	A
age.wks.scaled	UBA3700NOV	NA	-0.17416477554103	0.0706361624963031	-2.46566021406025	1	0.9387	0.332612392776207	6.081	0.0136643400009178	A
age.wks.scaled	UBA3818	NA	0.0411029255879385	0.0845466951422758	0.486156502259139	1	1.406	0.235721552587769	0.2363	0.626891315391428	A
age.wks.scaled	UBA7160	NA	0.150751218722345	0.101845260182758	1.48019867053044	1	1.809	0.178628235853534	2.191	0.138819163089907	A
age.wks.scaled	UBA7173	NA	-0.0806406506172022	0.0754682290100731	-1.06853773667378	1	0.5649	0.452292667798987	1.139	0.285863731733237	A
age.wks.scaled	UBA7182	NA	-0.13534115895587	0.0685443896219648	-1.97450381719499	1	24.94	5.91425017737457e-07	3.899	0.0483148578154425	A
age.wks.scaled	UBA946	NA	-0.0801710034868467	0.0827009372164787	-0.969408644995043	1	1.694	0.193074519353201	0.94	0.332277841656771	A
age.wks.scaled	UBA9475	NA	-0.0887246154215209	0.0999706826868198	-0.88750634723052	1	2.318	0.127884359317546	0.7892	0.374342137579347	A
age.wks.scaled	UBA9502	NA	-0.209504609692206	0.0662329927793418	-3.16314575109388	1	33.17	8.44433389879384e-09	10.01	0.00155692522390594	A
age.wks.scaled	UMGS1004	NA	-0.137091514760237	0.0810344085052004	-1.69176917915602	1	0.06021	0.806164334341318	2.862	0.0906946689214312	A
age.wks.scaled	UMGS1217	NA	0.190128352151956	0.0795687314967491	2.38948577632815	1	1.058	0.303671782163702	5.71	0.016868539397458	A
age.wks.scaled	UMGS1370	NA	-0.127411087043464	0.0818039867797011	-1.55751684067163	1	16.6	4.61510214004868e-05	2.426	0.119337065659701	A
age.wks.scaled	UMGS1815	NA	-0.103981953524183	0.0776933677130471	-1.33836331961088	1	10.37	0.00128079547830695	1.791	0.180804370363418	A
age.wks.scaled	UMGS1872	NA	0.0752279601244743	0.0818170742155573	0.919465293103453	1	0.2221	0.637444461280088	0.8461	0.35765797522587	A
age.wks.scaled	UMGS268	NA	-0.221634826064673	0.0855303360852393	-2.59130077360847	1	8.881	0.00288153668587454	6.715	0.00956052909326721	A
age.wks.scaled	uniq	NA	0.139607932752063	0.0634977559978284	2.19862781854586	1	26.67	2.41339676243513e-07	4.831	0.0279524131093187	A
age.wks.scaled	X142	NA	0.0160771212544103	0.0797318561793142	0.2016398717503	1	0.09965	0.752250052630585	0.04065	0.8402150192126	A
age.wks.scaled	X1XD4269	NA	-0.0886313755323942	0.0947838439432106	-0.935089481974348	1	2.14	0.143501891388936	0.8765	0.34916209646839	A
age.wks.scaled	X1XD876	NA	-0.0103878694230058	0.0725091257575167	-0.143262924693709	1	1.299	0.254395965911183	0.02053	0.886066731181684	A
Diet.5mo.as.AL	Acetatifactor	AL	0	NA	NA	4	12.044	0.0170270517160132	12.044	0.0170270517160132	A
Diet.5mo.as.AL	Acetatifactor	1D	0.149674834680174	0.191770417476373	0.78048969517738	4	12.044	0.0170270517160132	12.044	0.0170270517160132	A
Diet.5mo.as.AL	Acetatifactor	2D	0.386816490107283	0.185133871587492	2.08938800226234	4	12.044	0.0170270517160132	12.044	0.0170270517160132	A
Diet.5mo.as.AL	Acetatifactor	20	0.00240117446801704	0.183497632692777	0.0130855882595348	4	12.044	0.0170270517160132	12.044	0.0170270517160132	A
Diet.5mo.as.AL	Acetatifactor	40	0.539110495064625	0.188357557663244	2.86216545676642	4	12.044	0.0170270517160132	12.044	0.0170270517160132	A
Diet.5mo.as.AL	Acutalibacter	AL	0	NA	NA	4	6.72	0.15144572899906	6.72	0.15144572899906	A
Diet.5mo.as.AL	Acutalibacter	1D	-0.0327989045146604	0.193514415380289	-0.169490755767238	4	6.72	0.15144572899906	6.72	0.15144572899906	A
Diet.5mo.as.AL	Acutalibacter	2D	-0.254328636668378	0.187397116402342	-1.35716408849288	4	6.72	0.15144572899906	6.72	0.15144572899906	A
Diet.5mo.as.AL	Acutalibacter	20	-0.363550222788706	0.18575885975638	-1.95710838915299	4	6.72	0.15144572899906	6.72	0.15144572899906	A
Diet.5mo.as.AL	Acutalibacter	40	-0.365526961430398	0.190101593200359	-1.92279799067832	4	6.72	0.15144572899906	6.72	0.15144572899906	A
Diet.5mo.as.AL	Adlercreutzia	AL	0	NA	NA	4	23.972	8.09136399178012e-05	23.972	8.09136399178012e-05	A
Diet.5mo.as.AL	Adlercreutzia	1D	0.260889690265117	0.183004334829839	1.42559295389203	4	23.972	8.09136399178012e-05	23.972	8.09136399178012e-05	A
Diet.5mo.as.AL	Adlercreutzia	2D	0.573815753877069	0.177045451866421	3.24106464090366	4	23.972	8.09136399178012e-05	23.972	8.09136399178012e-05	A
Diet.5mo.as.AL	Adlercreutzia	20	0.535115297626073	0.175781779067102	3.04420230848728	4	23.972	8.09136399178012e-05	23.972	8.09136399178012e-05	A
Diet.5mo.as.AL	Adlercreutzia	40	-0.123700162401235	0.179812662909296	-0.687939105065329	4	23.972	8.09136399178012e-05	23.972	8.09136399178012e-05	A
Diet.5mo.as.AL	AF3328	AL	0	NA	NA	4	0.9356	0.91939878339449	0.9356	0.91939878339449	A
Diet.5mo.as.AL	AF3328	1D	0.0860066332251478	0.209527803786256	0.410478378864149	4	0.9356	0.91939878339449	0.9356	0.91939878339449	A
Diet.5mo.as.AL	AF3328	2D	0.185912265592747	0.203974729693774	0.911447539956815	4	0.9356	0.91939878339449	0.9356	0.91939878339449	A
Diet.5mo.as.AL	AF3328	20	0.0197382845534039	0.202116626381276	0.0976578963680568	4	0.9356	0.91939878339449	0.9356	0.91939878339449	A
Diet.5mo.as.AL	AF3328	40	0.0391873211744446	0.206828370584317	0.189467823315222	4	0.9356	0.91939878339449	0.9356	0.91939878339449	A
Diet.5mo.as.AL	Akkermansia	AL	0	NA	NA	4	19.448	0.000641619069781107	19.448	0.000641619069781107	A
Diet.5mo.as.AL	Akkermansia	1D	0.700807538360705	0.23277529796917	3.01066111599832	4	19.448	0.000641619069781107	19.448	0.000641619069781107	A
Diet.5mo.as.AL	Akkermansia	2D	0.481620172717679	0.228127859178412	2.11118525572547	4	19.448	0.000641619069781107	19.448	0.000641619069781107	A
Diet.5mo.as.AL	Akkermansia	20	0.388219161759715	0.224968336916128	1.72566134008649	4	19.448	0.000641619069781107	19.448	0.000641619069781107	A
Diet.5mo.as.AL	Akkermansia	40	0.947105175841201	0.230498864579596	4.10893640438799	4	19.448	0.000641619069781107	19.448	0.000641619069781107	A
Diet.5mo.as.AL	Alistipes	AL	0	NA	NA	4	6.724	0.151212471946395	6.724	0.151212471946395	A
Diet.5mo.as.AL	Alistipes	1D	-0.230162266186463	0.263717140581321	-0.872761875390836	4	6.724	0.151212471946395	6.724	0.151212471946395	A
Diet.5mo.as.AL	Alistipes	2D	0.146773238978898	0.260249005159699	0.563972334452662	4	6.724	0.151212471946395	6.724	0.151212471946395	A
Diet.5mo.as.AL	Alistipes	20	0.201611030683348	0.259081870690759	0.77817498440094	4	6.724	0.151212471946395	6.724	0.151212471946395	A
Diet.5mo.as.AL	Alistipes	40	0.497574184095161	0.262248159281411	1.89734099739182	4	6.724	0.151212471946395	6.724	0.151212471946395	A
Diet.5mo.as.AL	AM0715	AL	0	NA	NA	4	8.964	0.0620056355488025	8.964	0.0620056355488025	A
Diet.5mo.as.AL	AM0715	1D	-0.301561590985947	0.17799785786468	-1.69418663012902	4	8.964	0.0620056355488025	8.964	0.0620056355488025	A
Diet.5mo.as.AL	AM0715	2D	0.0126481778235265	0.170863754772594	0.0740249319720277	4	8.964	0.0620056355488025	8.964	0.0620056355488025	A
Diet.5mo.as.AL	AM0715	20	-0.334771117442703	0.168011999794915	-1.9925429008127	4	8.964	0.0620056355488025	8.964	0.0620056355488025	A
Diet.5mo.as.AL	AM0715	40	-0.371662547295079	0.174258593885444	-2.13282191143702	4	8.964	0.0620056355488025	8.964	0.0620056355488025	A
Diet.5mo.as.AL	Anaerotignum	AL	0	NA	NA	4	1.244	0.870802529951948	1.244	0.870802529951948	A
Diet.5mo.as.AL	Anaerotignum	1D	-0.129941854735366	0.193243402293134	-0.672425827704356	4	1.244	0.870802529951948	1.244	0.870802529951948	A
Diet.5mo.as.AL	Anaerotignum	2D	0.087667509284257	0.187350408492078	0.467933376766372	4	1.244	0.870802529951948	1.244	0.870802529951948	A
Diet.5mo.as.AL	Anaerotignum	20	-0.000934467472872042	0.184892351039341	-0.0050541164500267	4	1.244	0.870802529951948	1.244	0.870802529951948	A
Diet.5mo.as.AL	Anaerotignum	40	-0.0611490104413906	0.189605699296389	-0.322506183454977	4	1.244	0.870802529951948	1.244	0.870802529951948	A
Diet.5mo.as.AL	Anaerotruncus	AL	0	NA	NA	4	5.804	0.214271632565866	5.804	0.214271632565866	A
Diet.5mo.as.AL	Anaerotruncus	1D	-0.0194913084331944	0.178748455454661	-0.109043227163092	4	5.804	0.214271632565866	5.804	0.214271632565866	A
Diet.5mo.as.AL	Anaerotruncus	2D	-0.24681784759685	0.171800178718752	-1.43665652409424	4	5.804	0.214271632565866	5.804	0.214271632565866	A
Diet.5mo.as.AL	Anaerotruncus	20	-0.239995335203097	0.169895685187382	-1.41260406312497	4	5.804	0.214271632565866	5.804	0.214271632565866	A
Diet.5mo.as.AL	Anaerotruncus	40	-0.348338399249962	0.175195735307311	-1.98828127088221	4	5.804	0.214271632565866	5.804	0.214271632565866	A
Diet.5mo.as.AL	AnaerovoracaceaeNOV	AL	0	NA	NA	4	0.4112	0.981549698132435	0.4112	0.981549698132435	A
Diet.5mo.as.AL	AnaerovoracaceaeNOV	1D	0.0105219149766194	0.181767925713467	0.0578865327054772	4	0.4112	0.981549698132435	0.4112	0.981549698132435	A
Diet.5mo.as.AL	AnaerovoracaceaeNOV	2D	0.0905624179897632	0.175030279209362	0.517410006993345	4	0.4112	0.981549698132435	0.4112	0.981549698132435	A
Diet.5mo.as.AL	AnaerovoracaceaeNOV	20	-0.00537657701136028	0.173366896430834	-0.0310127084354037	4	0.4112	0.981549698132435	0.4112	0.981549698132435	A
Diet.5mo.as.AL	AnaerovoracaceaeNOV	40	0.051833318024086	0.177686626867823	0.291711981581166	4	0.4112	0.981549698132435	0.4112	0.981549698132435	A
Diet.5mo.as.AL	Angelakisella	AL	0	NA	NA	4	12.792	0.0123381315449973	12.792	0.0123381315449973	A
Diet.5mo.as.AL	Angelakisella	1D	0.236577634656474	0.196759541343289	1.20236931353542	4	12.792	0.0123381315449973	12.792	0.0123381315449973	A
Diet.5mo.as.AL	Angelakisella	2D	-0.144998531999065	0.191484399354571	-0.757234179326387	4	12.792	0.0123381315449973	12.792	0.0123381315449973	A
Diet.5mo.as.AL	Angelakisella	20	-0.424545255146106	0.190120708791745	-2.23303004624892	4	12.792	0.0123381315449973	12.792	0.0123381315449973	A
Diet.5mo.as.AL	Angelakisella	40	-0.30396063043299	0.193875122664232	-1.56781657314235	4	12.792	0.0123381315449973	12.792	0.0123381315449973	A
Diet.5mo.as.AL	ASF356	AL	0	NA	NA	4	4.248	0.373481888074594	4.248	0.373481888074594	A
Diet.5mo.as.AL	ASF356	1D	-0.0706882555509879	0.19097526600641	-0.370143511404325	4	4.248	0.373481888074594	4.248	0.373481888074594	A
Diet.5mo.as.AL	ASF356	2D	-0.310975982542388	0.185543868337163	-1.67602403318064	4	4.248	0.373481888074594	4.248	0.373481888074594	A
Diet.5mo.as.AL	ASF356	20	-0.0233234637801386	0.183721291079188	-0.126950249713223	4	4.248	0.373481888074594	4.248	0.373481888074594	A
Diet.5mo.as.AL	ASF356	40	-0.252670182917652	0.187729503460443	-1.34592686956578	4	4.248	0.373481888074594	4.248	0.373481888074594	A
Diet.5mo.as.AL	Bacteroides	AL	0	NA	NA	4	11.664	0.0200328361641628	11.664	0.0200328361641628	A
Diet.5mo.as.AL	Bacteroides	1D	0.49207775871536	0.199097318580911	2.47154387724908	4	11.664	0.0200328361641628	11.664	0.0200328361641628	A
Diet.5mo.as.AL	Bacteroides	2D	0.426545249270305	0.193330662037198	2.20629901525003	4	11.664	0.0200328361641628	11.664	0.0200328361641628	A
Diet.5mo.as.AL	Bacteroides	20	0.245534299837578	0.191515330925379	1.28206080761882	4	11.664	0.0200328361641628	11.664	0.0200328361641628	A
Diet.5mo.as.AL	Bacteroides	40	-0.0598421097922329	0.195774917791318	-0.305667909185488	4	11.664	0.0200328361641628	11.664	0.0200328361641628	A
Diet.5mo.as.AL	Bifidobacterium	AL	0	NA	NA	4	0.8044	0.937857211406328	0.8044	0.937857211406328	A
Diet.5mo.as.AL	Bifidobacterium	1D	-0.170538296490345	0.274230639947347	-0.621879074209538	4	0.8044	0.937857211406328	0.8044	0.937857211406328	A
Diet.5mo.as.AL	Bifidobacterium	2D	-0.0290070455903653	0.271389651500071	-0.106883388626031	4	0.8044	0.937857211406328	0.8044	0.937857211406328	A
Diet.5mo.as.AL	Bifidobacterium	20	-0.199549526076827	0.268069382268492	-0.744395068128157	4	0.8044	0.937857211406328	0.8044	0.937857211406328	A
Diet.5mo.as.AL	Bifidobacterium	40	-0.0606985756339272	0.272265399584171	-0.222938998957017	4	0.8044	0.937857211406328	0.8044	0.937857211406328	A
Diet.5mo.as.AL	BorkfalkiaceaeNOV	AL	0	NA	NA	4	21.744	0.000225358675072118	21.744	0.000225358675072118	A
Diet.5mo.as.AL	BorkfalkiaceaeNOV	1D	-0.117573164073835	0.219224849256371	-0.536313125417366	4	21.744	0.000225358675072118	21.744	0.000225358675072118	A
Diet.5mo.as.AL	BorkfalkiaceaeNOV	2D	-0.317664285053029	0.214603976159365	-1.48023485276494	4	21.744	0.000225358675072118	21.744	0.000225358675072118	A
Diet.5mo.as.AL	BorkfalkiaceaeNOV	20	0.354697220252791	0.207883936692503	1.70622716644746	4	21.744	0.000225358675072118	21.744	0.000225358675072118	A
Diet.5mo.as.AL	BorkfalkiaceaeNOV	40	0.613994648069705	0.21470844490437	2.85966696998423	4	21.744	0.000225358675072118	21.744	0.000225358675072118	A
Diet.5mo.as.AL	ButyricicoccaceaeNOV	AL	0	NA	NA	4	22.628	0.000150242008570944	22.628	0.000150242008570944	A
Diet.5mo.as.AL	ButyricicoccaceaeNOV	1D	-0.510690385847653	0.167154841480121	-3.05519350397271	4	22.628	0.000150242008570944	22.628	0.000150242008570944	A
Diet.5mo.as.AL	ButyricicoccaceaeNOV	2D	-0.612517185082964	0.160391463062405	-3.81888894451101	4	22.628	0.000150242008570944	22.628	0.000150242008570944	A
Diet.5mo.as.AL	ButyricicoccaceaeNOV	20	-0.367724745931936	0.157891705716049	-2.32896810040959	4	22.628	0.000150242008570944	22.628	0.000150242008570944	A
Diet.5mo.as.AL	ButyricicoccaceaeNOV	40	-0.0223273890239922	0.162983949696395	-0.136991336052314	4	22.628	0.000150242008570944	22.628	0.000150242008570944	A
Diet.5mo.as.AL	CAG115	AL	0	NA	NA	4	6.948	0.138661837054133	6.948	0.138661837054133	A
Diet.5mo.as.AL	CAG115	1D	0.0559124995269785	0.183150287867563	0.305282072870172	4	6.948	0.138661837054133	6.948	0.138661837054133	A
Diet.5mo.as.AL	CAG115	2D	-0.163054313428045	0.17503770334864	-0.931538236098045	4	6.948	0.138661837054133	6.948	0.138661837054133	A
Diet.5mo.as.AL	CAG115	20	-0.255050924464694	0.160222461959763	-1.59185498303444	4	6.948	0.138661837054133	6.948	0.138661837054133	A
Diet.5mo.as.AL	CAG115	40	-0.328322642650942	0.17326831793945	-1.89487984044306	4	6.948	0.138661837054133	6.948	0.138661837054133	A
Diet.5mo.as.AL	CAG145	AL	0	NA	NA	4	5.44	0.245054086466219	5.44	0.245054086466219	A
Diet.5mo.as.AL	CAG145	1D	-0.152574514691722	0.191631113408185	-0.79618863543693	4	5.44	0.245054086466219	5.44	0.245054086466219	A
Diet.5mo.as.AL	CAG145	2D	-0.0390065413583796	0.185477104852931	-0.210303807520118	4	5.44	0.245054086466219	5.44	0.245054086466219	A
Diet.5mo.as.AL	CAG145	20	0.0307935210846411	0.183747247108044	0.167586298947566	4	5.44	0.245054086466219	5.44	0.245054086466219	A
Diet.5mo.as.AL	CAG145	40	-0.365796548415789	0.18798005176972	-1.94593279963503	4	5.44	0.245054086466219	5.44	0.245054086466219	A
Diet.5mo.as.AL	CAG273	AL	0	NA	NA	4	11.728	0.0194928092503064	11.728	0.0194928092503064	A
Diet.5mo.as.AL	CAG273	1D	-0.503256804500459	0.187806511607012	-2.67965578080451	4	11.728	0.0194928092503064	11.728	0.0194928092503064	A
Diet.5mo.as.AL	CAG273	2D	-0.21675633306083	0.181564948995743	-1.19382256465102	4	11.728	0.0194928092503064	11.728	0.0194928092503064	A
Diet.5mo.as.AL	CAG273	20	-0.0727082255829932	0.179530024432377	-0.404992010739575	4	11.728	0.0194928092503064	11.728	0.0194928092503064	A
Diet.5mo.as.AL	CAG273	40	-0.480804683631289	0.18418217136828	-2.61048439194421	4	11.728	0.0194928092503064	11.728	0.0194928092503064	A
Diet.5mo.as.AL	CAG274NOV	AL	0	NA	NA	4	109.76	0	109.76	0	A
Diet.5mo.as.AL	CAG274NOV	1D	-0.75121646454327	0.180272606400949	-4.16711379249974	4	109.76	0	109.76	0	A
Diet.5mo.as.AL	CAG274NOV	2D	-1.70903826318331	0.174775445611345	-9.77848036493502	4	109.76	0	109.76	0	A
Diet.5mo.as.AL	CAG274NOV	20	-0.0746841020036888	0.167486110463964	-0.445912212044341	4	109.76	0	109.76	0	A
Diet.5mo.as.AL	CAG274NOV	40	-0.557987895946889	0.17576449278476	-3.17463377902042	4	109.76	0	109.76	0	A
Diet.5mo.as.AL	CAG303	AL	0	NA	NA	4	35.08	4.47285188664992e-07	35.08	4.47285188664992e-07	A
Diet.5mo.as.AL	CAG303	1D	-0.948411119186977	0.201066339727387	-4.7169064721269	4	35.08	4.47285188664992e-07	35.08	4.47285188664992e-07	A
Diet.5mo.as.AL	CAG303	2D	-0.74979263136938	0.195590072248849	-3.83349023162802	4	35.08	4.47285188664992e-07	35.08	4.47285188664992e-07	A
Diet.5mo.as.AL	CAG303	20	0.00463041558582696	0.187650088797172	0.024675797467018	4	35.08	4.47285188664992e-07	35.08	4.47285188664992e-07	A
Diet.5mo.as.AL	CAG303	40	-0.24259384562511	0.195542026467	-1.24062254037267	4	35.08	4.47285188664992e-07	35.08	4.47285188664992e-07	A
Diet.5mo.as.AL	CAG41	AL	0	NA	NA	4	30.924	3.1726438187718e-06	30.924	3.1726438187718e-06	A
Diet.5mo.as.AL	CAG41	1D	-0.211500294748032	0.235573257543283	-0.897811139319036	4	30.924	3.1726438187718e-06	30.924	3.1726438187718e-06	A
Diet.5mo.as.AL	CAG41	2D	-1.08068948470492	0.231989802359674	-4.65834908997177	4	30.924	3.1726438187718e-06	30.924	3.1726438187718e-06	A
Diet.5mo.as.AL	CAG41	20	0.154503846668809	0.230691343372	0.669742715138055	4	30.924	3.1726438187718e-06	30.924	3.1726438187718e-06	A
Diet.5mo.as.AL	CAG41	40	0.0680994499377859	0.233849015515014	0.291211189355697	4	30.924	3.1726438187718e-06	30.924	3.1726438187718e-06	A
Diet.5mo.as.AL	CAG475	AL	0	NA	NA	4	9.032	0.0603045911261281	9.032	0.0603045911261281	A
Diet.5mo.as.AL	CAG475	1D	0.0143871248104875	0.173105520446565	0.0831118775032281	4	9.032	0.0603045911261281	9.032	0.0603045911261281	A
Diet.5mo.as.AL	CAG475	2D	0.0433653112417949	0.167693416466376	0.258598770038716	4	9.032	0.0603045911261281	9.032	0.0603045911261281	A
Diet.5mo.as.AL	CAG475	20	0.166456713027051	0.165235579470357	1.00739025796144	4	9.032	0.0603045911261281	9.032	0.0603045911261281	A
Diet.5mo.as.AL	CAG475	40	0.461365262523068	0.169567400940914	2.72083702387955	4	9.032	0.0603045911261281	9.032	0.0603045911261281	A
Diet.5mo.as.AL	CAG485	AL	0	NA	NA	4	11.332	0.0230755879233873	11.332	0.0230755879233873	A
Diet.5mo.as.AL	CAG485	1D	0.324461391815459	0.209880759614205	1.54593204451838	4	11.332	0.0230755879233873	11.332	0.0230755879233873	A
Diet.5mo.as.AL	CAG485	2D	0.579525910334581	0.203942579340804	2.8416131256541	4	11.332	0.0230755879233873	11.332	0.0230755879233873	A
Diet.5mo.as.AL	CAG485	20	0.531991302620824	0.193646326703829	2.74723157250732	4	11.332	0.0230755879233873	11.332	0.0230755879233873	A
Diet.5mo.as.AL	CAG485	40	0.424515268190628	0.203591153618643	2.08513612033364	4	11.332	0.0230755879233873	11.332	0.0230755879233873	A
Diet.5mo.as.AL	CAG510	AL	0	NA	NA	4	6.092	0.192382199878498	6.092	0.192382199878498	A
Diet.5mo.as.AL	CAG510	1D	-0.163560746296983	0.181517042578346	-0.901076526885276	4	6.092	0.192382199878498	6.092	0.192382199878498	A
Diet.5mo.as.AL	CAG510	2D	-0.310573766867134	0.174846271121476	-1.77626760282099	4	6.092	0.192382199878498	6.092	0.192382199878498	A
Diet.5mo.as.AL	CAG510	20	-0.219278283265502	0.172933223717705	-1.26799396062523	4	6.092	0.192382199878498	6.092	0.192382199878498	A
Diet.5mo.as.AL	CAG510	40	-0.404764712050934	0.17768646289754	-2.27797157673365	4	6.092	0.192382199878498	6.092	0.192382199878498	A
Diet.5mo.as.AL	CAG552NOV	AL	0	NA	NA	4	13.164	0.0105016490380626	13.164	0.0105016490380626	A
Diet.5mo.as.AL	CAG552NOV	1D	-0.0694401644961605	0.180284625453503	-0.3851696411798	4	13.164	0.0105016490380626	13.164	0.0105016490380626	A
Diet.5mo.as.AL	CAG552NOV	2D	0.270304909719557	0.173271578834767	1.56000719527881	4	13.164	0.0105016490380626	13.164	0.0105016490380626	A
Diet.5mo.as.AL	CAG552NOV	20	0.174294482198071	0.171602199295894	1.01568909322388	4	13.164	0.0105016490380626	13.164	0.0105016490380626	A
Diet.5mo.as.AL	CAG552NOV	40	0.539382552602258	0.176655506711958	3.05330166402192	4	13.164	0.0105016490380626	13.164	0.0105016490380626	A
Diet.5mo.as.AL	CAG56	AL	0	NA	NA	4	3.8324	0.429162947529772	3.8324	0.429162947529772	A
Diet.5mo.as.AL	CAG56	1D	-0.0453693847701488	0.227385254215798	-0.199526503715546	4	3.8324	0.429162947529772	3.8324	0.429162947529772	A
Diet.5mo.as.AL	CAG56	2D	-0.232502476660452	0.222768296935019	-1.0436964319401	4	3.8324	0.429162947529772	3.8324	0.429162947529772	A
Diet.5mo.as.AL	CAG56	20	0.129857932805157	0.220017467903412	0.590216468004101	4	3.8324	0.429162947529772	3.8324	0.429162947529772	A
Diet.5mo.as.AL	CAG56	40	-0.281648419105828	0.22497505592303	-1.25190954148351	4	3.8324	0.429162947529772	3.8324	0.429162947529772	A
Diet.5mo.as.AL	CAG582	AL	0	NA	NA	4	4.216	0.377561968992161	4.216	0.377561968992161	A
Diet.5mo.as.AL	CAG582	1D	-0.118049104226732	0.206200670139137	-0.572496220051452	4	4.216	0.377561968992161	4.216	0.377561968992161	A
Diet.5mo.as.AL	CAG582	2D	0.286051903594967	0.199832106268574	1.43146118477335	4	4.216	0.377561968992161	4.216	0.377561968992161	A
Diet.5mo.as.AL	CAG582	20	-0.0504507580701305	0.193477533491098	-0.260757707418529	4	4.216	0.377561968992161	4.216	0.377561968992161	A
Diet.5mo.as.AL	CAG582	40	0.0965740388603642	0.201678522162646	0.478851381023514	4	4.216	0.377561968992161	4.216	0.377561968992161	A
Diet.5mo.as.AL	CAG776	AL	0	NA	NA	4	2.6844	0.611947159199875	2.6844	0.611947159199875	A
Diet.5mo.as.AL	CAG776	1D	0.0854885171999882	0.198227997498236	0.431263586773352	4	2.6844	0.611947159199875	2.6844	0.611947159199875	A
Diet.5mo.as.AL	CAG776	2D	0.243417438172528	0.192268154213042	1.26603097204964	4	2.6844	0.611947159199875	2.6844	0.611947159199875	A
Diet.5mo.as.AL	CAG776	20	0.0479354163871754	0.190478272745274	0.251658184927366	4	2.6844	0.611947159199875	2.6844	0.611947159199875	A
Diet.5mo.as.AL	CAG776	40	0.255753230584083	0.195391617643509	1.30892631766171	4	2.6844	0.611947159199875	2.6844	0.611947159199875	A
Diet.5mo.as.AL	CAG81	AL	0	NA	NA	4	5.452	0.243981048247913	5.452	0.243981048247913	A
Diet.5mo.as.AL	CAG81	1D	-0.451039380714438	0.206357049596438	-2.18572315119116	4	5.452	0.243981048247913	5.452	0.243981048247913	A
Diet.5mo.as.AL	CAG81	2D	-0.268177142951912	0.201140319464157	-1.33328386703542	4	5.452	0.243981048247913	5.452	0.243981048247913	A
Diet.5mo.as.AL	CAG81	20	-0.141721492545095	0.199663421615737	-0.709801982747973	4	5.452	0.243981048247913	5.452	0.243981048247913	A
Diet.5mo.as.AL	CAG81	40	-0.100101715711278	0.203519696381552	-0.491852717407807	4	5.452	0.243981048247913	5.452	0.243981048247913	A
Diet.5mo.as.AL	CAG873	AL	0	NA	NA	4	5.596	0.231418993307611	5.596	0.231418993307611	A
Diet.5mo.as.AL	CAG873	1D	0.357228953669599	0.183303368409664	1.94884009371409	4	5.596	0.231418993307611	5.596	0.231418993307611	A
Diet.5mo.as.AL	CAG873	2D	0.210708401518233	0.176528204571641	1.19362456571477	4	5.596	0.231418993307611	5.596	0.231418993307611	A
Diet.5mo.as.AL	CAG873	20	0.330169518344703	0.174411379122397	1.89305032736998	4	5.596	0.231418993307611	5.596	0.231418993307611	A
Diet.5mo.as.AL	CAG873	40	0.121975390187882	0.179554910638864	0.679320825890469	4	5.596	0.231418993307611	5.596	0.231418993307611	A
Diet.5mo.as.AL	CAG95	AL	0	NA	NA	4	3.796	0.43431762570215	3.796	0.43431762570215	A
Diet.5mo.as.AL	CAG95	1D	-0.182947395232065	0.187843397919288	-0.973935721236649	4	3.796	0.43431762570215	3.796	0.43431762570215	A
Diet.5mo.as.AL	CAG95	2D	-0.334973201807884	0.18131896476608	-1.84742507348877	4	3.796	0.43431762570215	3.796	0.43431762570215	A
Diet.5mo.as.AL	CAG95	20	-0.218752296095928	0.174158420029722	-1.25605351758816	4	3.796	0.43431762570215	3.796	0.43431762570215	A
Diet.5mo.as.AL	CAG95	40	-0.232739528328225	0.181799095391885	-1.28020179542991	4	3.796	0.43431762570215	3.796	0.43431762570215	A
Diet.5mo.as.AL	Chao1	AL	0	NA	NA	4	14.92	0.00487005121078232	14.92	0.00487005121078232	A
Diet.5mo.as.AL	Chao1	1D	-0.211343077970504	0.168380169795359	-1.25515420389087	4	14.92	0.00487005121078232	14.92	0.00487005121078232	A
Diet.5mo.as.AL	Chao1	2D	-0.0505713153582208	0.161523266594537	-0.313089974122226	4	14.92	0.00487005121078232	14.92	0.00487005121078232	A
Diet.5mo.as.AL	Chao1	20	0.429715072824914	0.158771037502369	2.70650793485243	4	14.92	0.00487005121078232	14.92	0.00487005121078232	A
Diet.5mo.as.AL	Chao1	40	0.226224566315118	0.164464339726714	1.37552351282369	4	14.92	0.00487005121078232	14.92	0.00487005121078232	A
Diet.5mo.as.AL	Clostridium	AL	0	NA	NA	4	13.668	0.00843364037264194	13.668	0.00843364037264194	A
Diet.5mo.as.AL	Clostridium	1D	-0.357135894612586	0.201514518480413	-1.77225887894177	4	13.668	0.00843364037264194	13.668	0.00843364037264194	A
Diet.5mo.as.AL	Clostridium	2D	-0.202964796285196	0.195124814702395	-1.04017931596634	4	13.668	0.00843364037264194	13.668	0.00843364037264194	A
Diet.5mo.as.AL	Clostridium	20	-0.254248124374408	0.187524867009442	-1.35581018362544	4	13.668	0.00843364037264194	13.668	0.00843364037264194	A
Diet.5mo.as.AL	Clostridium	40	0.334258520089005	0.196137685717353	1.70420344701473	4	13.668	0.00843364037264194	13.668	0.00843364037264194	A
Diet.5mo.as.AL	ClostridiumQ	AL	0	NA	NA	4	9.128	0.0579785174442538	9.128	0.0579785174442538	A
Diet.5mo.as.AL	ClostridiumQ	1D	0.11472755204744	0.182742146104539	0.627811123449373	4	9.128	0.0579785174442538	9.128	0.0579785174442538	A
Diet.5mo.as.AL	ClostridiumQ	2D	0.113867949067879	0.176430227810325	0.64539932006603	4	9.128	0.0579785174442538	9.128	0.0579785174442538	A
Diet.5mo.as.AL	ClostridiumQ	20	0.0168902231625336	0.174491642195134	0.0967967459647455	4	9.128	0.0579785174442538	9.128	0.0579785174442538	A
Diet.5mo.as.AL	ClostridiumQ	40	-0.383459132761325	0.179000274305744	-2.14222650914128	4	9.128	0.0579785174442538	9.128	0.0579785174442538	A
Diet.5mo.as.AL	COE1	AL	0	NA	NA	4	26.528	2.4760494974907e-05	26.528	2.4760494974907e-05	A
Diet.5mo.as.AL	COE1	1D	-0.453322443093822	0.158583419154035	-2.85857402691956	4	26.528	2.4760494974907e-05	26.528	2.4760494974907e-05	A
Diet.5mo.as.AL	COE1	2D	-0.505793880007181	0.152293237834036	-3.32118409983756	4	26.528	2.4760494974907e-05	26.528	2.4760494974907e-05	A
Diet.5mo.as.AL	COE1	20	-0.170240385808899	0.149707977696532	-1.13714972594171	4	26.528	2.4760494974907e-05	26.528	2.4760494974907e-05	A
Diet.5mo.as.AL	COE1	40	-0.705661114910555	0.15497773247113	-4.55330648899517	4	26.528	2.4760494974907e-05	26.528	2.4760494974907e-05	A
Diet.5mo.as.AL	D1663	AL	0	NA	NA	4	17.98	0.00124525443144341	17.98	0.00124525443144341	A
Diet.5mo.as.AL	D1663	1D	-0.111872452369513	0.214631465078721	-0.521230437151798	4	17.98	0.00124525443144341	17.98	0.00124525443144341	A
Diet.5mo.as.AL	D1663	2D	0.181031522760508	0.209824408790621	0.862776279480216	4	17.98	0.00124525443144341	17.98	0.00124525443144341	A
Diet.5mo.as.AL	D1663	20	0.370700045534387	0.199570895135423	1.85748550800877	4	17.98	0.00124525443144341	17.98	0.00124525443144341	A
Diet.5mo.as.AL	D1663	40	-0.459291240736696	0.208376068781267	-2.20414581877353	4	17.98	0.00124525443144341	17.98	0.00124525443144341	A
Diet.5mo.as.AL	Desulfovibrio	AL	0	NA	NA	4	6.932	0.139525646801114	6.932	0.139525646801114	A
Diet.5mo.as.AL	Desulfovibrio	1D	0.262622141069565	0.241509950798682	1.08741747576472	4	6.932	0.139525646801114	6.932	0.139525646801114	A
Diet.5mo.as.AL	Desulfovibrio	2D	0.257799652205819	0.237308952439407	1.0863460883198	4	6.932	0.139525646801114	6.932	0.139525646801114	A
Diet.5mo.as.AL	Desulfovibrio	20	0.435087600219015	0.236044914240553	1.8432407307688	4	6.932	0.139525646801114	6.932	0.139525646801114	A
Diet.5mo.as.AL	Desulfovibrio	40	0.583159983327701	0.239609337504081	2.43379489882262	4	6.932	0.139525646801114	6.932	0.139525646801114	A
Diet.5mo.as.AL	Dorea	AL	0	NA	NA	4	11.016	0.0263847836829708	11.016	0.0263847836829708	A
Diet.5mo.as.AL	Dorea	1D	-0.200877204665289	0.182096763467277	-1.10313440415094	4	11.016	0.0263847836829708	11.016	0.0263847836829708	A
Diet.5mo.as.AL	Dorea	2D	-0.337420859049519	0.174454655914407	-1.93414648225306	4	11.016	0.0263847836829708	11.016	0.0263847836829708	A
Diet.5mo.as.AL	Dorea	20	-0.0924410320852429	0.161093702183563	-0.57383392914956	4	11.016	0.0263847836829708	11.016	0.0263847836829708	A
Diet.5mo.as.AL	Dorea	40	-0.523883538593418	0.172940434320821	-3.02927155613339	4	11.016	0.0263847836829708	11.016	0.0263847836829708	A
Diet.5mo.as.AL	Dubosiella	AL	0	NA	NA	4	11.484	0.0216306630957459	11.484	0.0216306630957459	A
Diet.5mo.as.AL	Dubosiella	1D	-0.373818481204459	0.209263053038047	-1.78635681634872	4	11.484	0.0216306630957459	11.484	0.0216306630957459	A
Diet.5mo.as.AL	Dubosiella	2D	-0.47844639428785	0.204807059442686	-2.33608350996192	4	11.484	0.0216306630957459	11.484	0.0216306630957459	A
Diet.5mo.as.AL	Dubosiella	20	0.111869893600403	0.202750841285871	0.55176044099699	4	11.484	0.0216306630957459	11.484	0.0216306630957459	A
Diet.5mo.as.AL	Dubosiella	40	0.0482408999491636	0.206608773341377	0.233489116502598	4	11.484	0.0216306630957459	11.484	0.0216306630957459	A
Diet.5mo.as.AL	Duncaniella	AL	0	NA	NA	4	6.292	0.178377000879045	6.292	0.178377000879045	A
Diet.5mo.as.AL	Duncaniella	1D	0.259713217532946	0.199733451326328	1.30029905260397	4	6.292	0.178377000879045	6.292	0.178377000879045	A
Diet.5mo.as.AL	Duncaniella	2D	0.380309469033816	0.19341206597497	1.96631718459091	4	6.292	0.178377000879045	6.292	0.178377000879045	A
Diet.5mo.as.AL	Duncaniella	20	0.20127677762723	0.188122377114651	1.06992469856237	4	6.292	0.178377000879045	6.292	0.178377000879045	A
Diet.5mo.as.AL	Duncaniella	40	-0.0444082262765233	0.194997982595325	-0.227736849814916	4	6.292	0.178377000879045	6.292	0.178377000879045	A
Diet.5mo.as.AL	Emergencia	AL	0	NA	NA	4	87.72	0	87.72	0	A
Diet.5mo.as.AL	Emergencia	1D	0.0716527009406841	0.19441093454211	0.36856312176805	4	87.72	0	87.72	0	A
Diet.5mo.as.AL	Emergencia	2D	0.17891610636033	0.190373880910739	0.939814356383364	4	87.72	0	87.72	0	A
Diet.5mo.as.AL	Emergencia	20	-0.111265741108635	0.188771256546089	-0.589420991015492	4	87.72	0	87.72	0	A
Diet.5mo.as.AL	Emergencia	40	-1.45586784663565	0.191798030970496	-7.59062978524323	4	87.72	0	87.72	0	A
Diet.5mo.as.AL	EnterococcusD	AL	0	NA	NA	4	5.848	0.21079093664185	5.848	0.21079093664185	A
Diet.5mo.as.AL	EnterococcusD	1D	0.0189575047600563	0.176091187094251	0.107657317057608	4	5.848	0.21079093664185	5.848	0.21079093664185	A
Diet.5mo.as.AL	EnterococcusD	2D	0.368239536514258	0.169467836122929	2.17291696724767	4	5.848	0.21079093664185	5.848	0.21079093664185	A
Diet.5mo.as.AL	EnterococcusD	20	0.00110811074948098	0.16743700139462	0.00661807569564241	4	5.848	0.21079093664185	5.848	0.21079093664185	A
Diet.5mo.as.AL	EnterococcusD	40	0.101997943536888	0.172491741592663	0.591320735677627	4	5.848	0.21079093664185	5.848	0.21079093664185	A
Diet.5mo.as.AL	ErysipelatoclostridiaceaeNOV	AL	0	NA	NA	4	27.528	1.55444295031337e-05	27.528	1.55444295031337e-05	A
Diet.5mo.as.AL	ErysipelatoclostridiaceaeNOV	1D	0.394772034609153	0.168899525370726	2.33731879200162	4	27.528	1.55444295031337e-05	27.528	1.55444295031337e-05	A
Diet.5mo.as.AL	ErysipelatoclostridiaceaeNOV	2D	0.402019458466922	0.161099360189475	2.49547520234775	4	27.528	1.55444295031337e-05	27.528	1.55444295031337e-05	A
Diet.5mo.as.AL	ErysipelatoclostridiaceaeNOV	20	0.383580387011608	0.154858982158866	2.47696569914234	4	27.528	1.55444295031337e-05	27.528	1.55444295031337e-05	A
Diet.5mo.as.AL	ErysipelatoclostridiaceaeNOV	40	-0.293147118851531	0.162684485718193	-1.80193653720201	4	27.528	1.55444295031337e-05	27.528	1.55444295031337e-05	A
Diet.5mo.as.AL	Erysipelatoclostridium	AL	0	NA	NA	4	4.54	0.337830828871738	4.54	0.337830828871738	A
Diet.5mo.as.AL	Erysipelatoclostridium	1D	-0.0864286557605615	0.198459852101044	-0.435496927189873	4	4.54	0.337830828871738	4.54	0.337830828871738	A
Diet.5mo.as.AL	Erysipelatoclostridium	2D	0.171715694607531	0.192385088002985	0.892562393426594	4	4.54	0.337830828871738	4.54	0.337830828871738	A
Diet.5mo.as.AL	Erysipelatoclostridium	20	0.241972793922609	0.190664183749337	1.26910460666659	4	4.54	0.337830828871738	4.54	0.337830828871738	A
Diet.5mo.as.AL	Erysipelatoclostridium	40	0.273139244351941	0.195247835001649	1.3989360975482	4	4.54	0.337830828871738	4.54	0.337830828871738	A
Diet.5mo.as.AL	ErysipelotrichaceaeNOV	AL	0	NA	NA	4	24.428	6.55483102320886e-05	24.428	6.55483102320886e-05	A
Diet.5mo.as.AL	ErysipelotrichaceaeNOV	1D	0.149565238337844	0.176633075567726	0.846756689578771	4	24.428	6.55483102320886e-05	24.428	6.55483102320886e-05	A
Diet.5mo.as.AL	ErysipelotrichaceaeNOV	2D	0.127663811642863	0.170252872420201	0.749848210065883	4	24.428	6.55483102320886e-05	24.428	6.55483102320886e-05	A
Diet.5mo.as.AL	ErysipelotrichaceaeNOV	20	0.285368834001567	0.168222766059648	1.69637463873576	4	24.428	6.55483102320886e-05	24.428	6.55483102320886e-05	A
Diet.5mo.as.AL	ErysipelotrichaceaeNOV	40	-0.529589179738738	0.172426321045322	-3.07139406865577	4	24.428	6.55483102320886e-05	24.428	6.55483102320886e-05	A
Diet.5mo.as.AL	Escherichia	AL	0	NA	NA	4	6.172	0.1866661589931	6.172	0.1866661589931	A
Diet.5mo.as.AL	Escherichia	1D	0.113027889322019	0.202169852713943	0.55907390644413	4	6.172	0.1866661589931	6.172	0.1866661589931	A
Diet.5mo.as.AL	Escherichia	2D	0.457353472300208	0.195537868905362	2.33895088895319	4	6.172	0.1866661589931	6.172	0.1866661589931	A
Diet.5mo.as.AL	Escherichia	20	0.199524582835528	0.188152365618968	1.06044153194221	4	6.172	0.1866661589931	6.172	0.1866661589931	A
Diet.5mo.as.AL	Escherichia	40	0.275661762159528	0.1971441129367	1.39827539383862	4	6.172	0.1866661589931	6.172	0.1866661589931	A
Diet.5mo.as.AL	EubacteriumF	AL	0	NA	NA	4	3.5688	0.467494549246274	3.5688	0.467494549246274	A
Diet.5mo.as.AL	EubacteriumF	1D	-0.0486581490381208	0.203159820341103	-0.239506753630833	4	3.5688	0.467494549246274	3.5688	0.467494549246274	A
Diet.5mo.as.AL	EubacteriumF	2D	0.293100946527788	0.19665058152994	1.49046569935092	4	3.5688	0.467494549246274	3.5688	0.467494549246274	A
Diet.5mo.as.AL	EubacteriumF	20	0.0831180051714812	0.184913376626391	0.449496984414584	4	3.5688	0.467494549246274	3.5688	0.467494549246274	A
Diet.5mo.as.AL	EubacteriumF	40	0.0310209598425777	0.195704756607952	0.158508972291975	4	3.5688	0.467494549246274	3.5688	0.467494549246274	A
Diet.5mo.as.AL	EubacteriumG	AL	0	NA	NA	4	2.1348	0.710981960972284	2.1348	0.710981960972284	A
Diet.5mo.as.AL	EubacteriumG	1D	-0.287151576826542	0.203331819612037	-1.41223138303899	4	2.1348	0.710981960972284	2.1348	0.710981960972284	A
Diet.5mo.as.AL	EubacteriumG	2D	-0.179373263514767	0.19864320554904	-0.902992191547599	4	2.1348	0.710981960972284	2.1348	0.710981960972284	A
Diet.5mo.as.AL	EubacteriumG	20	-0.139746331823451	0.196776837094739	-0.710176735670215	4	2.1348	0.710981960972284	2.1348	0.710981960972284	A
Diet.5mo.as.AL	EubacteriumG	40	-0.11886473801478	0.200411752684182	-0.59310263207015	4	2.1348	0.710981960972284	2.1348	0.710981960972284	A
Diet.5mo.as.AL	EubacteriumJ	AL	0	NA	NA	4	5.764	0.217479754563353	5.764	0.217479754563353	A
Diet.5mo.as.AL	EubacteriumJ	1D	-0.144971097205123	0.181716700153752	-0.797786318387147	4	5.764	0.217479754563353	5.764	0.217479754563353	A
Diet.5mo.as.AL	EubacteriumJ	2D	-0.23284808069523	0.175449277162124	-1.32715326310559	4	5.764	0.217479754563353	5.764	0.217479754563353	A
Diet.5mo.as.AL	EubacteriumJ	20	-0.223563970311483	0.173359896288618	-1.28959450886659	4	5.764	0.217479754563353	5.764	0.217479754563353	A
Diet.5mo.as.AL	EubacteriumJ	40	-0.414447822689677	0.178132704036235	-2.3266239904233	4	5.764	0.217479754563353	5.764	0.217479754563353	A
Diet.5mo.as.AL	Evtepia	AL	0	NA	NA	4	26.364	2.67219176076638e-05	26.364	2.67219176076638e-05	A
Diet.5mo.as.AL	Evtepia	1D	-0.0408098813281294	0.185932997121343	-0.219487030058985	4	26.364	2.67219176076638e-05	26.364	2.67219176076638e-05	A
Diet.5mo.as.AL	Evtepia	2D	0.172015976896312	0.179788790868488	0.956766971207558	4	26.364	2.67219176076638e-05	26.364	2.67219176076638e-05	A
Diet.5mo.as.AL	Evtepia	20	-0.294221915089799	0.178226530031178	-1.65083119240626	4	26.364	2.67219176076638e-05	26.364	2.67219176076638e-05	A
Diet.5mo.as.AL	Evtepia	40	-0.708833708407165	0.182303024936412	-3.88821693251887	4	26.364	2.67219176076638e-05	26.364	2.67219176076638e-05	A
Diet.5mo.as.AL	Flavonifractor	AL	0	NA	NA	4	8.452	0.0763556053964112	8.452	0.0763556053964112	A
Diet.5mo.as.AL	Flavonifractor	1D	0.136624798259384	0.197235536180188	0.692698693680471	4	8.452	0.0763556053964112	8.452	0.0763556053964112	A
Diet.5mo.as.AL	Flavonifractor	2D	-0.0244770537672509	0.191464537151879	-0.127841187362204	4	8.452	0.0763556053964112	8.452	0.0763556053964112	A
Diet.5mo.as.AL	Flavonifractor	20	0.0201750692585929	0.189523185134064	0.106451721167105	4	8.452	0.0763556053964112	8.452	0.0763556053964112	A
Diet.5mo.as.AL	Flavonifractor	40	-0.429416921435848	0.193794956980798	-2.21583124827338	4	8.452	0.0763556053964112	8.452	0.0763556053964112	A
Diet.5mo.as.AL	HungatellaA	AL	0	NA	NA	4	1.4792	0.830319428795211	1.4792	0.830319428795211	A
Diet.5mo.as.AL	HungatellaA	1D	0.166266662045785	0.162115865082074	1.02560389115285	4	1.4792	0.830319428795211	1.4792	0.830319428795211	A
Diet.5mo.as.AL	HungatellaA	2D	0.0814946566429372	0.154432266427811	0.527704854225083	4	1.4792	0.830319428795211	1.4792	0.830319428795211	A
Diet.5mo.as.AL	HungatellaA	20	-0.00617592164877125	0.152024746504636	-0.0406244495765887	4	1.4792	0.830319428795211	1.4792	0.830319428795211	A
Diet.5mo.as.AL	HungatellaA	40	0.0943042756201922	0.157491651863446	0.598789043764424	4	1.4792	0.830319428795211	1.4792	0.830319428795211	A
Diet.5mo.as.AL	Ileibacterium	AL	0	NA	NA	4	14.444	0.00600485775479964	14.444	0.00600485775479964	A
Diet.5mo.as.AL	Ileibacterium	1D	0.491909941772347	0.209666921768782	2.34614949092838	4	14.444	0.00600485775479964	14.444	0.00600485775479964	A
Diet.5mo.as.AL	Ileibacterium	2D	0.649548235947097	0.204028966076137	3.18360793782931	4	14.444	0.00600485775479964	14.444	0.00600485775479964	A
Diet.5mo.as.AL	Ileibacterium	20	0.547788394087788	0.199207886467061	2.74983286958553	4	14.444	0.00600485775479964	14.444	0.00600485775479964	A
Diet.5mo.as.AL	Ileibacterium	40	0.596457864888981	0.205935341724809	2.89633561628303	4	14.444	0.00600485775479964	14.444	0.00600485775479964	A
Diet.5mo.as.AL	Kineothrix	AL	0	NA	NA	4	36.068	2.80196933655219e-07	36.068	2.80196933655219e-07	A
Diet.5mo.as.AL	Kineothrix	1D	0.359009934585243	0.191006625110777	1.8795679698389	4	36.068	2.80196933655219e-07	36.068	2.80196933655219e-07	A
Diet.5mo.as.AL	Kineothrix	2D	0.641810611847159	0.185471434737739	3.46042835520572	4	36.068	2.80196933655219e-07	36.068	2.80196933655219e-07	A
Diet.5mo.as.AL	Kineothrix	20	0.300599070961264	0.183635689706175	1.63693164135052	4	36.068	2.80196933655219e-07	36.068	2.80196933655219e-07	A
Diet.5mo.as.AL	Kineothrix	40	1.08127758773387	0.188277893751392	5.74298748615503	4	36.068	2.80196933655219e-07	36.068	2.80196933655219e-07	A
Diet.5mo.as.AL	Lachnospira	AL	0	NA	NA	4	7.116	0.129883670794592	7.116	0.129883670794592	A
Diet.5mo.as.AL	Lachnospira	1D	-0.329076897509601	0.210437011858107	-1.56377860816371	4	7.116	0.129883670794592	7.116	0.129883670794592	A
Diet.5mo.as.AL	Lachnospira	2D	-0.179557728792795	0.203282485397223	-0.883291683697838	4	7.116	0.129883670794592	7.116	0.129883670794592	A
Diet.5mo.as.AL	Lachnospira	20	-0.0425109220522895	0.192911019365092	-0.220365442016745	4	7.116	0.129883670794592	7.116	0.129883670794592	A
Diet.5mo.as.AL	Lachnospira	40	-0.481101603501689	0.20419217617754	-2.35612163261037	4	7.116	0.129883670794592	7.116	0.129883670794592	A
Diet.5mo.as.AL	LachnospiraceaeNOV	AL	0	NA	NA	4	2.8768	0.578649746087418	2.8768	0.578649746087418	A
Diet.5mo.as.AL	LachnospiraceaeNOV	1D	-0.178783639429614	0.18265393426434	-0.978810777603481	4	2.8768	0.578649746087418	2.8768	0.578649746087418	A
Diet.5mo.as.AL	LachnospiraceaeNOV	2D	-0.098294856613512	0.176348677555183	-0.557389247122387	4	2.8768	0.578649746087418	2.8768	0.578649746087418	A
Diet.5mo.as.AL	LachnospiraceaeNOV	20	-0.247467021858773	0.173372796141872	-1.42736938761874	4	2.8768	0.578649746087418	2.8768	0.578649746087418	A
Diet.5mo.as.AL	LachnospiraceaeNOV	40	-0.00842953073792752	0.178271749097252	-0.0472847255979352	4	2.8768	0.578649746087418	2.8768	0.578649746087418	A
Diet.5mo.as.AL	Lactobacillus	AL	0	NA	NA	4	22.3	0.000174659738143901	22.3	0.000174659738143901	A
Diet.5mo.as.AL	Lactobacillus	1D	0.468070094464356	0.211371555200153	2.21444221300794	4	22.3	0.000174659738143901	22.3	0.000174659738143901	A
Diet.5mo.as.AL	Lactobacillus	2D	0.695749955917602	0.205083371200263	3.39252252313624	4	22.3	0.000174659738143901	22.3	0.000174659738143901	A
Diet.5mo.as.AL	Lactobacillus	20	0.669661441204682	0.196230367693188	3.4126289884536	4	22.3	0.000174659738143901	22.3	0.000174659738143901	A
Diet.5mo.as.AL	Lactobacillus	40	0.848263238008076	0.206365291819122	4.11049372949581	4	22.3	0.000174659738143901	22.3	0.000174659738143901	A
Diet.5mo.as.AL	Lawsonibacter	AL	0	NA	NA	4	13.788	0.00800333441104417	13.788	0.00800333441104417	A
Diet.5mo.as.AL	Lawsonibacter	1D	0.232593638525679	0.18791558284699	1.23775599129035	4	13.788	0.00800333441104417	13.788	0.00800333441104417	A
Diet.5mo.as.AL	Lawsonibacter	2D	-0.0156297440837927	0.181800143058595	-0.0859721220282823	4	13.788	0.00800333441104417	13.788	0.00800333441104417	A
Diet.5mo.as.AL	Lawsonibacter	20	-0.313716023971114	0.180334634898571	-1.7396326787007	4	13.788	0.00800333441104417	13.788	0.00800333441104417	A
Diet.5mo.as.AL	Lawsonibacter	40	-0.391166417626632	0.184423901032649	-2.12101802118036	4	13.788	0.00800333441104417	13.788	0.00800333441104417	A
Diet.5mo.as.AL	Ligilactobacillus	AL	0	NA	NA	4	15.32	0.00408152217749136	15.32	0.00408152217749136	A
Diet.5mo.as.AL	Ligilactobacillus	1D	0.391685462834878	0.241563880581953	1.62145707334749	4	15.32	0.00408152217749136	15.32	0.00408152217749136	A
Diet.5mo.as.AL	Ligilactobacillus	2D	0.623796134866662	0.240228077225405	2.59668287766944	4	15.32	0.00408152217749136	15.32	0.00408152217749136	A
Diet.5mo.as.AL	Ligilactobacillus	20	0.168840444365408	0.23730135455529	0.711502235972567	4	15.32	0.00408152217749136	15.32	0.00408152217749136	A
Diet.5mo.as.AL	Ligilactobacillus	40	0.835192172034086	0.240180562747795	3.47735121643084	4	15.32	0.00408152217749136	15.32	0.00408152217749136	A
Diet.5mo.as.AL	Limosilactobacillus	AL	0	NA	NA	4	21.604	0.000240273910569133	21.604	0.000240273910569133	A
Diet.5mo.as.AL	Limosilactobacillus	1D	0.293694478891272	0.227995135202811	1.28816116462317	4	21.604	0.000240273910569133	21.604	0.000240273910569133	A
Diet.5mo.as.AL	Limosilactobacillus	2D	0.456427968764155	0.222798377909169	2.04861441563202	4	21.604	0.000240273910569133	21.604	0.000240273910569133	A
Diet.5mo.as.AL	Limosilactobacillus	20	0.751563904250478	0.211729501408458	3.54964187442447	4	21.604	0.000240273910569133	21.604	0.000240273910569133	A
Diet.5mo.as.AL	Limosilactobacillus	40	0.902554312471039	0.222413968974184	4.05799292478702	4	21.604	0.000240273910569133	21.604	0.000240273910569133	A
Diet.5mo.as.AL	Mailhella	AL	0	NA	NA	4	0.6904	0.952507498933678	0.6904	0.952507498933678	A
Diet.5mo.as.AL	Mailhella	1D	0.00193987807106256	0.217595944336415	0.00891504700135131	4	0.6904	0.952507498933678	0.6904	0.952507498933678	A
Diet.5mo.as.AL	Mailhella	2D	0.131767296675475	0.212186809252811	0.62099664507646	4	0.6904	0.952507498933678	0.6904	0.952507498933678	A
Diet.5mo.as.AL	Mailhella	20	0.0334762043789234	0.205198163964411	0.163140857267755	4	0.6904	0.952507498933678	0.6904	0.952507498933678	A
Diet.5mo.as.AL	Mailhella	40	-0.038908939074649	0.212600025160817	-0.183014743508224	4	0.6904	0.952507498933678	0.6904	0.952507498933678	A
Diet.5mo.as.AL	MarseilleP3106	AL	0	NA	NA	4	8.584	0.0723815567005838	8.584	0.0723815567005838	A
Diet.5mo.as.AL	MarseilleP3106	1D	0.383549838874856	0.191998342819786	1.99767265301276	4	8.584	0.0723815567005838	8.584	0.0723815567005838	A
Diet.5mo.as.AL	MarseilleP3106	2D	0.269484116574555	0.18576879339524	1.4506425522246	4	8.584	0.0723815567005838	8.584	0.0723815567005838	A
Diet.5mo.as.AL	MarseilleP3106	20	0.316489143241898	0.183357962847322	1.72607253225993	4	8.584	0.0723815567005838	8.584	0.0723815567005838	A
Diet.5mo.as.AL	MarseilleP3106	40	-0.0626215398388342	0.188089121538668	-0.332935468710561	4	8.584	0.0723815567005838	8.584	0.0723815567005838	A
Diet.5mo.as.AL	MuribaculaceaeNOV	AL	0	NA	NA	4	5.444	0.244695954348043	5.444	0.244695954348043	A
Diet.5mo.as.AL	MuribaculaceaeNOV	1D	0.344632051201512	0.254248476074451	1.3554930850425	4	5.444	0.244695954348043	5.444	0.244695954348043	A
Diet.5mo.as.AL	MuribaculaceaeNOV	2D	0.148327348723431	0.25109132201363	0.590730685289789	4	5.444	0.244695954348043	5.444	0.244695954348043	A
Diet.5mo.as.AL	MuribaculaceaeNOV	20	0.424741461668587	0.250043848358475	1.6986679114763	4	5.444	0.244695954348043	5.444	0.244695954348043	A
Diet.5mo.as.AL	MuribaculaceaeNOV	40	0.503669003527664	0.25264740689989	1.99356490417984	4	5.444	0.244695954348043	5.444	0.244695954348043	A
Diet.5mo.as.AL	Muribaculum	AL	0	NA	NA	4	9.64	0.0469487011495597	9.64	0.0469487011495597	A
Diet.5mo.as.AL	Muribaculum	1D	0.419736385255145	0.210787043522747	1.9912817137162	4	9.64	0.0469487011495597	9.64	0.0469487011495597	A
Diet.5mo.as.AL	Muribaculum	2D	0.411990933878482	0.20541896322539	2.00561295515077	4	9.64	0.0469487011495597	9.64	0.0469487011495597	A
Diet.5mo.as.AL	Muribaculum	20	-0.126938353249523	0.201504110859357	-0.629954161769539	4	9.64	0.0469487011495597	9.64	0.0469487011495597	A
Diet.5mo.as.AL	Muribaculum	40	0.0472068528379977	0.207613429934148	0.227378608662123	4	9.64	0.0469487011495597	9.64	0.0469487011495597	A
Diet.5mo.as.AL	Oscillibacter	AL	0	NA	NA	4	12.224	0.0157610038299287	12.224	0.0157610038299287	A
Diet.5mo.as.AL	Oscillibacter	1D	0.373255701634743	0.179959427154957	2.07411030105883	4	12.224	0.0157610038299287	12.224	0.0157610038299287	A
Diet.5mo.as.AL	Oscillibacter	2D	0.0405510955016484	0.173636032408044	0.233540786087264	4	12.224	0.0157610038299287	12.224	0.0157610038299287	A
Diet.5mo.as.AL	Oscillibacter	20	-0.152323016907224	0.172041944619474	-0.885383022402676	4	12.224	0.0157610038299287	12.224	0.0157610038299287	A
Diet.5mo.as.AL	Oscillibacter	40	-0.228955206742449	0.176183882407227	-1.29952413134618	4	12.224	0.0157610038299287	12.224	0.0157610038299287	A
Diet.5mo.as.AL	OscillospiraceaeNOV	AL	0	NA	NA	4	13.472	0.00918562752654617	13.472	0.00918562752654617	A
Diet.5mo.as.AL	OscillospiraceaeNOV	1D	0.265279100217827	0.179849151797378	1.47500890366553	4	13.472	0.00918562752654617	13.472	0.00918562752654617	A
Diet.5mo.as.AL	OscillospiraceaeNOV	2D	-0.253410547832582	0.172938524652884	-1.46532155481966	4	13.472	0.00918562752654617	13.472	0.00918562752654617	A
Diet.5mo.as.AL	OscillospiraceaeNOV	20	-0.243288293033552	0.171329343190464	-1.42000365204863	4	13.472	0.00918562752654617	13.472	0.00918562752654617	A
Diet.5mo.as.AL	OscillospiraceaeNOV	40	-0.329614928000404	0.176105682984379	-1.87168819548908	4	13.472	0.00918562752654617	13.472	0.00918562752654617	A
Diet.5mo.as.AL	Paramuribaculum	AL	0	NA	NA	4	25.868	3.36442597486108e-05	25.868	3.36442597486108e-05	A
Diet.5mo.as.AL	Paramuribaculum	1D	0.675888241926147	0.180112449266904	3.7525903660583	4	25.868	3.36442597486108e-05	25.868	3.36442597486108e-05	A
Diet.5mo.as.AL	Paramuribaculum	2D	0.661888307850069	0.174316864992486	3.79704114044616	4	25.868	3.36442597486108e-05	25.868	3.36442597486108e-05	A
Diet.5mo.as.AL	Paramuribaculum	20	0.558433808705569	0.172312651228923	3.24081722800302	4	25.868	3.36442597486108e-05	25.868	3.36442597486108e-05	A
Diet.5mo.as.AL	Paramuribaculum	40	0.754269492958462	0.176377877668933	4.27644046366319	4	25.868	3.36442597486108e-05	25.868	3.36442597486108e-05	A
Diet.5mo.as.AL	Parvibacter	AL	0	NA	NA	4	28.324	1.07220552204579e-05	28.324	1.07220552204579e-05	A
Diet.5mo.as.AL	Parvibacter	1D	0.323445213565226	0.175227279309849	1.84586107162737	4	28.324	1.07220552204579e-05	28.324	1.07220552204579e-05	A
Diet.5mo.as.AL	Parvibacter	2D	0.577281649468946	0.168229448621601	3.431513651141	4	28.324	1.07220552204579e-05	28.324	1.07220552204579e-05	A
Diet.5mo.as.AL	Parvibacter	20	0.485637005792766	0.152930822839463	3.17553385757008	4	28.324	1.07220552204579e-05	28.324	1.07220552204579e-05	A
Diet.5mo.as.AL	Parvibacter	40	-0.121546385108712	0.16545856797338	-0.734603149280653	4	28.324	1.07220552204579e-05	28.324	1.07220552204579e-05	A
Diet.5mo.as.AL	PCoA1	AL	0	NA	NA	4	17.908	0.00128624839379943	17.908	0.00128624839379943	A
Diet.5mo.as.AL	PCoA1	1D	0.524834863133422	0.172871501642901	3.03598255435744	4	17.908	0.00128624839379943	17.908	0.00128624839379943	A
Diet.5mo.as.AL	PCoA1	2D	0.598843395029505	0.165863464606746	3.61045994335964	4	17.908	0.00128624839379943	17.908	0.00128624839379943	A
Diet.5mo.as.AL	PCoA1	20	0.400189478335537	0.16150635081022	2.47785598725949	4	17.908	0.00128624839379943	17.908	0.00128624839379943	A
Diet.5mo.as.AL	PCoA1	40	0.548227495485789	0.167894156787343	3.265316113295	4	17.908	0.00128624839379943	17.908	0.00128624839379943	A
Diet.5mo.as.AL	PCoA2	AL	0	NA	NA	4	53.72	6.02325966880812e-11	53.72	6.02325966880812e-11	A
Diet.5mo.as.AL	PCoA2	1D	0.515812996466843	0.178756171074878	2.88556749322393	4	53.72	6.02325966880812e-11	53.72	6.02325966880812e-11	A
Diet.5mo.as.AL	PCoA2	2D	0.692418127939423	0.173651144973531	3.98740894017696	4	53.72	6.02325966880812e-11	53.72	6.02325966880812e-11	A
Diet.5mo.as.AL	PCoA2	20	0.217852065581387	0.172142612079439	1.2655324730454	4	53.72	6.02325966880812e-11	53.72	6.02325966880812e-11	A
Diet.5mo.as.AL	PCoA2	40	1.2017049884727	0.175726980016995	6.83847744015452	4	53.72	6.02325966880812e-11	53.72	6.02325966880812e-11	A
Diet.5mo.as.AL	PCoA3	AL	0	NA	NA	4	18.428	0.00101766888734289	18.428	0.00101766888734289	A
Diet.5mo.as.AL	PCoA3	1D	0.489815770076444	0.219628767205731	2.23019860425489	4	18.428	0.00101766888734289	18.428	0.00101766888734289	A
Diet.5mo.as.AL	PCoA3	2D	0.183903730140728	0.214720346993495	0.856480220508861	4	18.428	0.00101766888734289	18.428	0.00101766888734289	A
Diet.5mo.as.AL	PCoA3	20	-0.15935388879045	0.209364328404955	-0.761131994186834	4	18.428	0.00101766888734289	18.428	0.00101766888734289	A
Diet.5mo.as.AL	PCoA3	40	-0.462431868223925	0.215817478359155	-2.14269887564141	4	18.428	0.00101766888734289	18.428	0.00101766888734289	A
Diet.5mo.as.AL	Prevotella	AL	0	NA	NA	4	23.684	9.24096681965692e-05	23.684	9.24096681965692e-05	A
Diet.5mo.as.AL	Prevotella	1D	0.539715911042265	0.183448541961522	2.94205614975926	4	23.684	9.24096681965692e-05	23.684	9.24096681965692e-05	A
Diet.5mo.as.AL	Prevotella	2D	0.365550417656725	0.176585040666946	2.07010976850629	4	23.684	9.24096681965692e-05	23.684	9.24096681965692e-05	A
Diet.5mo.as.AL	Prevotella	20	0.125024340588541	0.17205854323265	0.726638376912726	4	23.684	9.24096681965692e-05	23.684	9.24096681965692e-05	A
Diet.5mo.as.AL	Prevotella	40	-0.34572247300913	0.179287325968906	-1.92831518424838	4	23.684	9.24096681965692e-05	23.684	9.24096681965692e-05	A
Diet.5mo.as.AL	Romboutsia	AL	0	NA	NA	4	31.284	2.67899085892864e-06	31.284	2.67899085892864e-06	A
Diet.5mo.as.AL	Romboutsia	1D	-0.18740973440717	0.197768830274369	-0.947620179313251	4	31.284	2.67899085892864e-06	31.284	2.67899085892864e-06	A
Diet.5mo.as.AL	Romboutsia	2D	-0.368942174694978	0.192391587722113	-1.91766271625073	4	31.284	2.67899085892864e-06	31.284	2.67899085892864e-06	A
Diet.5mo.as.AL	Romboutsia	20	-0.417271377028737	0.191008484775819	-2.18456985048845	4	31.284	2.67899085892864e-06	31.284	2.67899085892864e-06	A
Diet.5mo.as.AL	Romboutsia	40	0.648958517256924	0.195431425096342	3.3206456788462	4	31.284	2.67899085892864e-06	31.284	2.67899085892864e-06	A
Diet.5mo.as.AL	Roseburia	AL	0	NA	NA	4	9.984	0.0406980640589083	9.984	0.0406980640589083	A
Diet.5mo.as.AL	Roseburia	1D	-0.253222857660383	0.213566757760652	-1.18568479624612	4	9.984	0.0406980640589083	9.984	0.0406980640589083	A
Diet.5mo.as.AL	Roseburia	2D	-0.453620137163022	0.208983037134803	-2.17060744920851	4	9.984	0.0406980640589083	9.984	0.0406980640589083	A
Diet.5mo.as.AL	Roseburia	20	-0.0466429245225737	0.207177916857882	-0.225134634182896	4	9.984	0.0406980640589083	9.984	0.0406980640589083	A
Diet.5mo.as.AL	Roseburia	40	0.188031898090298	0.210495917944736	0.893280496487653	4	9.984	0.0406980640589083	9.984	0.0406980640589083	A
Diet.5mo.as.AL	RuminiclostridiumE	AL	0	NA	NA	4	26.624	2.36794812752406e-05	26.624	2.36794812752406e-05	A
Diet.5mo.as.AL	RuminiclostridiumE	1D	-0.310336245467987	0.209964615328071	-1.4780406926333	4	26.624	2.36794812752406e-05	26.624	2.36794812752406e-05	A
Diet.5mo.as.AL	RuminiclostridiumE	2D	-0.990474307073288	0.203943935781033	-4.85660092456352	4	26.624	2.36794812752406e-05	26.624	2.36794812752406e-05	A
Diet.5mo.as.AL	RuminiclostridiumE	20	-0.09600769276133	0.193714367892191	-0.495614722882928	4	26.624	2.36794812752406e-05	26.624	2.36794812752406e-05	A
Diet.5mo.as.AL	RuminiclostridiumE	40	-0.211326622510598	0.204183483215528	-1.03498392319779	4	26.624	2.36794812752406e-05	26.624	2.36794812752406e-05	A
Diet.5mo.as.AL	Schaedlerella	AL	0	NA	NA	4	12.644	0.0131528543207244	12.644	0.0131528543207244	A
Diet.5mo.as.AL	Schaedlerella	1D	-0.0862626124565863	0.177122653628982	-0.487021906510502	4	12.644	0.0131528543207244	12.644	0.0131528543207244	A
Diet.5mo.as.AL	Schaedlerella	2D	-0.272340563377636	0.170209309554756	-1.60003330070512	4	12.644	0.0131528543207244	12.644	0.0131528543207244	A
Diet.5mo.as.AL	Schaedlerella	20	-0.42239675539574	0.168527784988418	-2.50639237574248	4	12.644	0.0131528543207244	12.644	0.0131528543207244	A
Diet.5mo.as.AL	Schaedlerella	40	-0.523856502550582	0.173220065470626	-3.02422528895427	4	12.644	0.0131528543207244	12.644	0.0131528543207244	A
Diet.5mo.as.AL	Shannon	AL	0	NA	NA	4	24.536	6.23563604560395e-05	24.536	6.23563604560395e-05	A
Diet.5mo.as.AL	Shannon	1D	0.234535329380614	0.192301097897651	1.21962553487574	4	24.536	6.23563604560395e-05	24.536	6.23563604560395e-05	A
Diet.5mo.as.AL	Shannon	2D	0.24584625114452	0.187525216300514	1.31100369323422	4	24.536	6.23563604560395e-05	24.536	6.23563604560395e-05	A
Diet.5mo.as.AL	Shannon	20	0.537958512158047	0.185043435209883	2.90720128248741	4	24.536	6.23563604560395e-05	24.536	6.23563604560395e-05	A
Diet.5mo.as.AL	Shannon	40	0.88490879101009	0.189549187023391	4.6684916190165	4	24.536	6.23563604560395e-05	24.536	6.23563604560395e-05	A
Diet.5mo.as.AL	Simpson	AL	0	NA	NA	4	20.092	0.000478941724588733	20.092	0.000478941724588733	A
Diet.5mo.as.AL	Simpson	1D	0.402964443494633	0.188114072710344	2.14212811241992	4	20.092	0.000478941724588733	20.092	0.000478941724588733	A
Diet.5mo.as.AL	Simpson	2D	0.434560272623888	0.18314737708696	2.37273544145574	4	20.092	0.000478941724588733	20.092	0.000478941724588733	A
Diet.5mo.as.AL	Simpson	20	0.500011132476967	0.180524556593257	2.76976795796015	4	20.092	0.000478941724588733	20.092	0.000478941724588733	A
Diet.5mo.as.AL	Simpson	40	0.781701585696306	0.185204349298308	4.22075177315207	4	20.092	0.000478941724588733	20.092	0.000478941724588733	A
Diet.5mo.as.AL	Staphylococcus	AL	0	NA	NA	4	8.256	0.0826381136634622	8.256	0.0826381136634622	A
Diet.5mo.as.AL	Staphylococcus	1D	-0.208553349477338	0.2917828630703	-0.714755305650323	4	8.256	0.0826381136634622	8.256	0.0826381136634622	A
Diet.5mo.as.AL	Staphylococcus	2D	-0.226505137397815	0.289095899594804	-0.783494811636155	4	8.256	0.0826381136634622	8.256	0.0826381136634622	A
Diet.5mo.as.AL	Staphylococcus	20	-0.0570157484246323	0.278176805420539	-0.204962266133	4	8.256	0.0826381136634622	8.256	0.0826381136634622	A
Diet.5mo.as.AL	Staphylococcus	40	0.529335290898521	0.287215225677259	1.84299174826244	4	8.256	0.0826381136634622	8.256	0.0826381136634622	A
Diet.5mo.as.AL	TF0111	AL	0	NA	NA	4	14.492	0.00587956931374889	14.492	0.00587956931374889	A
Diet.5mo.as.AL	TF0111	1D	-0.514345574613686	0.204519972618946	-2.51489166572497	4	14.492	0.00587956931374889	14.492	0.00587956931374889	A
Diet.5mo.as.AL	TF0111	2D	-0.48311847577874	0.198690151711473	-2.43151697060606	4	14.492	0.00587956931374889	14.492	0.00587956931374889	A
Diet.5mo.as.AL	TF0111	20	-0.0952793985707023	0.194060625135527	-0.490977489659027	4	14.492	0.00587956931374889	14.492	0.00587956931374889	A
Diet.5mo.as.AL	TF0111	40	-0.620116911167179	0.200976826141388	-3.08551449972109	4	14.492	0.00587956931374889	14.492	0.00587956931374889	A
Diet.5mo.as.AL	Turicibacter	AL	0	NA	NA	4	16.412	0.00251333542197807	16.412	0.00251333542197807	A
Diet.5mo.as.AL	Turicibacter	1D	-0.349318820396453	0.208612840354985	-1.67448379400826	4	16.412	0.00251333542197807	16.412	0.00251333542197807	A
Diet.5mo.as.AL	Turicibacter	2D	-0.38049449634264	0.203684436073548	-1.868058766185	4	16.412	0.00251333542197807	16.412	0.00251333542197807	A
Diet.5mo.as.AL	Turicibacter	20	-0.584631334542268	0.201786403116165	-2.89727813922975	4	16.412	0.00251333542197807	16.412	0.00251333542197807	A
Diet.5mo.as.AL	Turicibacter	40	0.201238344154864	0.206123112189304	0.976301696677499	4	16.412	0.00251333542197807	16.412	0.00251333542197807	A
Diet.5mo.as.AL	UBA11940	AL	0	NA	NA	4	7.688	0.103699376706542	7.688	0.103699376706542	A
Diet.5mo.as.AL	UBA11940	1D	-0.421920835983377	0.204722442666701	-2.06094080593932	4	7.688	0.103699376706542	7.688	0.103699376706542	A
Diet.5mo.as.AL	UBA11940	2D	-0.377813832469701	0.19980018076477	-1.89095841166686	4	7.688	0.103699376706542	7.688	0.103699376706542	A
Diet.5mo.as.AL	UBA11940	20	0.0138585562034271	0.197076226975625	0.0703207911786393	4	7.688	0.103699376706542	7.688	0.103699376706542	A
Diet.5mo.as.AL	UBA11940	40	-0.0601578488076509	0.201906174276949	-0.297949525432215	4	7.688	0.103699376706542	7.688	0.103699376706542	A
Diet.5mo.as.AL	UBA11957	AL	0	NA	NA	4	47.72	1.07953013195328e-09	47.72	1.07953013195328e-09	A
Diet.5mo.as.AL	UBA11957	1D	-0.466058752947753	0.170909622559803	-2.72693102920331	4	47.72	1.07953013195328e-09	47.72	1.07953013195328e-09	A
Diet.5mo.as.AL	UBA11957	2D	-0.856884501683831	0.165745551404811	-5.16987933866777	4	47.72	1.07953013195328e-09	47.72	1.07953013195328e-09	A
Diet.5mo.as.AL	UBA11957	20	-0.518468712621009	0.164239801782954	-3.15677872837532	4	47.72	1.07953013195328e-09	47.72	1.07953013195328e-09	A
Diet.5mo.as.AL	UBA11957	40	-1.06263594423285	0.167736809948751	-6.33513862912693	4	47.72	1.07953013195328e-09	47.72	1.07953013195328e-09	A
Diet.5mo.as.AL	UBA1394	AL	0	NA	NA	4	6.628	0.156901909046881	6.628	0.156901909046881	A
Diet.5mo.as.AL	UBA1394	1D	0.0737000074468772	0.184367395144074	0.399745342115857	4	6.628	0.156901909046881	6.628	0.156901909046881	A
Diet.5mo.as.AL	UBA1394	2D	-0.201750069423395	0.17801809231869	-1.13331216392444	4	6.628	0.156901909046881	6.628	0.156901909046881	A
Diet.5mo.as.AL	UBA1394	20	0.170540827575996	0.175859027608774	0.969758731723404	4	6.628	0.156901909046881	6.628	0.156901909046881	A
Diet.5mo.as.AL	UBA1394	40	0.250453884856713	0.180418067681102	1.38818627244918	4	6.628	0.156901909046881	6.628	0.156901909046881	A
Diet.5mo.as.AL	UBA1405	AL	0	NA	NA	4	4.636	0.326724553127836	4.636	0.326724553127836	A
Diet.5mo.as.AL	UBA1405	1D	-0.145113909699006	0.205622567501142	-0.705729490019133	4	4.636	0.326724553127836	4.636	0.326724553127836	A
Diet.5mo.as.AL	UBA1405	2D	-0.179569452869847	0.2022865742817	-0.887698323566361	4	4.636	0.326724553127836	4.636	0.326724553127836	A
Diet.5mo.as.AL	UBA1405	20	0.146867869055346	0.198822566529668	0.738688125894557	4	4.636	0.326724553127836	4.636	0.326724553127836	A
Diet.5mo.as.AL	UBA1405	40	0.168969626883257	0.202913972304325	0.832715583675239	4	4.636	0.326724553127836	4.636	0.326724553127836	A
Diet.5mo.as.AL	UBA2882	AL	0	NA	NA	4	35.356	3.92529697856858e-07	35.356	3.92529697856858e-07	A
Diet.5mo.as.AL	UBA2882	1D	-0.151858359814295	0.187590344470245	-0.80952119493753	4	35.356	3.92529697856858e-07	35.356	3.92529697856858e-07	A
Diet.5mo.as.AL	UBA2882	2D	-0.976407904980079	0.181152642380217	-5.38997329628081	4	35.356	3.92529697856858e-07	35.356	3.92529697856858e-07	A
Diet.5mo.as.AL	UBA2882	20	-0.331546558757427	0.171417176304161	-1.93415015872817	4	35.356	3.92529697856858e-07	35.356	3.92529697856858e-07	A
Diet.5mo.as.AL	UBA2882	40	-0.175227670015096	0.180681047375523	-0.969817656917314	4	35.356	3.92529697856858e-07	35.356	3.92529697856858e-07	A
Diet.5mo.as.AL	UBA3282	AL	0	NA	NA	4	2.4868	0.647001007192298	2.4868	0.647001007192298	A
Diet.5mo.as.AL	UBA3282	1D	-0.256232402623954	0.17330166419895	-1.47853399912998	4	2.4868	0.647001007192298	2.4868	0.647001007192298	A
Diet.5mo.as.AL	UBA3282	2D	-0.0471190877120258	0.16623503919871	-0.283448591459119	4	2.4868	0.647001007192298	2.4868	0.647001007192298	A
Diet.5mo.as.AL	UBA3282	20	-0.136836048773482	0.163728167202082	-0.835751423300256	4	2.4868	0.647001007192298	2.4868	0.647001007192298	A
Diet.5mo.as.AL	UBA3282	40	-0.052261186687432	0.169453311419794	-0.308410536504436	4	2.4868	0.647001007192298	2.4868	0.647001007192298	A
Diet.5mo.as.AL	UBA3700	AL	0	NA	NA	4	13.392	0.00951106628091858	13.392	0.00951106628091858	A
Diet.5mo.as.AL	UBA3700	1D	0.162684410059974	0.167605894519687	0.970636566966713	4	13.392	0.00951106628091858	13.392	0.00951106628091858	A
Diet.5mo.as.AL	UBA3700	2D	0.106508132796906	0.159831956327752	0.666375706360621	4	13.392	0.00951106628091858	13.392	0.00951106628091858	A
Diet.5mo.as.AL	UBA3700	20	0.335460419031433	0.156005595220318	2.15031017674514	4	13.392	0.00951106628091858	13.392	0.00951106628091858	A
Diet.5mo.as.AL	UBA3700	40	0.553149193104204	0.162865727688972	3.39635109825294	4	13.392	0.00951106628091858	13.392	0.00951106628091858	A
Diet.5mo.as.AL	UBA3700NOV	AL	0	NA	NA	4	46.24	2.1952747397691e-09	46.24	2.1952747397691e-09	A
Diet.5mo.as.AL	UBA3700NOV	1D	0.379992164378485	0.19326251565122	1.96619692700397	4	46.24	2.1952747397691e-09	46.24	2.1952747397691e-09	A
Diet.5mo.as.AL	UBA3700NOV	2D	0.727409516143282	0.188101488470179	3.86711196205447	4	46.24	2.1952747397691e-09	46.24	2.1952747397691e-09	A
Diet.5mo.as.AL	UBA3700NOV	20	0.458512316333454	0.18419645195557	2.48925704846937	4	46.24	2.1952747397691e-09	46.24	2.1952747397691e-09	A
Diet.5mo.as.AL	UBA3700NOV	40	1.24595547029774	0.19002989642073	6.5566286871997	4	46.24	2.1952747397691e-09	46.24	2.1952747397691e-09	A
Diet.5mo.as.AL	UBA3818	AL	0	NA	NA	4	19.064	0.000763511967910246	19.064	0.000763511967910246	A
Diet.5mo.as.AL	UBA3818	1D	0.0276208570879979	0.199633010010193	0.13835816574918	4	19.064	0.000763511967910246	19.064	0.000763511967910246	A
Diet.5mo.as.AL	UBA3818	2D	-0.590818573163378	0.19387085488012	-3.04748526295359	4	19.064	0.000763511967910246	19.064	0.000763511967910246	A
Diet.5mo.as.AL	UBA3818	20	-0.614397984910119	0.192239909988451	-3.19599600804552	4	19.064	0.000763511967910246	19.064	0.000763511967910246	A
Diet.5mo.as.AL	UBA3818	40	-0.390940028145796	0.196530096901611	-1.98921200523049	4	19.064	0.000763511967910246	19.064	0.000763511967910246	A
Diet.5mo.as.AL	UBA7160	AL	0	NA	NA	4	9.564	0.0484486717246124	9.564	0.0484486717246124	A
Diet.5mo.as.AL	UBA7160	1D	0.0482358555089059	0.208365365371739	0.231496512977815	4	9.564	0.0484486717246124	9.564	0.0484486717246124	A
Diet.5mo.as.AL	UBA7160	2D	0.0506737061114233	0.20330967585595	0.249243947185902	4	9.564	0.0484486717246124	9.564	0.0484486717246124	A
Diet.5mo.as.AL	UBA7160	20	0.0315988158488811	0.201642906814122	0.156706805848665	4	9.564	0.0484486717246124	9.564	0.0484486717246124	A
Diet.5mo.as.AL	UBA7160	40	-0.494676632851347	0.205189034331535	-2.41083367082898	4	9.564	0.0484486717246124	9.564	0.0484486717246124	A
Diet.5mo.as.AL	UBA7173	AL	0	NA	NA	4	13.888	0.00766122739863495	13.888	0.00766122739863495	A
Diet.5mo.as.AL	UBA7173	1D	0.588780569558896	0.177026607819387	3.32594391776181	4	13.888	0.00766122739863495	13.888	0.00766122739863495	A
Diet.5mo.as.AL	UBA7173	2D	0.474065701328243	0.169149418900634	2.80264457548466	4	13.888	0.00766122739863495	13.888	0.00766122739863495	A
Diet.5mo.as.AL	UBA7173	20	0.335716028416169	0.161757013325394	2.0754341435622	4	13.888	0.00766122739863495	13.888	0.00766122739863495	A
Diet.5mo.as.AL	UBA7173	40	0.222870252390993	0.170600773150154	1.30638477350179	4	13.888	0.00766122739863495	13.888	0.00766122739863495	A
Diet.5mo.as.AL	UBA7182	AL	0	NA	NA	4	21.336	0.000271608206323881	21.336	0.000271608206323881	A
Diet.5mo.as.AL	UBA7182	1D	-0.309508788331879	0.186869773789534	-1.6562806389463	4	21.336	0.000271608206323881	21.336	0.000271608206323881	A
Diet.5mo.as.AL	UBA7182	2D	-0.423199567847593	0.181189572328375	-2.33567286687237	4	21.336	0.000271608206323881	21.336	0.000271608206323881	A
Diet.5mo.as.AL	UBA7182	20	-0.161586118610339	0.179423696639184	-0.900584045680899	4	21.336	0.000271608206323881	21.336	0.000271608206323881	A
Diet.5mo.as.AL	UBA7182	40	-0.81697226286837	0.184029968349484	-4.43934360362923	4	21.336	0.000271608206323881	21.336	0.000271608206323881	A
Diet.5mo.as.AL	UBA946	AL	0	NA	NA	4	8.808	0.0660818879238043	8.808	0.0660818879238043	A
Diet.5mo.as.AL	UBA946	1D	0.113471272882971	0.21074894611365	0.53841917112971	4	8.808	0.0660818879238043	8.808	0.0660818879238043	A
Diet.5mo.as.AL	UBA946	2D	-0.194730209594992	0.20502376861821	-0.949793338145168	4	8.808	0.0660818879238043	8.808	0.0660818879238043	A
Diet.5mo.as.AL	UBA946	20	-0.301553079482121	0.203612734917198	-1.48101286299579	4	8.808	0.0660818879238043	8.808	0.0660818879238043	A
Diet.5mo.as.AL	UBA946	40	0.291846317663743	0.208098102670445	1.40244583645208	4	8.808	0.0660818879238043	8.808	0.0660818879238043	A
Diet.5mo.as.AL	UBA9475	AL	0	NA	NA	4	9.172	0.0569411766576264	9.172	0.0569411766576264	A
Diet.5mo.as.AL	UBA9475	1D	0.0998917288900722	0.173421433834436	0.576005668281106	4	9.172	0.0569411766576264	9.172	0.0569411766576264	A
Diet.5mo.as.AL	UBA9475	2D	-0.0818470853895407	0.16603294325516	-0.492956902316416	4	9.172	0.0569411766576264	9.172	0.0569411766576264	A
Diet.5mo.as.AL	UBA9475	20	-0.309424340923059	0.162968565005318	-1.89867500467321	4	9.172	0.0569411766576264	9.172	0.0569411766576264	A
Diet.5mo.as.AL	UBA9475	40	-0.322329018731438	0.168806962373915	-1.90945334362137	4	9.172	0.0569411766576264	9.172	0.0569411766576264	A
Diet.5mo.as.AL	UBA9502	AL	0	NA	NA	4	15.88	0.0031844859160649	15.88	0.0031844859160649	A
Diet.5mo.as.AL	UBA9502	1D	-0.0856227440581166	0.170274404909368	-0.502851524300971	4	15.88	0.0031844859160649	15.88	0.0031844859160649	A
Diet.5mo.as.AL	UBA9502	2D	-0.240029095476413	0.164055304549285	-1.4630986552727	4	15.88	0.0031844859160649	15.88	0.0031844859160649	A
Diet.5mo.as.AL	UBA9502	20	-0.310453555709232	0.161905685309092	-1.91749631964158	4	15.88	0.0031844859160649	15.88	0.0031844859160649	A
Diet.5mo.as.AL	UBA9502	40	-0.630149575513376	0.166663628575604	-3.78096637460117	4	15.88	0.0031844859160649	15.88	0.0031844859160649	A
Diet.5mo.as.AL	UMGS1004	AL	0	NA	NA	4	61.52	1.38988820452823e-12	61.52	1.38988820452823e-12	A
Diet.5mo.as.AL	UMGS1004	1D	0.0284981708775093	0.188029304855392	0.151562390231812	4	61.52	1.38988820452823e-12	61.52	1.38988820452823e-12	A
Diet.5mo.as.AL	UMGS1004	2D	-0.0248251216979408	0.182846797271107	-0.135770065806144	4	61.52	1.38988820452823e-12	61.52	1.38988820452823e-12	A
Diet.5mo.as.AL	UMGS1004	20	0.784024583889315	0.181072942830346	4.32988259667209	4	61.52	1.38988820452823e-12	61.52	1.38988820452823e-12	A
Diet.5mo.as.AL	UMGS1004	40	1.13227953398538	0.184912926572232	6.1233119553872	4	61.52	1.38988820452823e-12	61.52	1.38988820452823e-12	A
Diet.5mo.as.AL	UMGS1217	AL	0	NA	NA	4	10.516	0.0325773064313218	10.516	0.0325773064313218	A
Diet.5mo.as.AL	UMGS1217	1D	-0.516858478404891	0.205508027573933	-2.51502816949059	4	10.516	0.0325773064313218	10.516	0.0325773064313218	A
Diet.5mo.as.AL	UMGS1217	2D	-0.438269496269133	0.200431907125357	-2.18662538592234	4	10.516	0.0325773064313218	10.516	0.0325773064313218	A
Diet.5mo.as.AL	UMGS1217	20	-0.151695699544245	0.198385471366299	-0.764651254446724	4	10.516	0.0325773064313218	10.516	0.0325773064313218	A
Diet.5mo.as.AL	UMGS1217	40	-0.490522895208242	0.202534638595088	-2.42192100378892	4	10.516	0.0325773064313218	10.516	0.0325773064313218	A
Diet.5mo.as.AL	UMGS1370	AL	0	NA	NA	4	24.14	7.48757509374531e-05	24.14	7.48757509374531e-05	A
Diet.5mo.as.AL	UMGS1370	1D	-0.374751103923855	0.175899267189296	-2.13048701061706	4	24.14	7.48757509374531e-05	24.14	7.48757509374531e-05	A
Diet.5mo.as.AL	UMGS1370	2D	-0.394682173978775	0.169828041141622	-2.32401063643927	4	24.14	7.48757509374531e-05	24.14	7.48757509374531e-05	A
Diet.5mo.as.AL	UMGS1370	20	-0.458433912129133	0.168135067435582	-2.72658118928565	4	24.14	7.48757509374531e-05	24.14	7.48757509374531e-05	A
Diet.5mo.as.AL	UMGS1370	40	-0.838699117326684	0.172378498667358	-4.8654508758957	4	24.14	7.48757509374531e-05	24.14	7.48757509374531e-05	A
Diet.5mo.as.AL	UMGS1815	AL	0	NA	NA	4	85.52	0	85.52	0	A
Diet.5mo.as.AL	UMGS1815	1D	0.452412419827782	0.183340007558889	2.46761427498287	4	85.52	0	85.52	0	A
Diet.5mo.as.AL	UMGS1815	2D	0.813268328278713	0.178412424797709	4.55836149977128	4	85.52	0	85.52	0	A
Diet.5mo.as.AL	UMGS1815	20	1.03943379102703	0.170921670886981	6.08134583305322	4	85.52	0	85.52	0	A
Diet.5mo.as.AL	UMGS1815	40	1.52985176884961	0.178572436475986	8.56712155044905	4	85.52	0	85.52	0	A
Diet.5mo.as.AL	UMGS1872	AL	0	NA	NA	4	19.844	0.000536083354814809	19.844	0.000536083354814809	A
Diet.5mo.as.AL	UMGS1872	1D	0.22757406439511	0.184892644001571	1.23084434009812	4	19.844	0.000536083354814809	19.844	0.000536083354814809	A
Diet.5mo.as.AL	UMGS1872	2D	0.120422504044509	0.178005653028461	0.676509436614661	4	19.844	0.000536083354814809	19.844	0.000536083354814809	A
Diet.5mo.as.AL	UMGS1872	20	-0.364183399295737	0.176303730342313	-2.06565906795413	4	19.844	0.000536083354814809	19.844	0.000536083354814809	A
Diet.5mo.as.AL	UMGS1872	40	-0.472051533690325	0.181262405621782	-2.6042440078573	4	19.844	0.000536083354814809	19.844	0.000536083354814809	A
Diet.5mo.as.AL	UMGS268	AL	0	NA	NA	4	4.536	0.338300128619395	4.536	0.338300128619395	A
Diet.5mo.as.AL	UMGS268	1D	-0.234314619382342	0.19686983191099	-1.19020073877181	4	4.536	0.338300128619395	4.536	0.338300128619395	A
Diet.5mo.as.AL	UMGS268	2D	0.0936178250806788	0.191059737754962	0.489992429492108	4	4.536	0.338300128619395	4.536	0.338300128619395	A
Diet.5mo.as.AL	UMGS268	20	-0.0236236174421753	0.189408621002434	-0.124723031703355	4	4.536	0.338300128619395	4.536	0.338300128619395	A
Diet.5mo.as.AL	UMGS268	40	0.196464793769079	0.193666227190049	1.01445046263169	4	4.536	0.338300128619395	4.536	0.338300128619395	A
Diet.5mo.as.AL	uniq	AL	0	NA	NA	4	9.952	0.0412440445087735	9.952	0.0412440445087735	A
Diet.5mo.as.AL	uniq	1D	0.50580720829034	0.180741458947395	2.7985123680868	4	9.952	0.0412440445087735	9.952	0.0412440445087735	A
Diet.5mo.as.AL	uniq	2D	0.368361488480753	0.175340328753785	2.10083721810521	4	9.952	0.0412440445087735	9.952	0.0412440445087735	A
Diet.5mo.as.AL	uniq	20	0.264887553723232	0.172875596335926	1.53224375989143	4	9.952	0.0412440445087735	9.952	0.0412440445087735	A
Diet.5mo.as.AL	uniq	40	0.357991834314103	0.177647001321529	2.0151864745871	4	9.952	0.0412440445087735	9.952	0.0412440445087735	A
Diet.5mo.as.AL	X142	AL	0	NA	NA	4	6.66	0.154984144942947	6.66	0.154984144942947	A
Diet.5mo.as.AL	X142	1D	-0.132251803777457	0.195716848573019	-0.67573029476875	4	6.66	0.154984144942947	6.66	0.154984144942947	A
Diet.5mo.as.AL	X142	2D	0.166216375565553	0.189716473344292	0.876130431034886	4	6.66	0.154984144942947	6.66	0.154984144942947	A
Diet.5mo.as.AL	X142	20	-0.31587846945541	0.187787652308594	-1.68210457701618	4	6.66	0.154984144942947	6.66	0.154984144942947	A
Diet.5mo.as.AL	X142	40	-0.19346780040521	0.192326011117877	-1.00593673877338	4	6.66	0.154984144942947	6.66	0.154984144942947	A
Diet.5mo.as.AL	X1XD4269	AL	0	NA	NA	4	4.824	0.305837498001523	4.824	0.305837498001523	A
Diet.5mo.as.AL	X1XD4269	1D	-0.14684159347328	0.190554641559544	-0.770600979705842	4	4.824	0.305837498001523	4.824	0.305837498001523	A
Diet.5mo.as.AL	X1XD4269	2D	-0.2044286216776	0.184602986944054	-1.10739606688788	4	4.824	0.305837498001523	4.824	0.305837498001523	A
Diet.5mo.as.AL	X1XD4269	20	-0.219636022133197	0.178356241595804	-1.23144567393914	4	4.824	0.305837498001523	4.824	0.305837498001523	A
Diet.5mo.as.AL	X1XD4269	40	0.122585923621094	0.185078385379513	0.662345975029578	4	4.824	0.305837498001523	4.824	0.305837498001523	A
Diet.5mo.as.AL	X1XD876	AL	0	NA	NA	4	1.6888	0.79275109947691	1.6888	0.79275109947691	A
Diet.5mo.as.AL	X1XD876	1D	-0.100764269029397	0.204799716672382	-0.492013713039404	4	1.6888	0.79275109947691	1.6888	0.79275109947691	A
Diet.5mo.as.AL	X1XD876	2D	-0.197409643389896	0.199198790085325	-0.991018285328627	4	1.6888	0.79275109947691	1.6888	0.79275109947691	A
Diet.5mo.as.AL	X1XD876	20	-0.165605153487004	0.197238463096067	-0.83961896116755	4	1.6888	0.79275109947691	1.6888	0.79275109947691	A
Diet.5mo.as.AL	X1XD876	40	-0.216995130188432	0.202007040148668	-1.07419587965218	4	1.6888	0.79275109947691	1.6888	0.79275109947691	A
