fixef	feature	fixef.value	solution	std.error	z.ratio	Df	Wald(inc)	Pr(chisq)(inc)	Wald(con)	Pr(chisq)(con)	Margin
(Intercept)	Acetatifactor	NA	-0.00620791263677987	0.169490364403357	-0.0366269354522486	1	0.0113	0.915343174728747	0.005601	0.940342151725546	 
(Intercept)	Acutalibacter	NA	0.336040397632933	0.129045059667619	2.60405472707341	1	0.02879	0.865264822061014	0.01299	0.909258656850399	 
(Intercept)	Adlercreutzia	NA	-0.201025894986397	0.21721346246642	-0.925476223728418	1	0.07888	0.778820976325954	0.06445	0.799595957031601	 
(Intercept)	AF3328	NA	0.125944766434634	0.153605357084336	0.819924310097368	1	0.01433	0.904714480269557	0.008952	0.924620627559662	 
(Intercept)	Akkermansia	NA	-0.178038137894779	0.186631309064383	-0.953956433072865	1	0.005496	0.940902956376478	0.007881	0.929260729135003	 
(Intercept)	Alistipes	NA	-0.0994506122442659	0.208378337427596	-0.477259841267432	1	0.05014	0.822819842214396	0.0001996	0.988727872755608	 
(Intercept)	AM0715	NA	0.315625674467821	0.157012538029844	2.01019408021943	1	0.04492	0.832151200170759	0.01607	0.899124416464645	 
(Intercept)	Anaerotignum	NA	0.0684700818574932	0.174582875088101	0.392192429085273	1	0.007686	0.930139095323688	0.002676	0.958743778009518	 
(Intercept)	Anaerotruncus	NA	0.285218613945352	0.159386386131475	1.78947914478769	1	0.005711	0.939760282995308	0.002611	0.959247473377133	 
(Intercept)	AnaerovoracaceaeNOV	NA	0.0378423699071874	0.127052260581021	0.297848851599578	1	0.006896	0.933818018145941	0.01205	0.91258980738027	 
(Intercept)	Angelakisella	NA	0.23043221734672	0.137396264377708	1.67713597156653	1	0.02897	0.864848323695264	0.006825	0.934158820237803	 
(Intercept)	ASF356	NA	0.166958227894999	0.208151776423794	0.802098501216124	1	0.005118	0.942967832730824	0.0293	0.864088187023325	 
(Intercept)	Bacteroides	NA	-0.251956751719396	0.176986739705778	-1.42359112404832	1	5.198e-05	0.994247529017083	0.002209	0.962513227530156	 
(Intercept)	Bifidobacterium	NA	-0.116662304090081	0.157183078586795	-0.742206509370926	1	0.1773	0.673703919563654	0.03515	0.851281690652677	 
(Intercept)	BorkfalkiaceaeNOV	NA	-0.0780124344539078	0.16150890907324	-0.483022484032327	1	0.003951	0.949880391638143	0.01178	0.913570756591569	 
(Intercept)	ButyricicoccaceaeNOV	NA	0.19228641694459	0.173398851402416	1.10892555163667	1	0.02318	0.878989921174268	0.01291	0.909537303377279	 
(Intercept)	CAG115	NA	0.147292753495118	0.205541894108136	0.716606967811768	1	0.01349	0.907536468774462	0.0299	0.862717325488669	 
(Intercept)	CAG145	NA	0.044554645033128	0.200271065670665	0.222471702958808	1	0.01408	0.905545380965688	0.007895	0.929198090564774	 
(Intercept)	CAG273	NA	-0.002862701730032	0.110658760559789	-0.0258696348626215	1	0.01009	0.919987876399286	2.246e-06	0.998804237925732	 
(Intercept)	CAG274NOV	NA	0.386180276718946	0.0661855129532251	5.83481580012636	1	0.06853	0.793489245518987	0.003864	0.950434555330036	 
(Intercept)	CAG303	NA	0.181173535543883	0.128724643095133	1.4074502844804	1	0.01194	0.912988097097478	0.001088	0.973686672999876	 
(Intercept)	CAG41	NA	0.280748755269296	0.0646357863823838	4.34354977300645	1	0.3217	0.570587793900191	0.2	0.654720846018577	 
(Intercept)	CAG475	NA	-0.00267097051114986	0.205316722620332	-0.0130090256510132	1	0.000411	0.983825486599871	0.007647	0.930316110986888	 
(Intercept)	CAG485	NA	-0.353784684375131	0.164369213093895	-2.15237803792997	1	0.006904	0.933779728865063	1.652e-06	0.998974478042742	 
(Intercept)	CAG510	NA	-0.0596168304592033	0.161692757901057	-0.368704394885045	1	0.0009712	0.975138684492362	0.009508	0.922322208014103	 
(Intercept)	CAG552NOV	NA	0.0361199789175478	0.216280212707872	0.167005471583916	1	0.003966	0.949785467509706	4.59e-05	0.994594410256272	 
(Intercept)	CAG56	NA	0.0707753033687217	0.155985240688505	0.45373077001597	1	0.002564	0.959615611134008	8.071e-05	0.992832001707729	 
(Intercept)	CAG582	NA	-0.0871326706349219	0.167417890179284	-0.520450177347316	1	0.001769	0.96645128049677	0.01348	0.90757059249428	 
(Intercept)	CAG776	NA	-0.129877298071626	0.153040693263567	-0.848645515790696	1	9.43e-05	0.992252009452071	0.002298	0.961766085524617	 
(Intercept)	CAG81	NA	0.213508334496374	0.129369033173777	1.65038208339684	1	0.02429	0.876149291622471	0.01619	0.898750501968498	 
(Intercept)	CAG873	NA	-0.29357211101762	0.199112849177461	-1.47440063376307	1	3.17e-05	0.995507713996043	0.0003895	0.984254168477088	 
(Intercept)	CAG95	NA	0.149881750480948	0.132245386433437	1.13336090220726	1	0.005486	0.940956646207071	5.952e-06	0.998053425221717	 
(Intercept)	Chao1	NA	-0.0603198259621774	0.0698792997557436	-0.863200206255924	1	0.0001568	0.990009166044021	0.0002605	0.987122692393799	 
(Intercept)	Clostridium	NA	-0.0476126848003047	0.116812630493963	-0.407598772486896	1	2.843e-05	0.995745716439821	0.003976	0.949722284848095	 
(Intercept)	ClostridiumQ	NA	0.131784122927747	0.183198992944358	0.719349603454274	1	0.004844	0.944512951839919	0.0009374	0.975574993439428	 
(Intercept)	COE1	NA	0.343828959764671	0.172755347479517	1.99026522062038	1	0.0005777	0.980824379259339	0.003162	0.955157257092928	 
(Intercept)	D1663	NA	0.00681755321697835	0.131165030451108	0.0519769117845753	1	0.03002	0.862444857868699	0.02212	0.88176831386097	 
(Intercept)	Desulfovibrio	NA	-0.0593363098642022	0.180290979295408	-0.329114135915692	1	0.1181	0.731104398932723	0.03389	0.85394099351932	 
(Intercept)	Dorea	NA	0.193845939645841	0.187338543479964	1.03473602412508	1	0.002575	0.959529150039433	0.01261	0.91059009580149	 
(Intercept)	Dubosiella	NA	-0.00418039031746317	0.0994739154327398	-0.042024990162268	1	0.04819	0.826243281902909	0.0002036	0.988615493445889	 
(Intercept)	Duncaniella	NA	-0.23807596215119	0.206636115674435	-1.15215078145531	1	0.0003064	0.986034314283961	0.0004325	0.983407882564742	 
(Intercept)	Emergencia	NA	0.151299238861305	0.110990048269307	1.36317842203466	1	0.001148	0.972971128294709	0.00661	0.935201857846448	 
(Intercept)	EnterococcusD	NA	-0.152229631789982	0.209983522007435	-0.724959893684381	1	0.0004169	0.983709821855129	0.009868	0.920870060809452	 
(Intercept)	ErysipelatoclostridiaceaeNOV	NA	-0.100521504232982	0.234319823573596	-0.428992744616888	1	0.0001225	0.991169216468461	0.0002634	0.987051219125086	 
(Intercept)	Erysipelatoclostridium	NA	-0.167485201798841	0.204964612034868	-0.817142042892504	1	0.0001214	0.991208952681178	6.048e-05	0.993795003011441	 
(Intercept)	ErysipelotrichaceaeNOV	NA	0.0394070749065521	0.095508671255228	0.412602064175351	1	0.003517	0.952709736230257	0.02774	0.867721545631539	 
(Intercept)	Escherichia	NA	-0.208887707307605	0.184391484471154	-1.13284899195159	1	0.07995	0.777365180651443	0.04291	0.835894830408992	 
(Intercept)	EubacteriumF	NA	-0.0473774419411789	0.144888944912169	-0.326991420704311	1	0.005592	0.940390012430582	0.001325	0.970962976076314	 
(Intercept)	EubacteriumG	NA	0.230017016457171	0.138282467256599	1.66338525064315	1	0.03626	0.848979566616447	0.009527	0.922244880227447	 
(Intercept)	EubacteriumJ	NA	0.324877336764652	0.148881239541393	2.18212407261915	1	0.01067	0.917728294562405	0.000472	0.982666873867343	 
(Intercept)	Evtepia	NA	0.2615476799835	0.13168130477589	1.98621725710139	1	5.965e-05	0.993837726525446	0.001336	0.970842747604871	 
(Intercept)	Flavonifractor	NA	0.25347155705541	0.151688078865235	1.67100512414428	1	0.003314	0.954093255970023	0.00133	0.970908265065959	 
(Intercept)	HungatellaA	NA	0.0924363299717774	0.182463913178466	0.506600611384271	1	0.04069	0.840137483531514	0.01875	0.891085620217217	 
(Intercept)	Ileibacterium	NA	-0.217537471877313	0.208385833567891	-1.04391679680298	1	0.01489	0.902879545621183	0.0003307	0.985491142254766	 
(Intercept)	Kineothrix	NA	-0.314539056265442	0.159663339451737	-1.97001426467421	1	0.004614	0.945844198611404	0.02645	0.870806174560504	 
(Intercept)	Lachnospira	NA	0.170400596331417	0.161431581599378	1.05555923223436	1	0.001218	0.972159594855259	0.002927	0.956854093229639	 
(Intercept)	LachnospiraceaeNOV	NA	0.111934956913468	0.119891529842337	0.933635237290472	1	0.01594	0.899531094804789	0.001583	0.968262994314903	 
(Intercept)	Lactobacillus	NA	-0.391803453877786	0.237021073693951	-1.65303214508131	1	0.008332	0.927270276455913	0.001843	0.965757194054394	 
(Intercept)	Lawsonibacter	NA	0.216088863218663	0.109477487069942	1.97382008851381	1	0.03016	0.862127686959654	0.01593	0.899562447421705	 
(Intercept)	Ligilactobacillus	NA	-0.361311241263749	0.0655621724244398	-5.51097115764673	1	0.577	0.447490633490528	0.01481	0.903139509247987	 
(Intercept)	Limosilactobacillus	NA	-0.370517519212711	0.18972943934729	-1.95287310439208	1	0.0003913	0.984217831969742	0.0001227	0.991162010900142	 
(Intercept)	Mailhella	NA	-0.103602356504751	0.207467988544793	-0.499365503234649	1	0.03144	0.85926231851067	0.02696	0.869577632377331	 
(Intercept)	MarseilleP3106	NA	-0.0835606582396989	0.118079025078509	-0.70766724389993	1	0.004447	0.946831814760669	0.0006912	0.979025486424426	 
(Intercept)	MuribaculaceaeNOV	NA	-0.106766953145055	0.181663817633966	-0.587717215985073	1	0.001634	0.967756080546211	0.05324	0.817518391733396	 
(Intercept)	Muribaculum	NA	-0.274613427829732	0.206106036372117	-1.33238905887224	1	0.00582	0.939189237141279	0.0006674	0.979389674210472	 
(Intercept)	Oscillibacter	NA	0.171629105745454	0.116376408578358	1.47477575431359	1	0.03679	0.847893234926676	0.009454	0.922542408575786	 
(Intercept)	OscillospiraceaeNOV	NA	0.192176866258632	0.164717175475515	1.16670812077638	1	0.01101	0.916432506676374	0.0001812	0.989259956444445	 
(Intercept)	Paramuribaculum	NA	-0.420818099357374	0.185178277847691	-2.27250250001513	1	5.018e-07	0.999434795834817	0.001814	0.966027507062643	 
(Intercept)	Parvibacter	NA	-0.208323711272061	0.240476805923822	-0.866294404035178	1	0.1116	0.738329860017026	0.102	0.749442629744496	 
(Intercept)	PCoA1	NA	-0.428628390210445	0.177733765801939	-2.41163173624586	1	0.01642	0.898037747999006	0.002509	0.960050733011883	 
(Intercept)	PCoA2	NA	-0.360394003101501	0.15330933863704	-2.35076353668667	1	0.0004546	0.982989312232907	0.01255	0.910802170859609	 
(Intercept)	PCoA3	NA	0.0746046875126122	0.192043792397672	0.388477474752871	1	0.04511	0.831801890663848	0.003753	0.951150765721879	 
(Intercept)	Prevotella	NA	-0.157713594829297	0.212650528512161	-0.741656256077812	1	0.002533	0.959860279630105	0.001559	0.968504370960431	 
(Intercept)	Romboutsia	NA	-0.122508894584355	0.139115441685758	-0.880627578792333	1	0.004587	0.94600264151605	0.0005342	0.981560321786217	 
(Intercept)	Roseburia	NA	0.124704847359667	0.0922877503740453	1.35126110295498	1	0.003809	0.950788124887636	0.01432	0.904747574487525	 
(Intercept)	RuminiclostridiumE	NA	0.22932065269469	0.134063198811128	1.71054140680145	1	5.101e-06	0.998197947853919	0.005685	0.939897303376064	 
(Intercept)	Schaedlerella	NA	0.343135150483141	0.159041230790015	2.15752323330664	1	0.001781	0.966337751364655	0.002255	0.962125218437485	 
(Intercept)	Shannon	NA	-0.127609173015268	0.0980029407618954	-1.30209534553971	1	0.001122	0.973278841510175	3.767e-06	0.998451405904945	 
(Intercept)	Simpson	NA	-0.208818947142486	0.0633661712315409	-3.29543261150273	1	0.02876	0.865334368557653	0.01103	0.91635691806855	 
(Intercept)	Staphylococcus	NA	-0.0631851903825824	0.0875284865100929	-0.721881445708495	1	0.09907	0.752948537515848	0.06524	0.798397782452343	 
(Intercept)	TF0111	NA	0.331584220758588	0.189325106576214	1.75140121009311	1	0.01277	0.910027047289791	0.0008996	0.976072370600488	 
(Intercept)	Turicibacter	NA	0.109140878154952	0.148172406936367	0.736580314861341	1	0.01714	0.895838733329168	0.001348	0.970712153152527	 
(Intercept)	UBA11940	NA	0.281168303973363	0.179786801783694	1.56389846854077	1	0.016	0.899343188561366	0.003065	0.955849716753564	 
(Intercept)	UBA11957	NA	0.456251515757173	0.185015382133314	2.46601936820809	1	0.01358	0.907229930320405	6.231e-06	0.998008324935478	 
(Intercept)	UBA1394	NA	-0.0889368976382185	0.198281818379238	-0.448537835517101	1	0.0001697	0.989606335368685	0.002693	0.958613057149476	 
(Intercept)	UBA1405	NA	0.262125599564915	0.189942095443826	1.38002899753434	1	0.02797	0.867179371706868	0.04119	0.839171614539826	 
(Intercept)	UBA2882	NA	8.8298654624631e-05	0.212675455803942	0.000415180276872337	1	0.009014	0.924360826407817	0.01138	0.915045164098182	 
(Intercept)	UBA3282	NA	0.113623364107825	0.135425792096883	0.839008303725032	1	0.02093	0.884969813422991	0.004349	0.947420062510046	 
(Intercept)	UBA3700	NA	-0.0941703319705442	0.172541340691561	-0.545784167394904	1	0.003215	0.954783401304957	7.109e-05	0.993272725129129	 
(Intercept)	UBA3700NOV	NA	-0.411625298245412	0.0886664171793272	-4.64240364435728	1	0.009364	0.922910824973816	0.01789	0.893597494660631	 
(Intercept)	UBA3818	NA	0.281332866073479	0.100584954871527	2.79696766214008	1	0.04515	0.831728449838931	0.01764	0.894339167828957	 
(Intercept)	UBA7160	NA	-0.0387201039947504	0.123409883129111	-0.313752051399657	1	3.584e-05	0.995223371475258	0.0004817	0.982489702728099	 
(Intercept)	UBA7173	NA	-0.234148937064514	0.214345314109375	-1.09239121012477	1	1.719e-05	0.996691914272418	2.127e-05	0.99632021650722	 
(Intercept)	UBA7182	NA	0.400500062460942	0.188414132601776	2.12563705774355	1	0.005607	0.940310266068152	0.0005483	0.981318596597966	 
(Intercept)	UBA946	NA	0.0204425460041161	0.180431227945229	0.113298270132715	1	0.0002717	0.986848805078399	0.003909	0.950147145826149	 
(Intercept)	UBA9475	NA	0.162415885088351	0.188204334108559	0.862976327605012	1	0.03979	0.841891737870287	0.01356	0.907297960791654	 
(Intercept)	UBA9502	NA	0.374464020487814	0.140242855401742	2.670111211121	1	0.03704	0.847383630389777	0.008692	0.925720129684257	 
(Intercept)	UMGS1004	NA	-0.239556026990496	0.176449451815188	-1.357646762436	1	0.0001083	0.991696781800859	0.0001443	0.990415647406747	 
(Intercept)	UMGS1217	NA	0.109543422863516	0.0774009113814928	1.41527303630314	1	0.02234	0.881186160805414	0.0011	0.973542013577741	 
(Intercept)	UMGS1370	NA	0.440290166426406	0.144986967469166	3.03675684864601	1	0.008836	0.925109156737392	0.0001684	0.98964622039882	 
(Intercept)	UMGS1815	NA	-0.598124777802822	0.152612994412948	-3.91922575206399	1	0.01641	0.89806863140249	0.003255	0.954503288783569	 
(Intercept)	UMGS1872	NA	0.17620902576989	0.212706006214038	0.828415844508769	1	0.002595	0.959372421070702	0.001206	0.972297023780782	 
(Intercept)	UMGS268	NA	0.0507171811195098	0.18073281403573	0.280619661626489	1	0.02824	0.866545822446388	0.006433	0.936073430306223	 
(Intercept)	uniq	NA	-0.222392620987196	0.123376014328223	-1.80255961580631	1	0.01733	0.895266310219391	0.001077	0.973819980670268	 
(Intercept)	X142	NA	0.209430074736672	0.190089748857024	1.10174312921101	1	0.001647	0.967628139492293	0.005555	0.940587181196117	 
(Intercept)	X1XD4269	NA	0.000750766355903245	0.115134396812018	0.00652078246546105	1	0.02468	0.875167065978171	0.05979	0.806828162375187	 
(Intercept)	X1XD876	NA	0.14447036184924	0.195251089929266	0.739920898272976	1	0.0006163	0.980194238823392	0.0005981	0.980488813845947	 
age.wks.scaled	Acetatifactor	NA	-0.0973221953520566	0.0267790489592201	-3.63426630647943	1	14.5	0.000140159542629581	13.21	0.000278459372405004	A
age.wks.scaled	Acutalibacter	NA	-0.0570515827808406	0.0258606219998034	-2.20611796503867	1	53.11	3.15414361296007e-13	4.867	0.0273750506630409	A
age.wks.scaled	Adlercreutzia	NA	0.0619650115777887	0.0262252952227251	2.36279557776318	1	15.16	9.87737876416706e-05	5.583	0.018135630665234	A
age.wks.scaled	AF3328	NA	-0.0376646568608978	0.0263270488513691	-1.43064485022746	1	11.88	0.00056739941299766	2.046	0.152606676144507	A
age.wks.scaled	Akkermansia	NA	-0.0223202045029516	0.0284376424818014	-0.78488237965701	1	3.472	0.0624158023781198	0.616	0.432537606544647	A
age.wks.scaled	Alistipes	NA	0.366769553744169	0.0255905512857233	14.3322255800244	1	239	0	205.4	0	A
age.wks.scaled	AM0715	NA	-0.130866252331693	0.0216906977818532	-6.03328918450829	1	155.1	0	36.4	1.60703217400027e-09	A
age.wks.scaled	Anaerotignum	NA	0.125989448543103	0.0257560721823819	4.89164060618235	1	19.04	1.28006811759285e-05	23.93	9.99027565784516e-07	A
age.wks.scaled	Anaerotruncus	NA	0.0269432001460666	0.0248197339542248	1.08555555816022	1	9.978	0.00158421666974196	1.178	0.277763532185043	A
age.wks.scaled	AnaerovoracaceaeNOV	NA	-0.0462119250725792	0.0286051527452847	-1.61551051602746	1	5.667	0.0172869952449839	2.61	0.106191762392865	A
age.wks.scaled	Angelakisella	NA	-0.155522968998156	0.0274244151891477	-5.67096756395736	1	79.98	0	32.16	1.41984008994456e-08	A
age.wks.scaled	ASF356	NA	-0.290870161900869	0.0222713167311166	-13.0603037715536	1	340.1	0	170.6	0	A
age.wks.scaled	Bacteroides	NA	0.106776835693428	0.0274387030330263	3.89146803203151	1	54.75	1.36890498936282e-13	15.14	9.98256408034637e-05	A
age.wks.scaled	Bifidobacterium	NA	0.502668374282987	0.0247096418108616	20.343005298524	1	545.5	0	413.7	0	A
age.wks.scaled	BorkfalkiaceaeNOV	NA	-0.148074110638742	0.0252046109268094	-5.87488182494575	1	26.39	2.78981098666975e-07	34.52	4.21894019719815e-09	A
age.wks.scaled	ButyricicoccaceaeNOV	NA	-0.105988282730967	0.0233164687672299	-4.54564041360879	1	59.48	1.23234755733392e-14	20.66	5.48499620534049e-06	A
age.wks.scaled	CAG115	NA	0.149288787722444	0.0307814462022967	4.8499601591593	1	21.09	4.38208991604405e-06	23.49	1.2556471825631e-06	A
age.wks.scaled	CAG145	NA	-0.0896630172705645	0.0230142531797025	-3.89597770435771	1	23.67	1.14351287272552e-06	15.18	9.77330872989901e-05	A
age.wks.scaled	CAG273	NA	-0.202505773910753	0.0265922730672515	-7.61521113289634	1	71	0	57.99	2.63122856836162e-14	A
age.wks.scaled	CAG274NOV	NA	-0.0829356782560879	0.025265035784758	-3.28262658967307	1	72.21	0	10.78	0.00102602681541797	A
age.wks.scaled	CAG303	NA	-0.115751556161344	0.0278646981464662	-4.15405742251056	1	42.45	7.25124404965527e-11	17.26	3.25977356170348e-05	A
age.wks.scaled	CAG41	NA	-0.055107126750001	0.0288475476263978	-1.91028809324414	1	16.09	6.04021482776274e-05	3.649	0.0561028869889746	A
age.wks.scaled	CAG475	NA	-0.205277865562194	0.0225943897260331	-9.08534676312474	1	104.6	0	82.55	0	A
age.wks.scaled	CAG485	NA	0.116590852121898	0.0261889779786843	4.45190538618168	1	89.85	0	19.82	8.50876973457204e-06	A
age.wks.scaled	CAG510	NA	0.206233892760936	0.028957134288968	7.12204083121257	1	73.15	0	50.7	1.07625020007163e-12	A
age.wks.scaled	CAG552NOV	NA	-0.171339701320145	0.0241356734776521	-7.09902300753253	1	72.32	0	50.4	1.25399690631411e-12	A
age.wks.scaled	CAG56	NA	-0.0729585607221902	0.0269560605846377	-2.70657355488247	1	20.32	6.55122064530111e-06	7.326	0.00679641392810693	A
age.wks.scaled	CAG582	NA	-0.229778922891666	0.0264990011937327	-8.67122957623066	1	71.71	0	75.19	0	A
age.wks.scaled	CAG776	NA	-0.135742961826432	0.0262609822695452	-5.16899788565229	1	15.5	8.25052538926396e-05	26.72	2.3517469560641e-07	A
age.wks.scaled	CAG81	NA	-0.00333619692185096	0.0239884022536717	-0.139075411799897	1	10.63	0.00111267714876317	0.01934	0.88939615516369	A
age.wks.scaled	CAG873	NA	-0.0422151257876861	0.0261159371241615	-1.61645073607679	1	5.512	0.0188864383159375	2.613	0.105991081337854	A
age.wks.scaled	CAG95	NA	-0.138359392742646	0.0257766273433597	-5.36762978723392	1	65.32	6.66133814775094e-16	28.81	7.98378270161493e-08	A
age.wks.scaled	Chao1	NA	-0.0814005273326504	0.0272170456726676	-2.99079217897614	1	4.651	0.0310354625199728	8.944	0.00278382450165982	A
age.wks.scaled	Clostridium	NA	0.141042437302532	0.027279503128047	5.17027149066809	1	50.57	1.14985798660427e-12	26.73	2.33960771089947e-07	A
age.wks.scaled	ClostridiumQ	NA	-0.0887941822059202	0.0222841519422505	-3.9846336731158	1	55.75	8.22675261247241e-14	15.88	6.74881487824353e-05	A
age.wks.scaled	COE1	NA	-0.181478873170821	0.0215857589057458	-8.40734272828898	1	260.9	0	70.69	0	A
age.wks.scaled	D1663	NA	0.0925491537141793	0.0275627497229274	3.35776200286703	1	5.755	0.0164417956344963	11.27	0.0007876972880273	A
age.wks.scaled	Desulfovibrio	NA	0.333624835244202	0.0288819900066863	11.5513105283592	1	151.5	0	133.4	0	A
age.wks.scaled	Dorea	NA	-0.142486300077739	0.0259016783712786	-5.50104506879123	1	86.23	0	30.26	3.77838159648647e-08	A
age.wks.scaled	Dubosiella	NA	0.323231379159082	0.0264494168731298	12.2207374442139	1	201.4	0	149.3	0	A
age.wks.scaled	Duncaniella	NA	-0.0846173264973332	0.02709413219571	-3.12308679555093	1	0.2997	0.584070554952802	9.754	0.00178932949674615	A
age.wks.scaled	Emergencia	NA	-0.163106606520409	0.0248853654539867	-6.55431831298579	1	122.6	0	42.96	5.58706414466315e-11	A
age.wks.scaled	EnterococcusD	NA	0.260329558436685	0.0248986544515756	10.4555673457371	1	204.5	0	109.3	0	A
age.wks.scaled	ErysipelatoclostridiaceaeNOV	NA	-0.042891285934336	0.0264066527082066	-1.62426061372808	1	0.795	0.372592504474964	2.638	0.104334814929182	A
age.wks.scaled	Erysipelatoclostridium	NA	-0.0440399781339891	0.0259645236207	-1.6961596822396	1	0.2569	0.612257940260216	2.876	0.089909109175404	A
age.wks.scaled	ErysipelotrichaceaeNOV	NA	-0.191938992584991	0.0246541426979455	-7.78526330996639	1	108.2	0	60.61	6.99440505513849e-15	A
age.wks.scaled	Escherichia	NA	0.202569230061802	0.0262651893761276	7.71246028958454	1	119.2	0	59.48	1.23234755733392e-14	A
age.wks.scaled	EubacteriumF	NA	-0.115739029263177	0.0257650359084804	-4.49209656350925	1	21.2	4.13764512974257e-06	20.18	7.04860489497694e-06	A
age.wks.scaled	EubacteriumG	NA	-0.182710553177173	0.0248239142110604	-7.36026364028302	1	138.2	0	54.17	1.83852932877926e-13	A
age.wks.scaled	EubacteriumJ	NA	-0.115248452162144	0.0245314440549453	-4.69798891186396	1	110.1	0	22.07	2.62886270707696e-06	A
age.wks.scaled	Evtepia	NA	0.0146555526009214	0.0267414526796891	0.548046240287191	1	13.4	0.000251624298198916	0.3004	0.583631765326605	A
age.wks.scaled	Flavonifractor	NA	0.0291874265086682	0.0246359233627264	1.18475066182533	1	7.538	0.00604110635831989	1.404	0.23605498675266	A
age.wks.scaled	HungatellaA	NA	-0.20746371158486	0.0240307276595582	-8.6332679777319	1	120.8	0	74.53	0	A
age.wks.scaled	Ileibacterium	NA	0.291810599009384	0.0276136750322163	10.5676118325045	1	186.3	0	111.7	0	A
age.wks.scaled	Kineothrix	NA	0.14859232295643	0.0253216271046592	5.86819805624136	1	129.1	0	34.44	4.39595526646741e-09	A
age.wks.scaled	Lachnospira	NA	-0.193066299315217	0.024340473283367	-7.93190407875709	1	147.3	0	62.92	2.1094237467878e-15	A
age.wks.scaled	LachnospiraceaeNOV	NA	-0.158410180894888	0.0254555428096165	-6.22301327768367	1	75.13	0	38.73	4.86671369870351e-10	A
age.wks.scaled	Lactobacillus	NA	0.0680855830837476	0.0234038522581747	2.90916137790803	1	80.59	0	8.464	0.0036224435050638	A
age.wks.scaled	Lawsonibacter	NA	-0.0253657777448599	0.028113164599052	-0.902274009583228	1	14.4	0.0001478023103344	0.8141	0.366910854132053	A
age.wks.scaled	Ligilactobacillus	NA	0.406457340176392	0.0234065980116595	17.3650754361622	1	464.8	0	301.4	0	A
age.wks.scaled	Limosilactobacillus	NA	-0.0200656021045526	0.0259961796905428	-0.771867341409874	1	16.74	4.28676043108256e-05	0.5959	0.440146651553719	A
age.wks.scaled	Mailhella	NA	0.0376306341841715	0.0262936088692855	1.43117037951109	1	4.002	0.0454463066590199	2.048	0.15240628395675	A
age.wks.scaled	MarseilleP3106	NA	-0.143470164308338	0.0266799385352697	-5.37745482879119	1	22.69	1.90355942031317e-06	28.92	7.54300401029084e-08	A
age.wks.scaled	MuribaculaceaeNOV	NA	0.350874005525231	0.026103079725024	13.4418623864088	1	253.5	0	180.7	0	A
age.wks.scaled	Muribaculum	NA	0.0764257602747833	0.0282332829893818	2.70693848474958	1	32.8	1.02144843694418e-08	7.327	0.0067926335735492	A
age.wks.scaled	Oscillibacter	NA	-0.17675636019012	0.0271143050851607	-6.51893381132075	1	85.86	0	42.49	7.10445036133933e-11	A
age.wks.scaled	OscillospiraceaeNOV	NA	-0.196344956627843	0.0264450180799093	-7.42464822805356	1	115.7	0	55.13	1.12798659301916e-13	A
age.wks.scaled	Paramuribaculum	NA	0.0202840133931097	0.0256252860491659	0.791562418237669	1	48.79	2.84883228118815e-12	0.6266	0.428605205809644	A
age.wks.scaled	Parvibacter	NA	0.0296090459748425	0.0254499802367086	1.16342117751961	1	5.892	0.015209816896967	1.353	0.244754336739357	A
age.wks.scaled	PCoA1	NA	0.13434077842154	0.0240577641313343	5.58409242389096	1	161.6	0	31.18	2.351766026365e-08	A
age.wks.scaled	PCoA2	NA	0.174749085074832	0.0255388303632482	6.84248583781291	1	174.7	0	46.82	7.78155317959772e-12	A
age.wks.scaled	PCoA3	NA	-0.378472775350417	0.0271913347173322	-13.918874497513	1	247	0	193.7	0	A
age.wks.scaled	Prevotella	NA	-0.0832692878053001	0.0272885276387558	-3.05143937802783	1	2.772	0.0959262370863656	9.312	0.00227657834672224	A
age.wks.scaled	Romboutsia	NA	0.196684573362097	0.0265343808731637	7.41244253266221	1	112.5	0	54.94	1.24233956455555e-13	A
age.wks.scaled	Roseburia	NA	0.0979315738311298	0.029595950574272	3.30895179681312	1	9.985	0.00157820555126997	10.95	0.000936036148900365	A
age.wks.scaled	RuminiclostridiumE	NA	-0.10484178892735	0.0278245845362631	-3.76795523364282	1	44.78	2.20463647337965e-11	14.19	0.000165246379252415	A
age.wks.scaled	Schaedlerella	NA	-0.133896901426097	0.0256173738680132	-5.2268004564389	1	118.1	0	27.32	1.72418783583872e-07	A
age.wks.scaled	Shannon	NA	0.0258237936579949	0.0239562486426118	1.07795648823168	1	13.3	0.000265406117232247	1.162	0.281051143917421	A
age.wks.scaled	Simpson	NA	0.015777422972404	0.0242807595398112	0.649791162691391	1	17.57	2.76922761796028e-05	0.4223	0.515791614455423	A
age.wks.scaled	Staphylococcus	NA	0.0632666419795067	0.0313425317568145	2.01855556757157	1	9.834	0.00171315392975535	4.074	0.0435480355926202	A
age.wks.scaled	TF0111	NA	-0.180695118390976	0.0246267724213367	-7.3373447116611	1	179.1	0	53.83	2.18602913548693e-13	A
age.wks.scaled	Turicibacter	NA	0.446333910396639	0.024599078871563	18.1443342950784	1	372.2	0	329.2	0	A
age.wks.scaled	UBA11940	NA	-0.106296200392607	0.0259656354871704	-4.09372612679276	1	62.75	2.33146835171283e-15	16.76	4.24181159869308e-05	A
age.wks.scaled	UBA11957	NA	-0.191322528466912	0.0237435539789136	-8.05787240767846	1	238	0	64.93	7.7715611723761e-16	A
age.wks.scaled	UBA1394	NA	-0.159593865117782	0.0242119973071315	-6.59152002593251	1	33.39	7.54107221112577e-09	43.45	4.34932090342954e-11	A
age.wks.scaled	UBA1405	NA	0.160706199755294	0.0285829405876839	5.6224515900418	1	13.71	0.000213315632190181	31.61	1.88456629190981e-08	A
age.wks.scaled	UBA2882	NA	-0.0459654850445444	0.0244333190679114	-1.88126242352852	1	3.068	0.0798476503517751	3.539	0.059941589394972	A
age.wks.scaled	UBA3282	NA	-0.155008928137392	0.0246623110479288	-6.2852555803123	1	77.24	0	39.51	3.26383808868513e-10	A
age.wks.scaled	UBA3700	NA	-0.156038934512167	0.0238078003261691	-6.55410967726625	1	31.61	1.88456629190981e-08	42.96	5.58706414466315e-11	A
age.wks.scaled	UBA3700NOV	NA	-0.190966418251645	0.0238576130774905	-8.00442263990865	1	5.441	0.0196694052429409	64.07	1.22124532708767e-15	A
age.wks.scaled	UBA3818	NA	-0.0299095600661427	0.0240462598867435	-1.2438341849009	1	30.51	3.32149988624408e-08	1.547	0.213578869123517	A
age.wks.scaled	UBA7160	NA	-0.0359176458937103	0.0262276413008806	-1.36945772140419	1	2.593	0.107336857125163	1.876	0.170789471122416	A
age.wks.scaled	UBA7173	NA	-0.0775301799470832	0.0259640951682222	-2.98605360382338	1	0.005186	0.942590855880769	8.918	0.00282373574139505	A
age.wks.scaled	UBA7182	NA	-0.17154354891215	0.0224746772581818	-7.63274804534513	1	242.3	0	58.26	2.29816166097407e-14	A
age.wks.scaled	UBA946	NA	-0.136600754787036	0.0244881842984315	-5.57823124500846	1	37.8	7.83817788452268e-10	31.12	2.42559267116249e-08	A
age.wks.scaled	UBA9475	NA	-0.231784341335411	0.0252961149988065	-9.16284343846267	1	146.5	0	83.96	0	A
age.wks.scaled	UBA9502	NA	-0.115789947957822	0.0250288771367145	-4.62625419931331	1	115.7	0	21.4	3.72771187240328e-06	A
age.wks.scaled	UMGS1004	NA	-0.0871615732418223	0.0245962927890873	-3.54368741619849	1	0.04883	0.825111811936979	12.56	0.000394091748583625	A
age.wks.scaled	UMGS1217	NA	-0.124118028737014	0.0275960382271803	-4.49767563427877	1	39.53	3.23058135798249e-10	20.23	6.86675914662871e-06	A
age.wks.scaled	UMGS1370	NA	-0.0489622939790398	0.0231596767056685	-2.11411819781819	1	95.27	0	4.47	0.0344949916475357	A
age.wks.scaled	UMGS1815	NA	-0.0226675032465059	0.0224272192837854	-1.01071394360933	1	81.27	0	1.022	0.312045072858876	A
age.wks.scaled	UMGS1872	NA	0.00521387972381332	0.0242739468256376	0.214793241546799	1	8.199	0.00419134847132685	0.04613	0.829939660590004	A
age.wks.scaled	UMGS268	NA	-0.254135586288272	0.0245432296483756	-10.3546106168261	1	138.9	0	107.2	0	A
age.wks.scaled	uniq	NA	0.301326811377426	0.024549692197104	12.2741584276552	1	290.2	0	150.7	0	A
age.wks.scaled	X142	NA	-0.035908314262025	0.024514290372547	-1.46479109598204	1	31.56	1.93371998413738e-08	2.146	0.142941870644486	A
age.wks.scaled	X1XD4269	NA	-0.193545829408827	0.0273520762572764	-7.07609278316994	1	57.34	3.66373598126302e-14	50.07	1.4835910278066e-12	A
age.wks.scaled	X1XD876	NA	0.051508394807097	0.0252227252128002	2.04214232889304	1	0.003309	0.954127861749695	4.171	0.0411215221809089	A
Diet.5mo.as.AL	Acetatifactor	AL	0	NA	NA	4	20.496	0.000398497367837369	20.496	0.000398497367837369	A
Diet.5mo.as.AL	Acetatifactor	1D	-0.0453842728306476	0.0711564620174977	-0.637809575460446	4	20.496	0.000398497367837369	20.496	0.000398497367837369	A
Diet.5mo.as.AL	Acetatifactor	2D	0.160849160720312	0.0699829747780772	2.29840416516132	4	20.496	0.000398497367837369	20.496	0.000398497367837369	A
Diet.5mo.as.AL	Acetatifactor	20	-0.119882989383714	0.0688201168980048	-1.74197596265911	4	20.496	0.000398497367837369	20.496	0.000398497367837369	A
Diet.5mo.as.AL	Acetatifactor	40	0.130299659427563	0.0721130589439397	1.80688021470366	4	20.496	0.000398497367837369	20.496	0.000398497367837369	A
Diet.5mo.as.AL	Acutalibacter	AL	0	NA	NA	4	134.6	0	134.6	0	A
Diet.5mo.as.AL	Acutalibacter	1D	-0.264829608508115	0.0695593268212088	-3.80724800843483	4	134.6	0	134.6	0	A
Diet.5mo.as.AL	Acutalibacter	2D	-0.37561779406794	0.0684157403253481	-5.49022479741804	4	134.6	0	134.6	0	A
Diet.5mo.as.AL	Acutalibacter	20	-0.554695202645572	0.0675398254822459	-8.21286105915958	4	134.6	0	134.6	0	A
Diet.5mo.as.AL	Acutalibacter	40	-0.753874108377113	0.0702759083265893	-10.7273477686503	4	134.6	0	134.6	0	A
Diet.5mo.as.AL	Adlercreutzia	AL	0	NA	NA	4	84	0	84	0	A
Diet.5mo.as.AL	Adlercreutzia	1D	0.30014732623859	0.0761946247716088	3.93921916589619	4	84	0	84	0	A
Diet.5mo.as.AL	Adlercreutzia	2D	0.464298991715696	0.075721471149425	6.13166892649869	4	84	0	84	0	A
Diet.5mo.as.AL	Adlercreutzia	20	0.326624818208559	0.0734221840332838	4.44858488628578	4	84	0	84	0	A
Diet.5mo.as.AL	Adlercreutzia	40	-0.147356215354761	0.0771919660615347	-1.90895792493863	4	84	0	84	0	A
Diet.5mo.as.AL	AF3328	AL	0	NA	NA	4	33.576	9.1031428639532e-07	33.576	9.1031428639532e-07	A
Diet.5mo.as.AL	AF3328	1D	-0.0731577308954036	0.0791868923395071	-0.923861623231102	4	33.576	9.1031428639532e-07	33.576	9.1031428639532e-07	A
Diet.5mo.as.AL	AF3328	2D	-0.0182408368151263	0.078869285680261	-0.231279346044483	4	33.576	9.1031428639532e-07	33.576	9.1031428639532e-07	A
Diet.5mo.as.AL	AF3328	20	-0.153717942471581	0.0770790143662048	-1.99429045292746	4	33.576	9.1031428639532e-07	33.576	9.1031428639532e-07	A
Diet.5mo.as.AL	AF3328	40	-0.428948536799361	0.0802379884882344	-5.34595326828587	4	33.576	9.1031428639532e-07	33.576	9.1031428639532e-07	A
Diet.5mo.as.AL	Akkermansia	AL	0	NA	NA	4	93.96	0	93.96	0	A
Diet.5mo.as.AL	Akkermansia	1D	0.0628494302106817	0.0757894184301874	0.829263919851486	4	93.96	0	93.96	0	A
Diet.5mo.as.AL	Akkermansia	2D	0.154685803411915	0.0746502716779062	2.07213985877156	4	93.96	0	93.96	0	A
Diet.5mo.as.AL	Akkermansia	20	0.254486162061169	0.0730118217249847	3.48554735450579	4	93.96	0	93.96	0	A
Diet.5mo.as.AL	Akkermansia	40	0.682371398251559	0.0766869402164513	8.89814349517068	4	93.96	0	93.96	0	A
Diet.5mo.as.AL	Alistipes	AL	0	NA	NA	4	21.668	0.000233337826406776	21.668	0.000233337826406776	A
Diet.5mo.as.AL	Alistipes	1D	0.0495823698158649	0.066301444400784	0.747832423018503	4	21.668	0.000233337826406776	21.668	0.000233337826406776	A
Diet.5mo.as.AL	Alistipes	2D	0.254197830837136	0.0651600983449108	3.90112718203087	4	21.668	0.000233337826406776	21.668	0.000233337826406776	A
Diet.5mo.as.AL	Alistipes	20	0.17573746713821	0.0613627871406214	2.86390946903183	4	21.668	0.000233337826406776	21.668	0.000233337826406776	A
Diet.5mo.as.AL	Alistipes	40	0.162949079484904	0.0662659533129151	2.45901660412913	4	21.668	0.000233337826406776	21.668	0.000233337826406776	A
Diet.5mo.as.AL	AM0715	AL	0	NA	NA	4	117.44	0	117.44	0	A
Diet.5mo.as.AL	AM0715	1D	-0.226371487123932	0.0721353139707772	-3.13815071513569	4	117.44	0	117.44	0	A
Diet.5mo.as.AL	AM0715	2D	-0.284614686141821	0.0729122517992186	-3.9035234699043	4	117.44	0	117.44	0	A
Diet.5mo.as.AL	AM0715	20	-0.584242370769092	0.0707314814700419	-8.26000471963176	4	117.44	0	117.44	0	A
Diet.5mo.as.AL	AM0715	40	-0.687928986552655	0.0735268786899568	-9.3561565349927	4	117.44	0	117.44	0	A
Diet.5mo.as.AL	Anaerotignum	AL	0	NA	NA	4	6.204	0.184422613899328	6.204	0.184422613899328	A
Diet.5mo.as.AL	Anaerotignum	1D	-0.0573393758933292	0.0777083300754516	-0.737879398999502	4	6.204	0.184422613899328	6.204	0.184422613899328	A
Diet.5mo.as.AL	Anaerotignum	2D	-0.104329428059854	0.0774946684832733	-1.34627878409948	4	6.204	0.184422613899328	6.204	0.184422613899328	A
Diet.5mo.as.AL	Anaerotignum	20	-0.16632726450498	0.0753430534638886	-2.20759919937011	4	6.204	0.184422613899328	6.204	0.184422613899328	A
Diet.5mo.as.AL	Anaerotignum	40	-0.142090225645883	0.0787700028949442	-1.80386213563289	4	6.204	0.184422613899328	6.204	0.184422613899328	A
Diet.5mo.as.AL	Anaerotruncus	AL	0	NA	NA	4	99.88	0	99.88	0	A
Diet.5mo.as.AL	Anaerotruncus	1D	-0.192010805791202	0.0745084384308952	-2.57703435791756	4	99.88	0	99.88	0	A
Diet.5mo.as.AL	Anaerotruncus	2D	-0.326470508755252	0.0742203945566859	-4.3986630723973	4	99.88	0	99.88	0	A
Diet.5mo.as.AL	Anaerotruncus	20	-0.448724566063187	0.0725922173616682	-6.18144179048225	4	99.88	0	99.88	0	A
Diet.5mo.as.AL	Anaerotruncus	40	-0.711377877351461	0.0756338698857971	-9.40554646252535	4	99.88	0	99.88	0	A
Diet.5mo.as.AL	AnaerovoracaceaeNOV	AL	0	NA	NA	4	11.564	0.0209058144302839	11.564	0.0209058144302839	A
Diet.5mo.as.AL	AnaerovoracaceaeNOV	1D	-0.0572945709008838	0.0733930198107866	-0.780654223638624	4	11.564	0.0209058144302839	11.564	0.0209058144302839	A
Diet.5mo.as.AL	AnaerovoracaceaeNOV	2D	-0.0882387054767469	0.071916405898527	-1.22696211489282	4	11.564	0.0209058144302839	11.564	0.0209058144302839	A
Diet.5mo.as.AL	AnaerovoracaceaeNOV	20	0.0309647608916623	0.0707246253366908	0.437821490665406	4	11.564	0.0209058144302839	11.564	0.0209058144302839	A
Diet.5mo.as.AL	AnaerovoracaceaeNOV	40	-0.20221930430974	0.073946621013226	-2.73466591899542	4	11.564	0.0209058144302839	11.564	0.0209058144302839	A
Diet.5mo.as.AL	Angelakisella	AL	0	NA	NA	4	54	5.26267918132817e-11	54	5.26267918132817e-11	A
Diet.5mo.as.AL	Angelakisella	1D	-0.201394421063702	0.0715435845956051	-2.8149892432993	4	54	5.26267918132817e-11	54	5.26267918132817e-11	A
Diet.5mo.as.AL	Angelakisella	2D	-0.329612981090262	0.0702261365350447	-4.69359411400592	4	54	5.26267918132817e-11	54	5.26267918132817e-11	A
Diet.5mo.as.AL	Angelakisella	20	-0.474997832662315	0.0690340699377695	-6.88062913124635	4	54	5.26267918132817e-11	54	5.26267918132817e-11	A
Diet.5mo.as.AL	Angelakisella	40	-0.332477305719838	0.0722249868448002	-4.60335571170511	4	54	5.26267918132817e-11	54	5.26267918132817e-11	A
Diet.5mo.as.AL	ASF356	AL	0	NA	NA	4	80.12	1.11022302462516e-16	80.12	1.11022302462516e-16	A
Diet.5mo.as.AL	ASF356	1D	-0.121438375493468	0.0689356300372967	-1.76161986809674	4	80.12	1.11022302462516e-16	80.12	1.11022302462516e-16	A
Diet.5mo.as.AL	ASF356	2D	-0.204877323345674	0.0690515409050098	-2.96702029615113	4	80.12	1.11022302462516e-16	80.12	1.11022302462516e-16	A
Diet.5mo.as.AL	ASF356	20	-0.266767175929082	0.0672791699361895	-3.96507828770919	4	80.12	1.11022302462516e-16	80.12	1.11022302462516e-16	A
Diet.5mo.as.AL	ASF356	40	-0.611983734700888	0.0703161475888882	-8.70331717088549	4	80.12	1.11022302462516e-16	80.12	1.11022302462516e-16	A
Diet.5mo.as.AL	Bacteroides	AL	0	NA	NA	4	55.76	2.25147678278859e-11	55.76	2.25147678278859e-11	A
Diet.5mo.as.AL	Bacteroides	1D	0.26513648295937	0.0783511025876715	3.38395343783061	4	55.76	2.25147678278859e-11	55.76	2.25147678278859e-11	A
Diet.5mo.as.AL	Bacteroides	2D	0.485277811048459	0.0776414567451125	6.25024093303101	4	55.76	2.25147678278859e-11	55.76	2.25147678278859e-11	A
Diet.5mo.as.AL	Bacteroides	20	0.415294288942854	0.0757833322848084	5.48002148258799	4	55.76	2.25147678278859e-11	55.76	2.25147678278859e-11	A
Diet.5mo.as.AL	Bacteroides	40	0.436541057931323	0.079283176032241	5.50609952550085	4	55.76	2.25147678278859e-11	55.76	2.25147678278859e-11	A
Diet.5mo.as.AL	Bifidobacterium	AL	0	NA	NA	4	75.8	1.33226762955019e-15	75.8	1.33226762955019e-15	A
Diet.5mo.as.AL	Bifidobacterium	1D	-0.0842702269979947	0.0770192378266725	-1.09414516912826	4	75.8	1.33226762955019e-15	75.8	1.33226762955019e-15	A
Diet.5mo.as.AL	Bifidobacterium	2D	0.127151414362726	0.0768559940943406	1.65441116026225	4	75.8	1.33226762955019e-15	75.8	1.33226762955019e-15	A
Diet.5mo.as.AL	Bifidobacterium	20	-0.0324832055941284	0.0727667872787744	-0.446401535767727	4	75.8	1.33226762955019e-15	75.8	1.33226762955019e-15	A
Diet.5mo.as.AL	Bifidobacterium	40	0.520069642978014	0.0772520967830666	6.7321103845043	4	75.8	1.33226762955019e-15	75.8	1.33226762955019e-15	A
Diet.5mo.as.AL	BorkfalkiaceaeNOV	AL	0	NA	NA	4	67.96	6.11732886568461e-14	67.96	6.11732886568461e-14	A
Diet.5mo.as.AL	BorkfalkiaceaeNOV	1D	-0.0954701294234533	0.0803881077362031	-1.18761508526538	4	67.96	6.11732886568461e-14	67.96	6.11732886568461e-14	A
Diet.5mo.as.AL	BorkfalkiaceaeNOV	2D	-0.237599960136959	0.0807478808882238	-2.9424915864462	4	67.96	6.11732886568461e-14	67.96	6.11732886568461e-14	A
Diet.5mo.as.AL	BorkfalkiaceaeNOV	20	0.252734542338052	0.0777887919931866	3.2489840227907	4	67.96	6.11732886568461e-14	67.96	6.11732886568461e-14	A
Diet.5mo.as.AL	BorkfalkiaceaeNOV	40	0.4209905970069	0.081423041805158	5.17041107373897	4	67.96	6.11732886568461e-14	67.96	6.11732886568461e-14	A
Diet.5mo.as.AL	ButyricicoccaceaeNOV	AL	0	NA	NA	4	43.76	7.19602655241403e-09	43.76	7.19602655241403e-09	A
Diet.5mo.as.AL	ButyricicoccaceaeNOV	1D	-0.223541394692025	0.0696605335252598	-3.20901066040452	4	43.76	7.19602655241403e-09	43.76	7.19602655241403e-09	A
Diet.5mo.as.AL	ButyricicoccaceaeNOV	2D	-0.450661232852657	0.0693421503939441	-6.49909514332015	4	43.76	7.19602655241403e-09	43.76	7.19602655241403e-09	A
Diet.5mo.as.AL	ButyricicoccaceaeNOV	20	-0.229368154498166	0.0683522487666276	-3.3556782496109	4	43.76	7.19602655241403e-09	43.76	7.19602655241403e-09	A
Diet.5mo.as.AL	ButyricicoccaceaeNOV	40	-0.174734489365387	0.0709724029749042	-2.46200610436106	4	43.76	7.19602655241403e-09	43.76	7.19602655241403e-09	A
Diet.5mo.as.AL	CAG115	AL	0	NA	NA	4	31.22	2.76078616512354e-06	31.22	2.76078616512354e-06	A
Diet.5mo.as.AL	CAG115	1D	-0.141029354305424	0.0824291673153579	-1.71091567340324	4	31.22	2.76078616512354e-06	31.22	2.76078616512354e-06	A
Diet.5mo.as.AL	CAG115	2D	-0.40435659350148	0.081161182394329	-4.98214271370365	4	31.22	2.76078616512354e-06	31.22	2.76078616512354e-06	A
Diet.5mo.as.AL	CAG115	20	-0.159352625956535	0.0776395569536222	-2.05246696670003	4	31.22	2.76078616512354e-06	31.22	2.76078616512354e-06	A
Diet.5mo.as.AL	CAG115	40	-0.0116708286390169	0.0825943263488458	-0.141303030788386	4	31.22	2.76078616512354e-06	31.22	2.76078616512354e-06	A
Diet.5mo.as.AL	CAG145	AL	0	NA	NA	4	13.66	0.00846311906083397	13.66	0.00846311906083397	A
Diet.5mo.as.AL	CAG145	1D	0.0310771533108102	0.0702148952197141	0.442600579457744	4	13.66	0.00846311906083397	13.66	0.00846311906083397	A
Diet.5mo.as.AL	CAG145	2D	-0.148683639202233	0.0701504197635279	-2.11949749842461	4	13.66	0.00846311906083397	13.66	0.00846311906083397	A
Diet.5mo.as.AL	CAG145	20	0.0752730309632755	0.0686590303863624	1.09633110953788	4	13.66	0.00846311906083397	13.66	0.00846311906083397	A
Diet.5mo.as.AL	CAG145	40	-0.134792953520826	0.071643685815771	-1.88143521632095	4	13.66	0.00846311906083397	13.66	0.00846311906083397	A
Diet.5mo.as.AL	CAG273	AL	0	NA	NA	4	1.6468	0.800357232922164	1.6468	0.800357232922164	A
Diet.5mo.as.AL	CAG273	1D	0.00103721701826106	0.0828103341889041	0.0125252123230778	4	1.6468	0.800357232922164	1.6468	0.800357232922164	A
Diet.5mo.as.AL	CAG273	2D	-0.0532015639429582	0.0827852906165124	-0.64264513111882	4	1.6468	0.800357232922164	1.6468	0.800357232922164	A
Diet.5mo.as.AL	CAG273	20	0.0650830503117042	0.0803026048914634	0.810472467234035	4	1.6468	0.800357232922164	1.6468	0.800357232922164	A
Diet.5mo.as.AL	CAG273	40	0.00320363111403696	0.0836904151298699	0.0382795462188304	4	1.6468	0.800357232922164	1.6468	0.800357232922164	A
Diet.5mo.as.AL	CAG274NOV	AL	0	NA	NA	4	202.8	0	202.8	0	A
Diet.5mo.as.AL	CAG274NOV	1D	-0.321376224575535	0.0765103494877558	-4.20042813458806	4	202.8	0	202.8	0	A
Diet.5mo.as.AL	CAG274NOV	2D	-0.925796030344083	0.0761427110387026	-12.1586953986116	4	202.8	0	202.8	0	A
Diet.5mo.as.AL	CAG274NOV	20	-0.297667177510116	0.0739375729736069	-4.02592573083746	4	202.8	0	202.8	0	A
Diet.5mo.as.AL	CAG274NOV	40	-0.823009371900408	0.0771467475401149	-10.6681020022582	4	202.8	0	202.8	0	A
Diet.5mo.as.AL	CAG303	AL	0	NA	NA	4	27.744	1.40551771506958e-05	27.744	1.40551771506958e-05	A
Diet.5mo.as.AL	CAG303	1D	-0.301417853358045	0.0849422123102619	-3.54850486183571	4	27.744	1.40551771506958e-05	27.744	1.40551771506958e-05	A
Diet.5mo.as.AL	CAG303	2D	-0.353714944157251	0.0846784596447857	-4.17715373710193	4	27.744	1.40551771506958e-05	27.744	1.40551771506958e-05	A
Diet.5mo.as.AL	CAG303	20	-0.107158554464835	0.0817602647212671	-1.3106434382295	4	27.744	1.40551771506958e-05	27.744	1.40551771506958e-05	A
Diet.5mo.as.AL	CAG303	40	-0.347609799495766	0.0856533943059195	-4.0583306979551	4	27.744	1.40551771506958e-05	27.744	1.40551771506958e-05	A
Diet.5mo.as.AL	CAG41	AL	0	NA	NA	4	104.68	0	104.68	0	A
Diet.5mo.as.AL	CAG41	1D	-0.329636758434401	0.0927803551523567	-3.55287234989667	4	104.68	0	104.68	0	A
Diet.5mo.as.AL	CAG41	2D	-0.920125792795028	0.0927763041837598	-9.91768103817282	4	104.68	0	104.68	0	A
Diet.5mo.as.AL	CAG41	20	-0.095622915447444	0.0878689110045214	-1.08824514102062	4	104.68	0	104.68	0	A
Diet.5mo.as.AL	CAG41	40	-0.259681659192583	0.0928538295741006	-2.79667150384301	4	104.68	0	104.68	0	A
Diet.5mo.as.AL	CAG475	AL	0	NA	NA	4	36.704	2.07278149866319e-07	36.704	2.07278149866319e-07	A
Diet.5mo.as.AL	CAG475	1D	-0.0577939817092669	0.0734935844835298	-0.786381316347671	4	36.704	2.07278149866319e-07	36.704	2.07278149866319e-07	A
Diet.5mo.as.AL	CAG475	2D	-0.304704104509177	0.0741657726241624	-4.10841947340421	4	36.704	2.07278149866319e-07	36.704	2.07278149866319e-07	A
Diet.5mo.as.AL	CAG475	20	0.0380777134938652	0.071591029097593	0.531878281033753	4	36.704	2.07278149866319e-07	36.704	2.07278149866319e-07	A
Diet.5mo.as.AL	CAG475	40	0.194081376227155	0.0748921545363358	2.59147807175171	4	36.704	2.07278149866319e-07	36.704	2.07278149866319e-07	A
Diet.5mo.as.AL	CAG485	AL	0	NA	NA	4	145.36	0	145.36	0	A
Diet.5mo.as.AL	CAG485	1D	0.304853339182128	0.0669976261505831	4.55021105519386	4	145.36	0	145.36	0	A
Diet.5mo.as.AL	CAG485	2D	0.580959477458132	0.0657024249627139	8.84228364155245	4	145.36	0	145.36	0	A
Diet.5mo.as.AL	CAG485	20	0.607284920566872	0.0645315056768052	9.41067334781173	4	145.36	0	145.36	0	A
Diet.5mo.as.AL	CAG485	40	0.654742399751494	0.0678383090960802	9.65151414408302	4	145.36	0	145.36	0	A
Diet.5mo.as.AL	CAG510	AL	0	NA	NA	4	62.2	9.99866855977416e-13	62.2	9.99866855977416e-13	A
Diet.5mo.as.AL	CAG510	1D	0.0241969570188307	0.0858788362796068	0.281756927167126	4	62.2	9.99866855977416e-13	62.2	9.99866855977416e-13	A
Diet.5mo.as.AL	CAG510	2D	-0.121313883209338	0.084847185368809	-1.42979266409389	4	62.2	9.99866855977416e-13	62.2	9.99866855977416e-13	A
Diet.5mo.as.AL	CAG510	20	0.0447722691821973	0.0795206808590639	0.563026733404712	4	62.2	9.99866855977416e-13	62.2	9.99866855977416e-13	A
Diet.5mo.as.AL	CAG510	40	0.513311870611714	0.0853483418785456	6.01431567753453	4	62.2	9.99866855977416e-13	62.2	9.99866855977416e-13	A
Diet.5mo.as.AL	CAG552NOV	AL	0	NA	NA	4	7.052	0.133165647899656	7.052	0.133165647899656	A
Diet.5mo.as.AL	CAG552NOV	1D	-0.116422571259631	0.0773516432625194	-1.50510792465664	4	7.052	0.133165647899656	7.052	0.133165647899656	A
Diet.5mo.as.AL	CAG552NOV	2D	-0.0303125871190331	0.0778691812028735	-0.38927579115105	4	7.052	0.133165647899656	7.052	0.133165647899656	A
Diet.5mo.as.AL	CAG552NOV	20	-0.125472186510445	0.0750578414081515	-1.67167326100079	4	7.052	0.133165647899656	7.052	0.133165647899656	A
Diet.5mo.as.AL	CAG552NOV	40	0.0541652499626464	0.0786802114027461	0.688422781242754	4	7.052	0.133165647899656	7.052	0.133165647899656	A
Diet.5mo.as.AL	CAG56	AL	0	NA	NA	4	82.76	0	82.76	0	A
Diet.5mo.as.AL	CAG56	1D	0.0425352887387917	0.0782708350762894	0.54343726749987	4	82.76	0	82.76	0	A
Diet.5mo.as.AL	CAG56	2D	0.189984993040209	0.0776580857223901	2.44642900057261	4	82.76	0	82.76	0	A
Diet.5mo.as.AL	CAG56	20	-0.0942004590363334	0.075669820782364	-1.24488809491522	4	82.76	0	82.76	0	A
Diet.5mo.as.AL	CAG56	40	-0.535071981396555	0.0791775043704021	-6.7578788400986	4	82.76	0	82.76	0	A
Diet.5mo.as.AL	CAG582	AL	0	NA	NA	4	25.34	4.2979111074759e-05	25.34	4.2979111074759e-05	A
Diet.5mo.as.AL	CAG582	1D	0.0112122875245566	0.0786697091844093	0.142523566450131	4	25.34	4.2979111074759e-05	25.34	4.2979111074759e-05	A
Diet.5mo.as.AL	CAG582	2D	-0.000260636975523305	0.0782550354716222	-0.00333060964003806	4	25.34	4.2979111074759e-05	25.34	4.2979111074759e-05	A
Diet.5mo.as.AL	CAG582	20	0.0474615131428487	0.076021236625674	0.624319140933573	4	25.34	4.2979111074759e-05	25.34	4.2979111074759e-05	A
Diet.5mo.as.AL	CAG582	40	0.35011573896923	0.0796503296473635	4.3956596352997	4	25.34	4.2979111074759e-05	25.34	4.2979111074759e-05	A
Diet.5mo.as.AL	CAG776	AL	0	NA	NA	4	25.94	3.25384585985189e-05	25.94	3.25384585985189e-05	A
Diet.5mo.as.AL	CAG776	1D	0.184849885479183	0.0794528795267302	2.32653475343199	4	25.94	3.25384585985189e-05	25.94	3.25384585985189e-05	A
Diet.5mo.as.AL	CAG776	2D	0.0586801393104004	0.079212564303407	0.740793330280768	4	25.94	3.25384585985189e-05	25.94	3.25384585985189e-05	A
Diet.5mo.as.AL	CAG776	20	0.123613471846426	0.0769424399251831	1.60657072958207	4	25.94	3.25384585985189e-05	25.94	3.25384585985189e-05	A
Diet.5mo.as.AL	CAG776	40	0.392539910603889	0.0804461275694017	4.87953767899196	4	25.94	3.25384585985189e-05	25.94	3.25384585985189e-05	A
Diet.5mo.as.AL	CAG81	AL	0	NA	NA	4	31.448	2.48024010363057e-06	31.448	2.48024010363057e-06	A
Diet.5mo.as.AL	CAG81	1D	-0.27388612980193	0.078857240057807	-3.47318939391177	4	31.448	2.48024010363057e-06	31.448	2.48024010363057e-06	A
Diet.5mo.as.AL	CAG81	2D	-0.276188617711582	0.0795287283417567	-3.47281571666435	4	31.448	2.48024010363057e-06	31.448	2.48024010363057e-06	A
Diet.5mo.as.AL	CAG81	20	-0.274326455071798	0.0770865943144208	-3.55867913885099	4	31.448	2.48024010363057e-06	31.448	2.48024010363057e-06	A
Diet.5mo.as.AL	CAG81	40	-0.398425800627304	0.080082257784573	-4.97520688913514	4	31.448	2.48024010363057e-06	31.448	2.48024010363057e-06	A
Diet.5mo.as.AL	CAG873	AL	0	NA	NA	4	91.92	0	91.92	0	A
Diet.5mo.as.AL	CAG873	1D	0.278538468303735	0.068505665847178	4.06591870700296	4	91.92	0	91.92	0	A
Diet.5mo.as.AL	CAG873	2D	0.457440942269687	0.0673280953685594	6.79420589228937	4	91.92	0	91.92	0	A
Diet.5mo.as.AL	CAG873	20	0.487909923660063	0.0663464087167531	7.35397639596521	4	91.92	0	91.92	0	A
Diet.5mo.as.AL	CAG873	40	0.565804560793271	0.0696513675065227	8.12338050276305	4	91.92	0	91.92	0	A
Diet.5mo.as.AL	CAG95	AL	0	NA	NA	4	20.9	0.000331457729264573	20.9	0.000331457729264573	A
Diet.5mo.as.AL	CAG95	1D	-0.177958602444891	0.0717972793340865	-2.47862598827478	4	20.9	0.000331457729264573	20.9	0.000331457729264573	A
Diet.5mo.as.AL	CAG95	2D	-0.22876230114016	0.0708290290952546	-3.22978168785159	4	20.9	0.000331457729264573	20.9	0.000331457729264573	A
Diet.5mo.as.AL	CAG95	20	-0.218890308350654	0.069750225085408	-3.13820217902704	4	20.9	0.000331457729264573	20.9	0.000331457729264573	A
Diet.5mo.as.AL	CAG95	40	-0.298034353252978	0.0726863552526687	-4.10027923696222	4	20.9	0.000331457729264573	20.9	0.000331457729264573	A
Diet.5mo.as.AL	Chao1	AL	0	NA	NA	4	14.372	0.00619771488422083	14.372	0.00619771488422083	A
Diet.5mo.as.AL	Chao1	1D	0.0594862007723445	0.0641009395149399	0.928008251087805	4	14.372	0.00619771488422083	14.372	0.00619771488422083	A
Diet.5mo.as.AL	Chao1	2D	-0.0250658982047973	0.0621475033110436	-0.403329126181375	4	14.372	0.00619771488422083	14.372	0.00619771488422083	A
Diet.5mo.as.AL	Chao1	20	0.153017709193397	0.0614896387659579	2.48851208535821	4	14.372	0.00619771488422083	14.372	0.00619771488422083	A
Diet.5mo.as.AL	Chao1	40	0.172339222937464	0.0640715577122223	2.68979292982896	4	14.372	0.00619771488422083	14.372	0.00619771488422083	A
Diet.5mo.as.AL	Clostridium	AL	0	NA	NA	4	127.28	0	127.28	0	A
Diet.5mo.as.AL	Clostridium	1D	-0.0878502802554314	0.0824148322853647	-1.06595230275112	4	127.28	0	127.28	0	A
Diet.5mo.as.AL	Clostridium	2D	-0.223844038324906	0.0820260828150557	-2.72893731655585	4	127.28	0	127.28	0	A
Diet.5mo.as.AL	Clostridium	20	-0.0538851461394723	0.0797102174429775	-0.676013036572385	4	127.28	0	127.28	0	A
Diet.5mo.as.AL	Clostridium	40	0.684184451891377	0.0831173273544774	8.23155019137561	4	127.28	0	127.28	0	A
Diet.5mo.as.AL	ClostridiumQ	AL	0	NA	NA	4	164.76	0	164.76	0	A
Diet.5mo.as.AL	ClostridiumQ	1D	0.0166039432823728	0.0694854992138609	0.238955515470494	4	164.76	0	164.76	0	A
Diet.5mo.as.AL	ClostridiumQ	2D	0.172037494152423	0.0695577577021405	2.47330419834866	4	164.76	0	164.76	0	A
Diet.5mo.as.AL	ClostridiumQ	20	-0.152208541549911	0.0682218743213316	-2.23108120473199	4	164.76	0	164.76	0	A
Diet.5mo.as.AL	ClostridiumQ	40	-0.742864833624975	0.0709177780342535	-10.4750156338256	4	164.76	0	164.76	0	A
Diet.5mo.as.AL	COE1	AL	0	NA	NA	4	236.72	0	236.72	0	A
Diet.5mo.as.AL	COE1	1D	-0.227965541192232	0.0633519576987986	-3.5983977365952	4	236.72	0	236.72	0	A
Diet.5mo.as.AL	COE1	2D	-0.466432017101138	0.0629179668540775	-7.41333581523559	4	236.72	0	236.72	0	A
Diet.5mo.as.AL	COE1	20	-0.451760015668038	0.0620806699578753	-7.27698357595978	4	236.72	0	236.72	0	A
Diet.5mo.as.AL	COE1	40	-0.960795487360755	0.0646001241182194	-14.8729665844369	4	236.72	0	236.72	0	A
Diet.5mo.as.AL	D1663	AL	0	NA	NA	4	166.16	0	166.16	0	A
Diet.5mo.as.AL	D1663	1D	0.164205289628532	0.0673908598395548	2.43661069200593	4	166.16	0	166.16	0	A
Diet.5mo.as.AL	D1663	2D	0.180129865916723	0.0657978747060515	2.73762437953268	4	166.16	0	166.16	0	A
Diet.5mo.as.AL	D1663	20	0.105388813302175	0.0646969740566399	1.62896047054551	4	166.16	0	166.16	0	A
Diet.5mo.as.AL	D1663	40	-0.572370430709723	0.0677078839238058	-8.45352708635575	4	166.16	0	166.16	0	A
Diet.5mo.as.AL	Desulfovibrio	AL	0	NA	NA	4	13.216	0.0102672128977789	13.216	0.0102672128977789	A
Diet.5mo.as.AL	Desulfovibrio	1D	0.0697450150000018	0.0831932942742717	0.838348999260281	4	13.216	0.0102672128977789	13.216	0.0102672128977789	A
Diet.5mo.as.AL	Desulfovibrio	2D	0.0901030664654767	0.0822580223052784	1.09537117402463	4	13.216	0.0102672128977789	13.216	0.0102672128977789	A
Diet.5mo.as.AL	Desulfovibrio	20	-0.135654758331145	0.077756938568576	-1.74460004249662	4	13.216	0.0102672128977789	13.216	0.0102672128977789	A
Diet.5mo.as.AL	Desulfovibrio	40	0.154123193890538	0.0832245236405338	1.8518963779983	4	13.216	0.0102672128977789	13.216	0.0102672128977789	A
Diet.5mo.as.AL	Dorea	AL	0	NA	NA	4	93.32	0	93.32	0	A
Diet.5mo.as.AL	Dorea	1D	-0.147116247384257	0.0722477476629751	-2.0362745157196	4	93.32	0	93.32	0	A
Diet.5mo.as.AL	Dorea	2D	-0.262578506405724	0.0714589088818992	-3.67453842374909	4	93.32	0	93.32	0	A
Diet.5mo.as.AL	Dorea	20	-0.204517550296021	0.0700801365777683	-2.91833835211018	4	93.32	0	93.32	0	A
Diet.5mo.as.AL	Dorea	40	-0.683562465361812	0.0733104779574255	-9.32421236918938	4	93.32	0	93.32	0	A
Diet.5mo.as.AL	Dubosiella	AL	0	NA	NA	4	105.6	0	105.6	0	A
Diet.5mo.as.AL	Dubosiella	1D	-0.330786697980836	0.0829472650510851	-3.98791566879406	4	105.6	0	105.6	0	A
Diet.5mo.as.AL	Dubosiella	2D	-0.168596353711411	0.0828945553982877	-2.03386522674918	4	105.6	0	105.6	0	A
Diet.5mo.as.AL	Dubosiella	20	-0.0321439781638629	0.0795046758539722	-0.40430298996379	4	105.6	0	105.6	0	A
Diet.5mo.as.AL	Dubosiella	40	0.530637023727118	0.0834111511632149	6.36170363706878	4	105.6	0	105.6	0	A
Diet.5mo.as.AL	Duncaniella	AL	0	NA	NA	4	54.52	4.09547951107925e-11	54.52	4.09547951107925e-11	A
Diet.5mo.as.AL	Duncaniella	1D	0.203441855433541	0.0748780653609067	2.71697531784464	4	54.52	4.09547951107925e-11	54.52	4.09547951107925e-11	A
Diet.5mo.as.AL	Duncaniella	2D	0.48163048833597	0.0739884401487799	6.50953699479922	4	54.52	4.09547951107925e-11	54.52	4.09547951107925e-11	A
Diet.5mo.as.AL	Duncaniella	20	0.358660236405685	0.0725855829706842	4.94120487467243	4	54.52	4.09547951107925e-11	54.52	4.09547951107925e-11	A
Diet.5mo.as.AL	Duncaniella	40	0.388122408185242	0.0760649716327475	5.10251170616552	4	54.52	4.09547951107925e-11	54.52	4.09547951107925e-11	A
Diet.5mo.as.AL	Emergencia	AL	0	NA	NA	4	503.2	0	503.2	0	A
Diet.5mo.as.AL	Emergencia	1D	0.203479847459087	0.0662311915144699	3.07226614539513	4	503.2	0	503.2	0	A
Diet.5mo.as.AL	Emergencia	2D	0.2887354824553	0.0651063372841561	4.43482915027329	4	503.2	0	503.2	0	A
Diet.5mo.as.AL	Emergencia	20	-0.311413439010149	0.0639581160119064	-4.86902145385546	4	503.2	0	503.2	0	A
Diet.5mo.as.AL	Emergencia	40	-1.09368492222504	0.0667663902898543	-16.3807705864733	4	503.2	0	503.2	0	A
Diet.5mo.as.AL	EnterococcusD	AL	0	NA	NA	4	30.368	4.11868384753156e-06	30.368	4.11868384753156e-06	A
Diet.5mo.as.AL	EnterococcusD	1D	0.16938506520873	0.0751415976754982	2.25421165437853	4	30.368	4.11868384753156e-06	30.368	4.11868384753156e-06	A
Diet.5mo.as.AL	EnterococcusD	2D	0.241279928884836	0.0750025521698518	3.21695624888111	4	30.368	4.11868384753156e-06	30.368	4.11868384753156e-06	A
Diet.5mo.as.AL	EnterococcusD	20	0.240874203602008	0.073117091854253	3.29436247385429	4	30.368	4.11868384753156e-06	30.368	4.11868384753156e-06	A
Diet.5mo.as.AL	EnterococcusD	40	0.401153197413431	0.0764393602968209	5.24799260296942	4	30.368	4.11868384753156e-06	30.368	4.11868384753156e-06	A
Diet.5mo.as.AL	ErysipelatoclostridiaceaeNOV	AL	0	NA	NA	4	45.44	3.22065385471859e-09	45.44	3.22065385471859e-09	A
Diet.5mo.as.AL	ErysipelatoclostridiaceaeNOV	1D	0.271062477300396	0.0699905721996592	3.87284270983166	4	45.44	3.22065385471859e-09	45.44	3.22065385471859e-09	A
Diet.5mo.as.AL	ErysipelatoclostridiaceaeNOV	2D	0.242928136499002	0.0689544339104946	3.52302415845124	4	45.44	3.22065385471859e-09	45.44	3.22065385471859e-09	A
Diet.5mo.as.AL	ErysipelatoclostridiaceaeNOV	20	0.225179232187044	0.0676658130032429	3.32781388699567	4	45.44	3.22065385471859e-09	45.44	3.22065385471859e-09	A
Diet.5mo.as.AL	ErysipelatoclostridiaceaeNOV	40	-0.104697579718628	0.0713280572487397	-1.46783164657801	4	45.44	3.22065385471859e-09	45.44	3.22065385471859e-09	A
Diet.5mo.as.AL	Erysipelatoclostridium	AL	0	NA	NA	4	33.012	1.18774225132956e-06	33.012	1.18774225132956e-06	A
Diet.5mo.as.AL	Erysipelatoclostridium	1D	0.163650088590019	0.0782200576234276	2.09217550539115	4	33.012	1.18774225132956e-06	33.012	1.18774225132956e-06	A
Diet.5mo.as.AL	Erysipelatoclostridium	2D	0.134738151651755	0.0780488037067422	1.72633205446704	4	33.012	1.18774225132956e-06	33.012	1.18774225132956e-06	A
Diet.5mo.as.AL	Erysipelatoclostridium	20	0.421483905597265	0.0759776131325881	5.54747494978206	4	33.012	1.18774225132956e-06	33.012	1.18774225132956e-06	A
Diet.5mo.as.AL	Erysipelatoclostridium	40	0.274806636905977	0.0794365491375269	3.45944832560903	4	33.012	1.18774225132956e-06	33.012	1.18774225132956e-06	A
Diet.5mo.as.AL	ErysipelotrichaceaeNOV	AL	0	NA	NA	4	249.8	0	249.8	0	A
Diet.5mo.as.AL	ErysipelotrichaceaeNOV	1D	0.310651085986276	0.0735392606001127	4.22428895057179	4	249.8	0	249.8	0	A
Diet.5mo.as.AL	ErysipelotrichaceaeNOV	2D	0.127262873854936	0.0730739438568372	1.7415629585323	4	249.8	0	249.8	0	A
Diet.5mo.as.AL	ErysipelotrichaceaeNOV	20	0.0941906478708074	0.0715354517581397	1.31669886127601	4	249.8	0	249.8	0	A
Diet.5mo.as.AL	ErysipelotrichaceaeNOV	40	-0.830544725578936	0.0742869883971556	-11.1802180098976	4	249.8	0	249.8	0	A
Diet.5mo.as.AL	Escherichia	AL	0	NA	NA	4	52.44	1.11605835684259e-10	52.44	1.11605835684259e-10	A
Diet.5mo.as.AL	Escherichia	1D	0.0833806812210532	0.0759500696808413	1.09783548022322	4	52.44	1.11605835684259e-10	52.44	1.11605835684259e-10	A
Diet.5mo.as.AL	Escherichia	2D	0.298538719221308	0.0753695303197146	3.96100012770304	4	52.44	1.11605835684259e-10	52.44	1.11605835684259e-10	A
Diet.5mo.as.AL	Escherichia	20	0.154803196733961	0.0735735497351858	2.10406045774802	4	52.44	1.11605835684259e-10	52.44	1.11605835684259e-10	A
Diet.5mo.as.AL	Escherichia	40	0.509216660922317	0.0770117997861962	6.61219011029515	4	52.44	1.11605835684259e-10	52.44	1.11605835684259e-10	A
Diet.5mo.as.AL	EubacteriumF	AL	0	NA	NA	4	22.164	0.000185903421512368	22.164	0.000185903421512368	A
Diet.5mo.as.AL	EubacteriumF	1D	0.0739988353404416	0.0750308664986097	0.98624524537262	4	22.164	0.000185903421512368	22.164	0.000185903421512368	A
Diet.5mo.as.AL	EubacteriumF	2D	0.256607320273188	0.0744365315689516	3.44733042854755	4	22.164	0.000185903421512368	22.164	0.000185903421512368	A
Diet.5mo.as.AL	EubacteriumF	20	0.105688331226947	0.0730482850070134	1.44682837135464	4	22.164	0.000185903421512368	22.164	0.000185903421512368	A
Diet.5mo.as.AL	EubacteriumF	40	-0.102900925569942	0.0760278344352484	-1.35346385089504	4	22.164	0.000185903421512368	22.164	0.000185903421512368	A
Diet.5mo.as.AL	EubacteriumG	AL	0	NA	NA	4	48	9.43783606821569e-10	48	9.43783606821569e-10	A
Diet.5mo.as.AL	EubacteriumG	1D	-0.218030978163981	0.0803335296436594	-2.71407193398716	4	48	9.43783606821569e-10	48	9.43783606821569e-10	A
Diet.5mo.as.AL	EubacteriumG	2D	-0.210340993795039	0.0808142071632592	-2.6027724725445	4	48	9.43783606821569e-10	48	9.43783606821569e-10	A
Diet.5mo.as.AL	EubacteriumG	20	-0.387019246149013	0.0782023126011691	-4.94894886450235	4	48	9.43783606821569e-10	48	9.43783606821569e-10	A
Diet.5mo.as.AL	EubacteriumG	40	-0.517099016082773	0.0814245574906025	-6.35065184287251	4	48	9.43783606821569e-10	48	9.43783606821569e-10	A
Diet.5mo.as.AL	EubacteriumJ	AL	0	NA	NA	4	178.8	0	178.8	0	A
Diet.5mo.as.AL	EubacteriumJ	1D	-0.218539115884124	0.0689960780377637	-3.16741359942968	4	178.8	0	178.8	0	A
Diet.5mo.as.AL	EubacteriumJ	2D	-0.319289585116323	0.0682085371426748	-4.68107950253281	4	178.8	0	178.8	0	A
Diet.5mo.as.AL	EubacteriumJ	20	-0.504544487777671	0.0670899545649047	-7.52041778906796	4	178.8	0	178.8	0	A
Diet.5mo.as.AL	EubacteriumJ	40	-0.892847737805939	0.0699483292530204	-12.7643897622814	4	178.8	0	178.8	0	A
Diet.5mo.as.AL	Evtepia	AL	0	NA	NA	4	174.28	0	174.28	0	A
Diet.5mo.as.AL	Evtepia	1D	-0.131404695085809	0.0723839222016286	-1.81538511715041	4	174.28	0	174.28	0	A
Diet.5mo.as.AL	Evtepia	2D	-0.121338729082501	0.0712598737499505	-1.70276373921565	4	174.28	0	174.28	0	A
Diet.5mo.as.AL	Evtepia	20	-0.475210454372047	0.0701508259491457	-6.77412486513758	4	174.28	0	174.28	0	A
Diet.5mo.as.AL	Evtepia	40	-0.867094185161671	0.0730663886835222	-11.8672100918711	4	174.28	0	174.28	0	A
Diet.5mo.as.AL	Flavonifractor	AL	0	NA	NA	4	92.44	0	92.44	0	A
Diet.5mo.as.AL	Flavonifractor	1D	-0.168506341099835	0.0735752754096093	-2.29025770086111	4	92.44	0	92.44	0	A
Diet.5mo.as.AL	Flavonifractor	2D	-0.233952933546189	0.0732269671261337	-3.19490131474658	4	92.44	0	92.44	0	A
Diet.5mo.as.AL	Flavonifractor	20	-0.420309982807913	0.0717711258404007	-5.8562545576137	4	92.44	0	92.44	0	A
Diet.5mo.as.AL	Flavonifractor	40	-0.675389102480401	0.0746651163706722	-9.04557757771993	4	92.44	0	92.44	0	A
Diet.5mo.as.AL	HungatellaA	AL	0	NA	NA	4	19.64	0.000588105781002435	19.64	0.000588105781002435	A
Diet.5mo.as.AL	HungatellaA	1D	-0.0451315049341972	0.0687056558876279	-0.65688194590577	4	19.64	0.000588105781002435	19.64	0.000588105781002435	A
Diet.5mo.as.AL	HungatellaA	2D	0.00994562558529618	0.0680773031927188	0.146093119422509	4	19.64	0.000588105781002435	19.64	0.000588105781002435	A
Diet.5mo.as.AL	HungatellaA	20	-0.0840354030449078	0.0670785614318732	-1.25279077623417	4	19.64	0.000588105781002435	19.64	0.000588105781002435	A
Diet.5mo.as.AL	HungatellaA	40	-0.276354542574701	0.0699439200024128	-3.95108742211142	4	19.64	0.000588105781002435	19.64	0.000588105781002435	A
Diet.5mo.as.AL	Ileibacterium	AL	0	NA	NA	4	116.64	0	116.64	0	A
Diet.5mo.as.AL	Ileibacterium	1D	0.0111894046925709	0.0690859672470992	0.161963494736201	4	116.64	0	116.64	0	A
Diet.5mo.as.AL	Ileibacterium	2D	0.536696665631218	0.0678046685713118	7.91533499004957	4	116.64	0	116.64	0	A
Diet.5mo.as.AL	Ileibacterium	20	0.23184003267094	0.0661761578290708	3.50337705113931	4	116.64	0	116.64	0	A
Diet.5mo.as.AL	Ileibacterium	40	0.52075075796694	0.0700142170234101	7.43778592557596	4	116.64	0	116.64	0	A
Diet.5mo.as.AL	Kineothrix	AL	0	NA	NA	4	168.68	0	168.68	0	A
Diet.5mo.as.AL	Kineothrix	1D	0.206819759761365	0.0722790678659853	2.86140601791982	4	168.68	0	168.68	0	A
Diet.5mo.as.AL	Kineothrix	2D	0.51997631223409	0.0716073110547358	7.26149752832676	4	168.68	0	168.68	0	A
Diet.5mo.as.AL	Kineothrix	20	0.457218666414762	0.069936257246423	6.53764848758971	4	168.68	0	168.68	0	A
Diet.5mo.as.AL	Kineothrix	40	0.885864498262528	0.0731981590707433	12.1022783838918	4	168.68	0	168.68	0	A
Diet.5mo.as.AL	Lachnospira	AL	0	NA	NA	4	156.6	0	156.6	0	A
Diet.5mo.as.AL	Lachnospira	1D	0.0095786746224574	0.0684707496447634	0.13989440267783	4	156.6	0	156.6	0	A
Diet.5mo.as.AL	Lachnospira	2D	-0.0412659726697549	0.0677275264344813	-0.609293958338713	4	156.6	0	156.6	0	A
Diet.5mo.as.AL	Lachnospira	20	-0.259720582814741	0.0664990809736687	-3.9056266494507	4	156.6	0	156.6	0	A
Diet.5mo.as.AL	Lachnospira	40	-0.75502185822528	0.0694036650370733	-10.8787029881199	4	156.6	0	156.6	0	A
Diet.5mo.as.AL	LachnospiraceaeNOV	AL	0	NA	NA	4	17.164	0.00179614305272013	17.164	0.00179614305272013	A
Diet.5mo.as.AL	LachnospiraceaeNOV	1D	-0.129848531849743	0.0731466650239614	-1.77518047893513	4	17.164	0.00179614305272013	17.164	0.00179614305272013	A
Diet.5mo.as.AL	LachnospiraceaeNOV	2D	-0.0519787939973361	0.0724088084760219	-0.71785180686337	4	17.164	0.00179614305272013	17.164	0.00179614305272013	A
Diet.5mo.as.AL	LachnospiraceaeNOV	20	-0.201776058498377	0.0711926654798814	-2.83422536771569	4	17.164	0.00179614305272013	17.164	0.00179614305272013	A
Diet.5mo.as.AL	LachnospiraceaeNOV	40	-0.27337586781197	0.0739986641734414	-3.69433517301365	4	17.164	0.00179614305272013	17.164	0.00179614305272013	A
Diet.5mo.as.AL	Lactobacillus	AL	0	NA	NA	4	199.04	0	199.04	0	A
Diet.5mo.as.AL	Lactobacillus	1D	0.248302253956631	0.0687466657553032	3.61184431606381	4	199.04	0	199.04	0	A
Diet.5mo.as.AL	Lactobacillus	2D	0.823399712855266	0.0684759447443059	12.0246564823589	4	199.04	0	199.04	0	A
Diet.5mo.as.AL	Lactobacillus	20	0.538278480708969	0.0668394668761155	8.05330302389528	4	199.04	0	199.04	0	A
Diet.5mo.as.AL	Lactobacillus	40	0.720302443905131	0.0701964067161618	10.2612438100666	4	199.04	0	199.04	0	A
Diet.5mo.as.AL	Lawsonibacter	AL	0	NA	NA	4	58.28	6.6650018837322e-12	58.28	6.6650018837322e-12	A
Diet.5mo.as.AL	Lawsonibacter	1D	-0.131449461173638	0.073058939692069	-1.79922486868377	4	58.28	6.6650018837322e-12	58.28	6.6650018837322e-12	A
Diet.5mo.as.AL	Lawsonibacter	2D	-0.208832159251159	0.0716239942148345	-2.91567318383239	4	58.28	6.6650018837322e-12	58.28	6.6650018837322e-12	A
Diet.5mo.as.AL	Lawsonibacter	20	-0.427664558565882	0.0704800641584751	-6.06787981356365	4	58.28	6.6650018837322e-12	58.28	6.6650018837322e-12	A
Diet.5mo.as.AL	Lawsonibacter	40	-0.467645688702088	0.0735992064090827	-6.35395015134805	4	58.28	6.6650018837322e-12	58.28	6.6650018837322e-12	A
Diet.5mo.as.AL	Ligilactobacillus	AL	0	NA	NA	4	160.28	0	160.28	0	A
Diet.5mo.as.AL	Ligilactobacillus	1D	0.378919362149014	0.0689919600208822	5.49222492061865	4	160.28	0	160.28	0	A
Diet.5mo.as.AL	Ligilactobacillus	2D	0.546367151710785	0.0679222213033171	8.04401183039787	4	160.28	0	160.28	0	A
Diet.5mo.as.AL	Ligilactobacillus	20	0.485168556130699	0.0634886264322285	7.64181843890727	4	160.28	0	160.28	0	A
Diet.5mo.as.AL	Ligilactobacillus	40	0.819115237536882	0.0683382694388682	11.9861864261813	4	160.28	0	160.28	0	A
Diet.5mo.as.AL	Limosilactobacillus	AL	0	NA	NA	4	149.04	0	149.04	0	A
Diet.5mo.as.AL	Limosilactobacillus	1D	0.223174017398133	0.0782030260435275	2.8537772601525	4	149.04	0	149.04	0	A
Diet.5mo.as.AL	Limosilactobacillus	2D	0.681973063416496	0.0779853673383812	8.74488492767356	4	149.04	0	149.04	0	A
Diet.5mo.as.AL	Limosilactobacillus	20	0.57751197053374	0.0755734888644546	7.64172700256754	4	149.04	0	149.04	0	A
Diet.5mo.as.AL	Limosilactobacillus	40	0.794271726053849	0.0792320794965837	10.024622994883	4	149.04	0	149.04	0	A
Diet.5mo.as.AL	Mailhella	AL	0	NA	NA	4	42.88	1.09584508134475e-08	42.88	1.09584508134475e-08	A
Diet.5mo.as.AL	Mailhella	1D	0.191584605123488	0.079480469621181	2.41046141318259	4	42.88	1.09584508134475e-08	42.88	1.09584508134475e-08	A
Diet.5mo.as.AL	Mailhella	2D	0.353592743348033	0.0792918842039528	4.45938127083132	4	42.88	1.09584508134475e-08	42.88	1.09584508134475e-08	A
Diet.5mo.as.AL	Mailhella	20	0.0937651112493573	0.0767661469059115	1.22143829055639	4	42.88	1.09584508134475e-08	42.88	1.09584508134475e-08	A
Diet.5mo.as.AL	Mailhella	40	-0.173823008479399	0.0804500220161955	-2.16063344823456	4	42.88	1.09584508134475e-08	42.88	1.09584508134475e-08	A
Diet.5mo.as.AL	MarseilleP3106	AL	0	NA	NA	4	14.328	0.00631854856236502	14.328	0.00631854856236502	A
Diet.5mo.as.AL	MarseilleP3106	1D	0.130762094962368	0.0724595892971679	1.80462097882024	4	14.328	0.00631854856236502	14.328	0.00631854856236502	A
Diet.5mo.as.AL	MarseilleP3106	2D	0.0805571448777481	0.0712934346106213	1.12993777502405	4	14.328	0.00631854856236502	14.328	0.00631854856236502	A
Diet.5mo.as.AL	MarseilleP3106	20	0.255237437290098	0.0704092725544158	3.62505431500997	4	14.328	0.00631854856236502	14.328	0.00631854856236502	A
Diet.5mo.as.AL	MarseilleP3106	40	0.0643050862241769	0.0731635526637495	0.878922412635086	4	14.328	0.00631854856236502	14.328	0.00631854856236502	A
Diet.5mo.as.AL	MuribaculaceaeNOV	AL	0	NA	NA	4	33.788	8.2363815245845e-07	33.788	8.2363815245845e-07	A
Diet.5mo.as.AL	MuribaculaceaeNOV	1D	0.222853630126538	0.0768421300620933	2.90014904514565	4	33.788	8.2363815245845e-07	33.788	8.2363815245845e-07	A
Diet.5mo.as.AL	MuribaculaceaeNOV	2D	0.0849393747577749	0.0761443140584795	1.11550515370774	4	33.788	8.2363815245845e-07	33.788	8.2363815245845e-07	A
Diet.5mo.as.AL	MuribaculaceaeNOV	20	0.186040695904104	0.0718272361404049	2.59011352657979	4	33.788	8.2363815245845e-07	33.788	8.2363815245845e-07	A
Diet.5mo.as.AL	MuribaculaceaeNOV	40	0.429566712869913	0.0768772018732256	5.58769963530008	4	33.788	8.2363815245845e-07	33.788	8.2363815245845e-07	A
Diet.5mo.as.AL	Muribaculum	AL	0	NA	NA	4	71.6	1.04360964314765e-14	71.6	1.04360964314765e-14	A
Diet.5mo.as.AL	Muribaculum	1D	0.289129850783883	0.0730362058450498	3.95871947944952	4	71.6	1.04360964314765e-14	71.6	1.04360964314765e-14	A
Diet.5mo.as.AL	Muribaculum	2D	0.491643900317479	0.0718323441627513	6.84432487966084	4	71.6	1.04360964314765e-14	71.6	1.04360964314765e-14	A
Diet.5mo.as.AL	Muribaculum	20	0.350648226950723	0.0698675001433619	5.0187601707693	4	71.6	1.04360964314765e-14	71.6	1.04360964314765e-14	A
Diet.5mo.as.AL	Muribaculum	40	0.541443416064699	0.0739252628908176	7.32420007574911	4	71.6	1.04360964314765e-14	71.6	1.04360964314765e-14	A
Diet.5mo.as.AL	Oscillibacter	AL	0	NA	NA	4	36.508	2.27462335966599e-07	36.508	2.27462335966599e-07	A
Diet.5mo.as.AL	Oscillibacter	1D	-0.0906713558050333	0.0674693279104079	-1.34389001066433	4	36.508	2.27462335966599e-07	36.508	2.27462335966599e-07	A
Diet.5mo.as.AL	Oscillibacter	2D	-0.272892179199486	0.0658627732923753	-4.14334479946774	4	36.508	2.27462335966599e-07	36.508	2.27462335966599e-07	A
Diet.5mo.as.AL	Oscillibacter	20	-0.305733242859877	0.0650257530508878	-4.70172552435673	4	36.508	2.27462335966599e-07	36.508	2.27462335966599e-07	A
Diet.5mo.as.AL	Oscillibacter	40	-0.303827714020498	0.0679830253790042	-4.4691702425225	4	36.508	2.27462335966599e-07	36.508	2.27462335966599e-07	A
Diet.5mo.as.AL	OscillospiraceaeNOV	AL	0	NA	NA	4	69.4	3.04201108747293e-14	69.4	3.04201108747293e-14	A
Diet.5mo.as.AL	OscillospiraceaeNOV	1D	-0.0340254725285859	0.0676920595707738	-0.502650868422926	4	69.4	3.04201108747293e-14	69.4	3.04201108747293e-14	A
Diet.5mo.as.AL	OscillospiraceaeNOV	2D	-0.299837768589514	0.0663794973481279	-4.51702378849017	4	69.4	3.04201108747293e-14	69.4	3.04201108747293e-14	A
Diet.5mo.as.AL	OscillospiraceaeNOV	20	-0.329324398285892	0.065236713600924	-5.04814513343646	4	69.4	3.04201108747293e-14	69.4	3.04201108747293e-14	A
Diet.5mo.as.AL	OscillospiraceaeNOV	40	-0.464576832186921	0.0685383511709856	-6.77834853406265	4	69.4	3.04201108747293e-14	69.4	3.04201108747293e-14	A
Diet.5mo.as.AL	Paramuribaculum	AL	0	NA	NA	4	192.44	0	192.44	0	A
Diet.5mo.as.AL	Paramuribaculum	1D	0.391946587560278	0.070808654822926	5.53529209869097	4	192.44	0	192.44	0	A
Diet.5mo.as.AL	Paramuribaculum	2D	0.587122691376988	0.0699364971347718	8.39508290278776	4	192.44	0	192.44	0	A
Diet.5mo.as.AL	Paramuribaculum	20	0.731594078523548	0.0686976151906486	10.6494829040752	4	192.44	0	192.44	0	A
Diet.5mo.as.AL	Paramuribaculum	40	0.876970266548266	0.0718930128603447	12.1982683943406	4	192.44	0	192.44	0	A
Diet.5mo.as.AL	Parvibacter	AL	0	NA	NA	4	114.16	0	114.16	0	A
Diet.5mo.as.AL	Parvibacter	1D	0.317609290603526	0.0704058827161259	4.51111865018604	4	114.16	0	114.16	0	A
Diet.5mo.as.AL	Parvibacter	2D	0.433253630629733	0.0696990186310442	6.21606500549436	4	114.16	0	114.16	0	A
Diet.5mo.as.AL	Parvibacter	20	0.335114825237516	0.0680651268101618	4.9234437801339	4	114.16	0	114.16	0	A
Diet.5mo.as.AL	Parvibacter	40	-0.217987359168485	0.0716882132987054	-3.04076987189219	4	114.16	0	114.16	0	A
Diet.5mo.as.AL	PCoA1	AL	0	NA	NA	4	259.92	0	259.92	0	A
Diet.5mo.as.AL	PCoA1	1D	0.328178573542196	0.0627453718834078	5.23032318864905	4	259.92	0	259.92	0	A
Diet.5mo.as.AL	PCoA1	2D	0.613252303709985	0.0616332929420766	9.95001685673883	4	259.92	0	259.92	0	A
Diet.5mo.as.AL	PCoA1	20	0.622252762157961	0.0607774447383056	10.2382185502738	4	259.92	0	259.92	0	A
Diet.5mo.as.AL	PCoA1	40	0.950894411720633	0.0637561670976164	14.9145479568232	4	259.92	0	259.92	0	A
Diet.5mo.as.AL	PCoA2	AL	0	NA	NA	4	300.96	0	300.96	0	A
Diet.5mo.as.AL	PCoA2	1D	0.285546431713321	0.0657559293733312	4.34251989797183	4	300.96	0	300.96	0	A
Diet.5mo.as.AL	PCoA2	2D	0.380014626984051	0.0645168998672495	5.89015634300427	4	300.96	0	300.96	0	A
Diet.5mo.as.AL	PCoA2	20	0.479910632837244	0.0635050397146079	7.55704799168643	4	300.96	0	300.96	0	A
Diet.5mo.as.AL	PCoA2	40	1.12143001296716	0.0664971528231656	16.8643312586533	4	300.96	0	300.96	0	A
Diet.5mo.as.AL	PCoA3	AL	0	NA	NA	4	8.996	0.0611995397291938	8.996	0.0611995397291938	A
Diet.5mo.as.AL	PCoA3	1D	0.00709765628228298	0.0776643578782952	0.0913888490960736	4	8.996	0.0611995397291938	8.996	0.0611995397291938	A
Diet.5mo.as.AL	PCoA3	2D	-0.113576290472545	0.0769397802126419	-1.47617123624021	4	8.996	0.0611995397291938	8.996	0.0611995397291938	A
Diet.5mo.as.AL	PCoA3	20	-0.0846768304169248	0.0738931232723186	-1.14593654547345	4	8.996	0.0611995397291938	8.996	0.0611995397291938	A
Diet.5mo.as.AL	PCoA3	40	-0.191025878935766	0.0782318830172391	-2.4417906302175	4	8.996	0.0611995397291938	8.996	0.0611995397291938	A
Diet.5mo.as.AL	Prevotella	AL	0	NA	NA	4	39.724	4.93627040354383e-08	39.724	4.93627040354383e-08	A
Diet.5mo.as.AL	Prevotella	1D	0.227183334980883	0.0811601090048737	2.7991994807109	4	39.724	4.93627040354383e-08	39.724	4.93627040354383e-08	A
Diet.5mo.as.AL	Prevotella	2D	0.486475522337546	0.080849702598136	6.01703539659974	4	39.724	4.93627040354383e-08	39.724	4.93627040354383e-08	A
Diet.5mo.as.AL	Prevotella	20	0.234205916196244	0.0785246140618386	2.98257965345497	4	39.724	4.93627040354383e-08	39.724	4.93627040354383e-08	A
Diet.5mo.as.AL	Prevotella	40	0.101676941922882	0.0823091082961297	1.23530608006432	4	39.724	4.93627040354383e-08	39.724	4.93627040354383e-08	A
Diet.5mo.as.AL	Romboutsia	AL	0	NA	NA	4	193.44	0	193.44	0	A
Diet.5mo.as.AL	Romboutsia	1D	-0.142369740113752	0.0854224184329411	-1.66665546030537	4	193.44	0	193.44	0	A
Diet.5mo.as.AL	Romboutsia	2D	-0.128354002510926	0.085719405876215	-1.49737391666339	4	193.44	0	193.44	0	A
Diet.5mo.as.AL	Romboutsia	20	0.0682514512159984	0.0819945747631216	0.832389843025268	4	193.44	0	193.44	0	A
Diet.5mo.as.AL	Romboutsia	40	0.954518632579849	0.0860664023546316	11.090490673083	4	193.44	0	193.44	0	A
Diet.5mo.as.AL	Roseburia	AL	0	NA	NA	4	76.04	1.22124532708767e-15	76.04	1.22124532708767e-15	A
Diet.5mo.as.AL	Roseburia	1D	-0.431440456237127	0.0874594502127599	-4.93303416826398	4	76.04	1.22124532708767e-15	76.04	1.22124532708767e-15	A
Diet.5mo.as.AL	Roseburia	2D	-0.446459969068481	0.0867536843753149	-5.14629404253311	4	76.04	1.22124532708767e-15	76.04	1.22124532708767e-15	A
Diet.5mo.as.AL	Roseburia	20	-0.0656868959425802	0.0837868772438996	-0.783975941141341	4	76.04	1.22124532708767e-15	76.04	1.22124532708767e-15	A
Diet.5mo.as.AL	Roseburia	40	0.215755414866189	0.0878369391824289	2.4563175456067	4	76.04	1.22124532708767e-15	76.04	1.22124532708767e-15	A
Diet.5mo.as.AL	RuminiclostridiumE	AL	0	NA	NA	4	87.52	0	87.52	0	A
Diet.5mo.as.AL	RuminiclostridiumE	1D	-0.0416739406863965	0.0855794294187919	-0.486962123601698	4	87.52	0	87.52	0	A
Diet.5mo.as.AL	RuminiclostridiumE	2D	-0.648029134474983	0.0853553000291383	-7.59213703488548	4	87.52	0	87.52	0	A
Diet.5mo.as.AL	RuminiclostridiumE	20	-0.259371727536226	0.0819060957477581	-3.16669626562349	4	87.52	0	87.52	0	A
Diet.5mo.as.AL	RuminiclostridiumE	40	-0.521288794455632	0.0860902912576318	-6.05514032814264	4	87.52	0	87.52	0	A
Diet.5mo.as.AL	Schaedlerella	AL	0	NA	NA	4	200.04	0	200.04	0	A
Diet.5mo.as.AL	Schaedlerella	1D	-0.168870904483984	0.0711485985815081	-2.37349586430047	4	200.04	0	200.04	0	A
Diet.5mo.as.AL	Schaedlerella	2D	-0.453800820020429	0.0703019623538617	-6.45502351323059	4	200.04	0	200.04	0	A
Diet.5mo.as.AL	Schaedlerella	20	-0.557901349603265	0.0688035286084997	-8.10861537026378	4	200.04	0	200.04	0	A
Diet.5mo.as.AL	Schaedlerella	40	-0.933558372921901	0.0720015850377982	-12.9658030782491	4	200.04	0	200.04	0	A
Diet.5mo.as.AL	Shannon	AL	0	NA	NA	4	53.6	6.38193942137377e-11	53.6	6.38193942137377e-11	A
Diet.5mo.as.AL	Shannon	1D	0.216456095232817	0.0721558882906692	2.99983965772628	4	53.6	6.38193942137377e-11	53.6	6.38193942137377e-11	A
Diet.5mo.as.AL	Shannon	2D	-0.10238364012264	0.0716953393412505	-1.42803759719055	4	53.6	6.38193942137377e-11	53.6	6.38193942137377e-11	A
Diet.5mo.as.AL	Shannon	20	0.280433991829281	0.0707121835664094	3.9658511120069	4	53.6	6.38193942137377e-11	53.6	6.38193942137377e-11	A
Diet.5mo.as.AL	Shannon	40	0.386381940178565	0.0731310649517606	5.28341738812958	4	53.6	6.38193942137377e-11	53.6	6.38193942137377e-11	A
Diet.5mo.as.AL	Simpson	AL	0	NA	NA	4	57.4	1.01977315480895e-11	57.4	1.01977315480895e-11	A
Diet.5mo.as.AL	Simpson	1D	0.284702427896353	0.0690214742066339	4.12483840962339	4	57.4	1.01977315480895e-11	57.4	1.01977315480895e-11	A
Diet.5mo.as.AL	Simpson	2D	0.135569421108195	0.0680362420704339	1.99260595504155	4	57.4	1.01977315480895e-11	57.4	1.01977315480895e-11	A
Diet.5mo.as.AL	Simpson	20	0.345536373758104	0.0674827256481893	5.12036777470288	4	57.4	1.01977315480895e-11	57.4	1.01977315480895e-11	A
Diet.5mo.as.AL	Simpson	40	0.48178987813539	0.069707588810575	6.91158432469407	4	57.4	1.01977315480895e-11	57.4	1.01977315480895e-11	A
Diet.5mo.as.AL	Staphylococcus	AL	0	NA	NA	4	45.28	3.47712580950343e-09	45.28	3.47712580950343e-09	A
Diet.5mo.as.AL	Staphylococcus	1D	-0.154270116204609	0.0960652215548301	-1.60588935004494	4	45.28	3.47712580950343e-09	45.28	3.47712580950343e-09	A
Diet.5mo.as.AL	Staphylococcus	2D	-0.144627107985231	0.0954455836128035	-1.51528339511174	4	45.28	3.47712580950343e-09	45.28	3.47712580950343e-09	A
Diet.5mo.as.AL	Staphylococcus	20	0.131092982566533	0.0910403110043488	1.43994436223171	4	45.28	3.47712580950343e-09	45.28	3.47712580950343e-09	A
Diet.5mo.as.AL	Staphylococcus	40	0.436780296938826	0.0961177298439137	4.54422194165548	4	45.28	3.47712580950343e-09	45.28	3.47712580950343e-09	A
Diet.5mo.as.AL	TF0111	AL	0	NA	NA	4	217.84	0	217.84	0	A
Diet.5mo.as.AL	TF0111	1D	-0.21666616316977	0.0718029453166346	-3.01751080285525	4	217.84	0	217.84	0	A
Diet.5mo.as.AL	TF0111	2D	-0.256252415328748	0.0713690157254184	-3.59052752408188	4	217.84	0	217.84	0	A
Diet.5mo.as.AL	TF0111	20	-0.446858224717698	0.0696583433587542	-6.41499931194588	4	217.84	0	217.84	0	A
Diet.5mo.as.AL	TF0111	40	-1.03451176162237	0.0728765815413973	-14.1953936332032	4	217.84	0	217.84	0	A
Diet.5mo.as.AL	Turicibacter	AL	0	NA	NA	4	82.52	0	82.52	0	A
Diet.5mo.as.AL	Turicibacter	1D	-0.332479492850672	0.0816844058294317	-4.07029333781205	4	82.52	0	82.52	0	A
Diet.5mo.as.AL	Turicibacter	2D	-0.238653968420445	0.0824776504110805	-2.89355925188168	4	82.52	0	82.52	0	A
Diet.5mo.as.AL	Turicibacter	20	-0.380274565554141	0.0784676602732049	-4.84625849974524	4	82.52	0	82.52	0	A
Diet.5mo.as.AL	Turicibacter	40	0.287023537495979	0.0824194129500315	3.48247490758025	4	82.52	0	82.52	0	A
Diet.5mo.as.AL	UBA11940	AL	0	NA	NA	4	58.08	7.34157179493877e-12	58.08	7.34157179493877e-12	A
Diet.5mo.as.AL	UBA11940	1D	-0.279331747122553	0.0824847872245301	-3.38646381377199	4	58.08	7.34157179493877e-12	58.08	7.34157179493877e-12	A
Diet.5mo.as.AL	UBA11940	2D	-0.53262433599501	0.0827906844349033	-6.43338486244551	4	58.08	7.34157179493877e-12	58.08	7.34157179493877e-12	A
Diet.5mo.as.AL	UBA11940	20	-0.414177410704454	0.079148664628615	-5.23290459349979	4	58.08	7.34157179493877e-12	58.08	7.34157179493877e-12	A
Diet.5mo.as.AL	UBA11940	40	-0.460273856225844	0.0833144167225712	-5.52454034166152	4	58.08	7.34157179493877e-12	58.08	7.34157179493877e-12	A
Diet.5mo.as.AL	UBA11957	AL	0	NA	NA	4	233.04	0	233.04	0	A
Diet.5mo.as.AL	UBA11957	1D	-0.410373531449994	0.0747770225942394	-5.4879629759638	4	233.04	0	233.04	0	A
Diet.5mo.as.AL	UBA11957	2D	-0.747552480321278	0.0749816267318752	-9.9698087772146	4	233.04	0	233.04	0	A
Diet.5mo.as.AL	UBA11957	20	-0.590781454725426	0.0717787513096861	-8.23058974899865	4	233.04	0	233.04	0	A
Diet.5mo.as.AL	UBA11957	40	-1.06902217591208	0.0755999621166335	-14.1405120582313	4	233.04	0	233.04	0	A
Diet.5mo.as.AL	UBA1394	AL	0	NA	NA	4	57	1.2371659252608e-11	57	1.2371659252608e-11	A
Diet.5mo.as.AL	UBA1394	1D	0.0197822534456033	0.0750110042290828	0.263724684783428	4	57	1.2371659252608e-11	57	1.2371659252608e-11	A
Diet.5mo.as.AL	UBA1394	2D	-0.204068745423377	0.075091958256184	-2.71758454783101	4	57	1.2371659252608e-11	57	1.2371659252608e-11	A
Diet.5mo.as.AL	UBA1394	20	0.239851207428566	0.0729901969817829	3.28607425855322	4	57	1.2371659252608e-11	57	1.2371659252608e-11	A
Diet.5mo.as.AL	UBA1394	40	0.376250468642731	0.0763248076751935	4.92959602654875	4	57	1.2371659252608e-11	57	1.2371659252608e-11	A
Diet.5mo.as.AL	UBA1405	AL	0	NA	NA	4	46.8	1.67841340825703e-09	46.8	1.67841340825703e-09	A
Diet.5mo.as.AL	UBA1405	1D	-0.166751489680514	0.081571043060941	-2.04424858899911	4	46.8	1.67841340825703e-09	46.8	1.67841340825703e-09	A
Diet.5mo.as.AL	UBA1405	2D	-0.366569833683368	0.0806869351745202	-4.54311262276232	4	46.8	1.67841340825703e-09	46.8	1.67841340825703e-09	A
Diet.5mo.as.AL	UBA1405	20	-0.396835054877399	0.0774432827491309	-5.12420239419477	4	46.8	1.67841340825703e-09	46.8	1.67841340825703e-09	A
Diet.5mo.as.AL	UBA1405	40	-0.456989862571547	0.0818526671021469	-5.58307845975566	4	46.8	1.67841340825703e-09	46.8	1.67841340825703e-09	A
Diet.5mo.as.AL	UBA2882	AL	0	NA	NA	4	99.12	0	99.12	0	A
Diet.5mo.as.AL	UBA2882	1D	-0.0681588166413023	0.0748009807295737	-0.911202179122696	4	99.12	0	99.12	0	A
Diet.5mo.as.AL	UBA2882	2D	-0.488023585701969	0.0748103001763882	-6.52348118576324	4	99.12	0	99.12	0	A
Diet.5mo.as.AL	UBA2882	20	0.0207399721686078	0.0725171967088973	0.286000743407987	4	99.12	0	99.12	0	A
Diet.5mo.as.AL	UBA2882	40	0.33592998351944	0.0760728302716517	4.41589963617567	4	99.12	0	99.12	0	A
Diet.5mo.as.AL	UBA3282	AL	0	NA	NA	4	19.256	0.000699945577688599	19.256	0.000699945577688599	A
Diet.5mo.as.AL	UBA3282	1D	-0.0604531573429022	0.072750339394859	-0.830967358307255	4	19.256	0.000699945577688599	19.256	0.000699945577688599	A
Diet.5mo.as.AL	UBA3282	2D	-0.135123501523041	0.0722028704924495	-1.87144223770399	4	19.256	0.000699945577688599	19.256	0.000699945577688599	A
Diet.5mo.as.AL	UBA3282	20	-0.128405166494336	0.0709597749845356	-1.80954867067039	4	19.256	0.000699945577688599	19.256	0.000699945577688599	A
Diet.5mo.as.AL	UBA3282	40	-0.312678417477028	0.0737993655499268	-4.23687134905645	4	19.256	0.000699945577688599	19.256	0.000699945577688599	A
Diet.5mo.as.AL	UBA3700	AL	0	NA	NA	4	32.868	1.27116382764303e-06	32.868	1.27116382764303e-06	A
Diet.5mo.as.AL	UBA3700	1D	0.108237012695455	0.0756461086646454	1.43083384732045	4	32.868	1.27116382764303e-06	32.868	1.27116382764303e-06	A
Diet.5mo.as.AL	UBA3700	2D	-0.0789277486438492	0.0759517500201956	-1.03918275250883	4	32.868	1.27116382764303e-06	32.868	1.27116382764303e-06	A
Diet.5mo.as.AL	UBA3700	20	0.183716792146607	0.0734081005420797	2.50267737197879	4	32.868	1.27116382764303e-06	32.868	1.27116382764303e-06	A
Diet.5mo.as.AL	UBA3700	40	0.360265167084466	0.0768423418905941	4.68836787402187	4	32.868	1.27116382764303e-06	32.868	1.27116382764303e-06	A
Diet.5mo.as.AL	UBA3700NOV	AL	0	NA	NA	4	235.12	0	235.12	0	A
Diet.5mo.as.AL	UBA3700NOV	1D	0.293443445191625	0.0718277172131816	4.08537896757456	4	235.12	0	235.12	0	A
Diet.5mo.as.AL	UBA3700NOV	2D	0.476562150131131	0.0714118756192992	6.67342995822868	4	235.12	0	235.12	0	A
Diet.5mo.as.AL	UBA3700NOV	20	0.626277997789107	0.0698786837600076	8.96236111057852	4	235.12	0	235.12	0	A
Diet.5mo.as.AL	UBA3700NOV	40	1.06475472918353	0.0727025359303652	14.6453588662073	4	235.12	0	235.12	0	A
Diet.5mo.as.AL	UBA3818	AL	0	NA	NA	4	66.2	1.43773881688958e-13	66.2	1.43773881688958e-13	A
Diet.5mo.as.AL	UBA3818	1D	-0.286435250471356	0.0751929416808774	-3.80933694131826	4	66.2	1.43773881688958e-13	66.2	1.43773881688958e-13	A
Diet.5mo.as.AL	UBA3818	2D	-0.425906718485747	0.0751904995835505	-5.66436878122463	4	66.2	1.43773881688958e-13	66.2	1.43773881688958e-13	A
Diet.5mo.as.AL	UBA3818	20	-0.508679558356472	0.073205944215666	-6.94861003169215	4	66.2	1.43773881688958e-13	66.2	1.43773881688958e-13	A
Diet.5mo.as.AL	UBA3818	40	-0.436873662320477	0.0761992808213223	-5.73330427284335	4	66.2	1.43773881688958e-13	66.2	1.43773881688958e-13	A
Diet.5mo.as.AL	UBA7160	AL	0	NA	NA	4	52.52	1.07387210235288e-10	52.52	1.07387210235288e-10	A
Diet.5mo.as.AL	UBA7160	1D	0.195862779731229	0.0777934461420645	2.51772854198475	4	52.52	1.07387210235288e-10	52.52	1.07387210235288e-10	A
Diet.5mo.as.AL	UBA7160	2D	0.286493957293381	0.0773066517521811	3.7059418665781	4	52.52	1.07387210235288e-10	52.52	1.07387210235288e-10	A
Diet.5mo.as.AL	UBA7160	20	0.0411696044829847	0.0755744600980257	0.544755522296615	4	52.52	1.07387210235288e-10	52.52	1.07387210235288e-10	A
Diet.5mo.as.AL	UBA7160	40	-0.280072126585987	0.0786321433819619	-3.56180201302048	4	52.52	1.07387210235288e-10	52.52	1.07387210235288e-10	A
Diet.5mo.as.AL	UBA7173	AL	0	NA	NA	4	51.88	1.46149981006261e-10	51.88	1.46149981006261e-10	A
Diet.5mo.as.AL	UBA7173	1D	0.229409104248736	0.0719739639223838	3.18739015814287	4	51.88	1.46149981006261e-10	51.88	1.46149981006261e-10	A
Diet.5mo.as.AL	UBA7173	2D	0.32170183829373	0.071148718883715	4.52154084207079	4	51.88	1.46149981006261e-10	51.88	1.46149981006261e-10	A
Diet.5mo.as.AL	UBA7173	20	0.412081146565472	0.0697156955871504	5.91088051399182	4	51.88	1.46149981006261e-10	51.88	1.46149981006261e-10	A
Diet.5mo.as.AL	UBA7173	40	0.441983836044731	0.0732513016398764	6.03380180488322	4	51.88	1.46149981006261e-10	51.88	1.46149981006261e-10	A
Diet.5mo.as.AL	UBA7182	AL	0	NA	NA	4	366.48	0	366.48	0	A
Diet.5mo.as.AL	UBA7182	1D	-0.208099609016196	0.0665627637672864	-3.12636671373418	4	366.48	0	366.48	0	A
Diet.5mo.as.AL	UBA7182	2D	-0.413489288323	0.0663066563903244	-6.23601476583181	4	366.48	0	366.48	0	A
Diet.5mo.as.AL	UBA7182	20	-0.560835107018759	0.0646150766058319	-8.67963231615422	4	366.48	0	366.48	0	A
Diet.5mo.as.AL	UBA7182	40	-1.23749510746234	0.0676684591826029	-18.2876205903102	4	366.48	0	366.48	0	A
Diet.5mo.as.AL	UBA946	AL	0	NA	NA	4	71.36	1.17683640610267e-14	71.36	1.17683640610267e-14	A
Diet.5mo.as.AL	UBA946	1D	-0.159576744390886	0.0757197658441603	-2.10746484239416	4	71.36	1.17683640610267e-14	71.36	1.17683640610267e-14	A
Diet.5mo.as.AL	UBA946	2D	-0.376268056013541	0.0757721595612421	-4.96578239543807	4	71.36	1.17683640610267e-14	71.36	1.17683640610267e-14	A
Diet.5mo.as.AL	UBA946	20	-0.0178170478265547	0.073622445245877	-0.242005651497326	4	71.36	1.17683640610267e-14	71.36	1.17683640610267e-14	A
Diet.5mo.as.AL	UBA946	40	0.315731446202898	0.0769252367887077	4.10439355643616	4	71.36	1.17683640610267e-14	71.36	1.17683640610267e-14	A
Diet.5mo.as.AL	UBA9475	AL	0	NA	NA	4	25.956	3.22976742508363e-05	25.956	3.22976742508363e-05	A
Diet.5mo.as.AL	UBA9475	1D	-0.0931591587713145	0.0674605515737712	-1.38094273761519	4	25.956	3.22976742508363e-05	25.956	3.22976742508363e-05	A
Diet.5mo.as.AL	UBA9475	2D	-0.207562561711961	0.0664342100269075	-3.12433250320721	4	25.956	3.22976742508363e-05	25.956	3.22976742508363e-05	A
Diet.5mo.as.AL	UBA9475	20	-0.245351771654027	0.0653037192619544	-3.75708725975992	4	25.956	3.22976742508363e-05	25.956	3.22976742508363e-05	A
Diet.5mo.as.AL	UBA9475	40	-0.296946965085069	0.0684760039580801	-4.33651130207387	4	25.956	3.22976742508363e-05	25.956	3.22976742508363e-05	A
Diet.5mo.as.AL	UBA9502	AL	0	NA	NA	4	216.08	0	216.08	0	A
Diet.5mo.as.AL	UBA9502	1D	-0.307883709260238	0.0698175891536248	-4.40983014441788	4	216.08	0	216.08	0	A
Diet.5mo.as.AL	UBA9502	2D	-0.315042610948112	0.0689662797506303	-4.5680673524402	4	216.08	0	216.08	0	A
Diet.5mo.as.AL	UBA9502	20	-0.574810624243283	0.0676137713803496	-8.50138385285129	4	216.08	0	216.08	0	A
Diet.5mo.as.AL	UBA9502	40	-0.998099005250249	0.0706543721855817	-14.1265002345308	4	216.08	0	216.08	0	A
Diet.5mo.as.AL	UMGS1004	AL	0	NA	NA	4	173.28	0	173.28	0	A
Diet.5mo.as.AL	UMGS1004	1D	-0.0237571240438506	0.0797920297083152	-0.297738058935162	4	173.28	0	173.28	0	A
Diet.5mo.as.AL	UMGS1004	2D	0.0428425678340658	0.0803997098532055	0.532869682145473	4	173.28	0	173.28	0	A
Diet.5mo.as.AL	UMGS1004	20	0.521384281073297	0.0773873847784303	6.73732912109751	4	173.28	0	173.28	0	A
Diet.5mo.as.AL	UMGS1004	40	0.894020798346271	0.0809187231585168	11.0483799478017	4	173.28	0	173.28	0	A
Diet.5mo.as.AL	UMGS1217	AL	0	NA	NA	4	18.124	0.00116709905653434	18.124	0.00116709905653434	A
Diet.5mo.as.AL	UMGS1217	1D	-0.0261621007013432	0.0819379584726565	-0.319291585841423	4	18.124	0.00116709905653434	18.124	0.00116709905653434	A
Diet.5mo.as.AL	UMGS1217	2D	-0.273193699557978	0.0813423791436906	-3.35856539277495	4	18.124	0.00116709905653434	18.124	0.00116709905653434	A
Diet.5mo.as.AL	UMGS1217	20	-0.110135713204397	0.0793169914296635	-1.38855132070992	4	18.124	0.00116709905653434	18.124	0.00116709905653434	A
Diet.5mo.as.AL	UMGS1217	40	-0.249979338886921	0.0826044788948553	-3.02622015454043	4	18.124	0.00116709905653434	18.124	0.00116709905653434	A
Diet.5mo.as.AL	UMGS1370	AL	0	NA	NA	4	257.32	0	257.32	0	A
Diet.5mo.as.AL	UMGS1370	1D	-0.383727579007979	0.071790038609337	-5.34513682456875	4	257.32	0	257.32	0	A
Diet.5mo.as.AL	UMGS1370	2D	-0.514238413065345	0.0718064360789368	-7.16145294413502	4	257.32	0	257.32	0	A
Diet.5mo.as.AL	UMGS1370	20	-0.645455322925658	0.0699456972035196	-9.22794894799018	4	257.32	0	257.32	0	A
Diet.5mo.as.AL	UMGS1370	40	-1.13338230839051	0.0728736670458177	-15.5527003695028	4	257.32	0	257.32	0	A
Diet.5mo.as.AL	UMGS1815	AL	0	NA	NA	4	564.8	0	564.8	0	A
Diet.5mo.as.AL	UMGS1815	1D	0.410492298230535	0.066140663096826	6.20635293041436	4	564.8	0	564.8	0	A
Diet.5mo.as.AL	UMGS1815	2D	0.600633810877758	0.0657725327631563	9.13198542985431	4	564.8	0	564.8	0	A
Diet.5mo.as.AL	UMGS1815	20	1.13814117680706	0.0642012756085333	17.7277034765924	4	564.8	0	564.8	0	A
Diet.5mo.as.AL	UMGS1815	40	1.40178266459905	0.067109181021452	20.8880907688466	4	564.8	0	564.8	0	A
Diet.5mo.as.AL	UMGS1872	AL	0	NA	NA	4	114.28	0	114.28	0	A
Diet.5mo.as.AL	UMGS1872	1D	-0.0361257721180372	0.0708175228538882	-0.510124763790065	4	114.28	0	114.28	0	A
Diet.5mo.as.AL	UMGS1872	2D	0.00680486197883225	0.070422228721164	0.0966294606462402	4	114.28	0	114.28	0	A
Diet.5mo.as.AL	UMGS1872	20	-0.265750692698149	0.068976946710762	-3.8527465388184	4	114.28	0	114.28	0	A
Diet.5mo.as.AL	UMGS1872	40	-0.67265995079965	0.07210876010996	-9.32840822354868	4	114.28	0	114.28	0	A
Diet.5mo.as.AL	UMGS268	AL	0	NA	NA	4	20.128	0.000471164435161264	20.128	0.000471164435161264	A
Diet.5mo.as.AL	UMGS268	1D	-0.0858547457156884	0.0716923169436263	-1.19754458184408	4	20.128	0.000471164435161264	20.128	0.000471164435161264	A
Diet.5mo.as.AL	UMGS268	2D	-0.220351491029993	0.071225152762493	-3.09373139240257	4	20.128	0.000471164435161264	20.128	0.000471164435161264	A
Diet.5mo.as.AL	UMGS268	20	-0.0572704777261686	0.0696659669500006	-0.82207253029692	4	20.128	0.000471164435161264	20.128	0.000471164435161264	A
Diet.5mo.as.AL	UMGS268	40	0.116140603983831	0.0728637615327103	1.59394192038374	4	20.128	0.000471164435161264	20.128	0.000471164435161264	A
Diet.5mo.as.AL	uniq	AL	0	NA	NA	4	53.8	5.79538639300381e-11	53.8	5.79538639300381e-11	A
Diet.5mo.as.AL	uniq	1D	0.245830563479592	0.0705785291808065	3.48307858399584	4	53.8	5.79538639300381e-11	53.8	5.79538639300381e-11	A
Diet.5mo.as.AL	uniq	2D	0.334050675083347	0.069867915056251	4.7811742316112	4	53.8	5.79538639300381e-11	53.8	5.79538639300381e-11	A
Diet.5mo.as.AL	uniq	20	0.325925968264357	0.0685715046371263	4.75308176463569	4	53.8	5.79538639300381e-11	53.8	5.79538639300381e-11	A
Diet.5mo.as.AL	uniq	40	0.486263889964842	0.0714349540365426	6.80708620203064	4	53.8	5.79538639300381e-11	53.8	5.79538639300381e-11	A
Diet.5mo.as.AL	X142	AL	0	NA	NA	4	145.72	0	145.72	0	A
Diet.5mo.as.AL	X142	1D	-0.119156960580368	0.0690992615217508	-1.72443175160215	4	145.72	0	145.72	0	A
Diet.5mo.as.AL	X142	2D	-0.00794924929222151	0.0684033917706905	-0.11621133231039	4	145.72	0	145.72	0	A
Diet.5mo.as.AL	X142	20	-0.431989496560952	0.0672915418921157	-6.41967005680349	4	145.72	0	145.72	0	A
Diet.5mo.as.AL	X142	40	-0.726946056401979	0.0702991014341086	-10.3407588656499	4	145.72	0	145.72	0	A
Diet.5mo.as.AL	X1XD4269	AL	0	NA	NA	4	28.676	9.09608378241167e-06	28.676	9.09608378241167e-06	A
Diet.5mo.as.AL	X1XD4269	1D	-0.116559277636644	0.0714692821142263	-1.63090035590889	4	28.676	9.09608378241167e-06	28.676	9.09608378241167e-06	A
Diet.5mo.as.AL	X1XD4269	2D	-0.245067900455766	0.0700834425991491	-3.49680168905889	4	28.676	9.09608378241167e-06	28.676	9.09608378241167e-06	A
Diet.5mo.as.AL	X1XD4269	20	0.0452351208775011	0.069011194471687	0.655475118548478	4	28.676	9.09608378241167e-06	28.676	9.09608378241167e-06	A
Diet.5mo.as.AL	X1XD4269	40	0.123780401937754	0.0720890848444616	1.71704776395513	4	28.676	9.09608378241167e-06	28.676	9.09608378241167e-06	A
Diet.5mo.as.AL	X1XD876	AL	0	NA	NA	4	22.908	0.000132099102104322	22.908	0.000132099102104322	A
Diet.5mo.as.AL	X1XD876	1D	-0.113674920752673	0.0758314769624369	-1.49904664007773	4	22.908	0.000132099102104322	22.908	0.000132099102104322	A
Diet.5mo.as.AL	X1XD876	2D	-0.208217586165653	0.0756156388349838	-2.75363125107026	4	22.908	0.000132099102104322	22.908	0.000132099102104322	A
Diet.5mo.as.AL	X1XD876	20	-0.248374467076801	0.073922397963919	-3.35993520120967	4	22.908	0.000132099102104322	22.908	0.000132099102104322	A
Diet.5mo.as.AL	X1XD876	40	-0.330123240818424	0.0771429879577382	-4.27936808721069	4	22.908	0.000132099102104322	22.908	0.000132099102104322	A
