fixef	feature	fixef.value	solution	std.error	z.ratio	Df	Wald(inc)	Pr(chisq)(inc)	Wald(con)	Pr(chisq)(con)	Margin
(Intercept)	Acetatifactor	NA	0.0983953561663614	0.278869971316962	0.352835967607735	1	0.0004112	0.983821552213046	0.001784	0.966309428999041	 
(Intercept)	Acutalibacter	NA	0.301156105779356	0.210969941180743	1.42748347984488	1	0.0006477	0.979696068949447	0.001335	0.970853656936078	 
(Intercept)	Adlercreutzia	NA	-0.168035206446676	0.229753428173569	-0.73137192242343	1	0.005561	0.940555163125621	0.001696	0.967150388419639	 
(Intercept)	AF3328	NA	0.165846253215415	0.270728492458291	0.61259253397928	1	0.001837	0.965812945097601	0.004294	0.947753120072719	 
(Intercept)	Akkermansia	NA	-0.195369924420322	0.310295597532617	-0.629625189573582	1	0.09532	0.757519791203794	0.07296	0.78707479187573	 
(Intercept)	Alistipes	NA	-0.0893272225235621	0.227826945871565	-0.392083658857103	1	0.0004939	0.982269383923459	0.001318	0.971039745440398	 
(Intercept)	AM0715	NA	0.429153054546489	0.366793908088545	1.17001140172396	1	0.02182	0.882566948486086	0.03336	0.855074846279642	 
(Intercept)	Anaerotignum	NA	0.0940787586032343	0.142212916885046	0.661534554412386	1	0.00217	0.962845375090318	0.01761	0.894428527091781	 
(Intercept)	Anaerotruncus	NA	0.240113856284403	0.133848430947084	1.79392357897218	1	0.003248	0.954552183309024	3.742e-05	0.99511921986349	 
(Intercept)	AnaerovoracaceaeNOV	NA	0.0230755911444878	0.139769420916372	0.16509756564202	1	0.0003087	0.98598200075571	0.0001273	0.990997874792295	 
(Intercept)	Angelakisella	NA	0.315284540191757	0.338311398963148	0.9319359062628	1	7.542e-06	0.997808796163628	0.001115	0.973362295626795	 
(Intercept)	ASF356	NA	0.337745299003499	0.188281069995468	1.79383566819346	1	0.0382	0.845042083738507	0.0007587	0.978025439905392	 
(Intercept)	Bacteroides	NA	-0.565407263206808	0.27628732037568	-2.04644665719006	1	0.001129	0.973195647610463	7.673e-05	0.993010966748445	 
(Intercept)	Bifidobacterium	NA	-0.289615840964788	0.173787395985243	-1.66649508339132	1	0.006172	0.937380952147961	0.02697	0.869553663125404	 
(Intercept)	BorkfalkiaceaeNOV	NA	-0.0268874162930116	0.183074948385877	-0.146865622686614	1	0.002332	0.961484497798135	0.001064	0.973978407827383	 
(Intercept)	ButyricicoccaceaeNOV	NA	0.384353608756372	0.158715136273762	2.42165692434914	1	6.482e-05	0.993576231476441	0.0009658	0.975207874619432	 
(Intercept)	CAG115	NA	0.499627708101071	0.159192463027373	3.13851358663355	1	0.08982	0.764406113146928	0.1466	0.701805927658038	 
(Intercept)	CAG145	NA	-0.0260175038005506	0.137258747887932	-0.18955078784336	1	0.003045	0.955993852483638	0.0005617	0.981091737724701	 
(Intercept)	CAG273	NA	-0.0741266077436119	0.152687463697485	-0.485479331102627	1	0.04933	0.824233251459687	0.04068	0.840156863732247	 
(Intercept)	CAG274NOV	NA	0.600094774944301	0.120618870943411	4.97513175385169	1	0.08742	0.767483077145788	0.03664	0.84819985969271	 
(Intercept)	CAG303	NA	0.493115723271136	0.132851138453864	3.71179147585841	1	0.01517	0.901975209991845	0.0007871	0.977618043441545	 
(Intercept)	CAG41	NA	0.196232350766848	0.171483862959292	1.1443196308998	1	0.005758	0.939513385985866	0.003393	0.953549921388425	 
(Intercept)	CAG475	NA	-0.0318579751210676	0.130698465699904	-0.243751714685132	1	0.06803	0.794226992196567	0.01711	0.895929410388213	 
(Intercept)	CAG485	NA	-0.540811401993926	0.27173282382769	-1.9902321492705	1	0.001175	0.97265525031903	0.001256	0.971728817346233	 
(Intercept)	CAG510	NA	-0.07861511009883	0.265748453424411	-0.295825277949139	1	0.003192	0.954945257977377	0.001897	0.965259470390733	 
(Intercept)	CAG552NOV	NA	-0.00836103201127956	0.249166472469792	-0.0335560074692361	1	0.03596	0.849598120231142	0.02347	0.878241175357409	 
(Intercept)	CAG56	NA	0.149616961675062	0.20667047118643	0.723939713381201	1	0.006087	0.937812757562185	0.01115	0.915904834235258	 
(Intercept)	CAG582	NA	-0.185170450308085	0.317399349652142	-0.583398959421388	1	0.009479	0.922440385167992	0.005884	0.938856448292734	 
(Intercept)	CAG776	NA	-0.164566142571708	0.15879589554083	-1.03633750740991	1	0.0002387	0.987673238491145	0.001344	0.970755619722141	 
(Intercept)	CAG81	NA	0.194723807378075	0.175633543904216	1.10869372131026	1	0.06686	0.795964712304435	0.06016	0.806243232513258	 
(Intercept)	CAG873	NA	-0.52264146349686	0.295581077880798	-1.76818308954009	1	0.007779	0.929718798669899	0.006049	0.938006780806081	 
(Intercept)	CAG95	NA	0.308088481354097	0.116969358496242	2.6339246903196	1	0.0143	0.904813798104067	0.0007025	0.978854771650006	 
(Intercept)	Chao1	NA	-0.0587940931561547	0.131370041422131	-0.447545669619087	1	0.03276	0.856369744322116	0.06772	0.794685850152055	 
(Intercept)	Clostridium	NA	-0.187041376554586	0.168782833117047	-1.10817772815128	1	0.005328	0.941811568189998	0.0163	0.898408982107308	 
(Intercept)	ClostridiumQ	NA	0.0972210707620825	0.30993244803904	0.313684712191981	1	0.004987	0.943701231571129	0.0004147	0.983752854753153	 
(Intercept)	COE1	NA	0.524447349379321	0.226942745725609	2.3109236107217	1	3.592e-05	0.995218043452001	5.349e-07	0.999416452353682	 
(Intercept)	D1663	NA	0.0772783277293165	0.20214786361185	0.382286146133609	1	0.001326	0.970952025615918	0.003251	0.954531222046293	 
(Intercept)	Desulfovibrio	NA	0.122085540536241	0.325746913680673	0.3747864842579	1	0.001289	0.971359985913135	0.002504	0.960090525582001	 
(Intercept)	Dorea	NA	0.239416941541854	0.176421384537785	1.35707438284261	1	0.01373	0.90672131202295	0.009921	0.920658545972137	 
(Intercept)	Dubosiella	NA	0.0638140075361425	0.191486930846635	0.333255158741106	1	0.1142	0.735412242957137	0.101	0.750632879252889	 
(Intercept)	Duncaniella	NA	-0.375815455891926	0.246315031730412	-1.52575120264382	1	0.01475	0.903334949893704	0.006823	0.934168446080068	 
(Intercept)	Emergencia	NA	0.225586049436511	0.19131426225298	1.17913869452248	1	0.01549	0.900951996933001	0.009525	0.92225301632653	 
(Intercept)	EnterococcusD	NA	-0.169367242197622	0.278642970580788	-0.607828870918946	1	0.001866	0.965544319440329	5.849e-05	0.99389793768305	 
(Intercept)	ErysipelatoclostridiaceaeNOV	NA	-0.174060794976593	0.324017389709264	-0.537195843509432	1	0.01762	0.894398732070645	0.007874	0.929292069448275	 
(Intercept)	Erysipelatoclostridium	NA	-0.372612492331238	0.289355750167098	-1.28773142443536	1	0.001631	0.967785677722452	0.0001701	0.989594093814771	 
(Intercept)	ErysipelotrichaceaeNOV	NA	0.0721936886082917	0.262059101771974	0.275486285803993	1	0.02726	0.868860529619916	0.02712	0.869194670514229	 
(Intercept)	Escherichia	NA	-0.241389399952336	0.308403781630875	-0.782705707030703	1	0.002173	0.962819719625091	0.0002548	0.98726434368706	 
(Intercept)	EubacteriumF	NA	-0.0850584903324217	0.135237222363917	-0.628957685211348	1	0.02498	0.874416907176615	0.03057	0.861203167346186	 
(Intercept)	EubacteriumG	NA	0.28633186008913	0.182435805591285	1.56949376884166	1	0.007805	0.929601749838409	0.0004319	0.983419393884295	 
(Intercept)	EubacteriumJ	NA	0.532257607158742	0.113893789953232	4.67328032000079	1	0.0008278	0.977046820253393	0.0007494	0.978160501311829	 
(Intercept)	Evtepia	NA	0.280537963811118	0.14361452725335	1.95340937422174	1	0.01525	0.901718387523595	0.01203	0.912662086424815	 
(Intercept)	Flavonifractor	NA	0.293347563266039	0.184370930812935	1.59107274651486	1	0.007698	0.930084720055659	0.004105	0.948914271175441	 
(Intercept)	HungatellaA	NA	0.196415881295891	0.189360132115615	1.03726100685211	1	0.0004734	0.982641191043443	2.687e-05	0.995864081713576	 
(Intercept)	Ileibacterium	NA	-0.392753983466018	0.236809153044293	-1.6585253501268	1	0.008346	0.927209369013648	0.006888	0.933856329796073	 
(Intercept)	Kineothrix	NA	-0.396055078667922	0.198723173478144	-1.99299896300962	1	0.001402	0.970131556064092	0.006184	0.937320232971068	 
(Intercept)	Lachnospira	NA	0.29287893567093	0.159203664005228	1.83964946724663	1	0.08987	0.764342488772649	0.102	0.749442629744496	 
(Intercept)	LachnospiraceaeNOV	NA	0.145778088370814	0.141062316017645	1.03343041916722	1	0.00513	0.942901125307827	0.0003763	0.984523244068338	 
(Intercept)	Lactobacillus	NA	-0.433502681969044	0.283362821930602	-1.52985024293417	1	0.0002105	0.988424203715592	0.001607	0.968023443479286	 
(Intercept)	Lawsonibacter	NA	0.30680009508813	0.232219775560223	1.32116265442073	1	0.0002964	0.98626408143436	0.0007166	0.978643671296062	 
(Intercept)	Ligilactobacillus	NA	-0.596859066738585	0.202089601924523	-2.95343778727171	1	0.02345	0.878292660484999	0.002033	0.964036527637142	 
(Intercept)	Limosilactobacillus	NA	-0.419337891262292	0.261444784351877	-1.60392525061011	1	0.003647	0.951844707111689	0.0004153	0.983741107206454	 
(Intercept)	Mailhella	NA	-0.0259738701328627	0.258057899033705	-0.100651327590132	1	0.0282	0.866639484502005	0.01777	0.893952835011709	 
(Intercept)	MarseilleP3106	NA	-0.132471253374378	0.155002423063988	-0.854639887272544	1	0.01717	0.895748136950068	0.01743	0.894966316878015	 
(Intercept)	MuribaculaceaeNOV	NA	-0.273589022983857	0.294605737266279	-0.92866155806251	1	0.005812	0.939230964889697	0.003131	0.95537738543262	 
(Intercept)	Muribaculum	NA	-0.407124574954147	0.238754086347266	-1.70520463621295	1	3.932e-07	0.999499681239922	1.627e-05	0.996781654536441	 
(Intercept)	Oscillibacter	NA	0.208457260960944	0.267594616226861	0.779003942232598	1	0.01179	0.913534223518793	0.002201	0.9625811192992	 
(Intercept)	OscillospiraceaeNOV	NA	0.304656256722827	0.259595154180613	1.17358221760512	1	0.03814	0.845162285756952	0.01573	0.900191612128405	 
(Intercept)	Paramuribaculum	NA	-0.706550220531434	0.202557875267737	-3.48813996788587	1	0.01994	0.887704785107297	0.009149	0.923798231191121	 
(Intercept)	Parvibacter	NA	-0.266769662326704	0.240466390263923	-1.10938440101301	1	0.0629	0.80196972809395	0.04568	0.830758550999115	 
(Intercept)	PCoA1	NA	-0.607817960190808	0.270477489894368	-2.24720349345221	1	0.003294	0.954231836777033	0.0004341	0.983377224707389	 
(Intercept)	PCoA2	NA	-0.514760136350543	0.181921084011036	-2.82957931538775	1	0.002418	0.960781297880766	0.001817	0.965999443745761	 
(Intercept)	PCoA3	NA	-0.0359892677804881	0.202543532962312	-0.177686580529751	1	0.01776	0.893982501752943	0.01348	0.90757059249428	 
(Intercept)	Prevotella	NA	-0.372034264422593	0.315044166397555	-1.18089558259943	1	6.937e-05	0.99335460366526	0.0002487	0.98741770240325	 
(Intercept)	Romboutsia	NA	-0.275567700144726	0.164729389170981	-1.67285085880274	1	0.007879	0.929269682078288	0.005044	0.943380943723528	 
(Intercept)	Roseburia	NA	0.155233507544158	0.142474984076414	1.08954921841508	1	7.014e-06	0.99788688839773	0.001836	0.96582224580138	 
(Intercept)	RuminiclostridiumE	NA	0.391956764810697	0.156042699628033	2.51185583013511	1	0.004761	0.944989619500896	0.004706	0.945307786796304	 
(Intercept)	Schaedlerella	NA	0.487018518036687	0.123193020787962	3.95329633871822	1	0.7465	0.387586618937838	0.4788	0.488966370648603	 
(Intercept)	Shannon	NA	-0.222956884897445	0.197042905697877	-1.13151439838845	1	0.01015	0.919751135109054	0.01068	0.917689887765474	 
(Intercept)	Simpson	NA	-0.333980326755677	0.164552303530123	-2.02963021234485	1	0.003174	0.955072336894929	0.004151	0.948629232783455	 
(Intercept)	Staphylococcus	NA	-0.20058261304341	0.201450375083401	-0.995692427777152	1	0.194	0.659608096561102	0.2077	0.648576124084663	 
(Intercept)	TF0111	NA	0.435780422427738	0.300057292365771	1.4523240511566	1	0.0131	0.908876933262704	0.008642	0.925933465666148	 
(Intercept)	Turicibacter	NA	0.0260895680766499	0.213244242663553	0.122345943556435	1	0.007053	0.933070631050338	8.842e-05	0.992497449683249	 
(Intercept)	UBA11940	NA	0.315966447138369	0.208453951654718	1.51576136902281	1	0.0004385	0.983293205849206	3.852e-05	0.995048002548029	 
(Intercept)	UBA11957	NA	0.716399939816166	0.208025241079391	3.44381256860439	1	0.01871	0.891201134068407	0.002227	0.962360920109767	 
(Intercept)	UBA1394	NA	-0.217204754691485	0.167606735353105	-1.29591901085532	1	0.004697	0.94536002803755	0.00335	0.953844863673134	 
(Intercept)	UBA1405	NA	0.439606143954331	0.218722786733455	2.00987812252984	1	0.09843	0.753721892354375	0.0806	0.776485950222648	 
(Intercept)	UBA2882	NA	0.0820788338929876	0.291088255730261	0.281972330649597	1	0.006523	0.93562877031548	0.001885	0.965369455899789	 
(Intercept)	UBA3282	NA	-0.0284398709146086	0.32551054717035	-0.0873700442638042	1	0.0002753	0.986761973666394	2.692e-05	0.995860235454779	 
(Intercept)	UBA3700	NA	-0.166111336228481	0.171261949249065	-0.969925526112674	1	0.01527	0.901654288833964	0.02173	0.882807631448052	 
(Intercept)	UBA3700NOV	NA	-0.545212718370432	0.135797662438362	-4.01489030503673	1	0.007531	0.930845324634299	0.01048	0.918461509930157	 
(Intercept)	UBA3818	NA	0.427609522809895	0.139103868769017	3.07403041046934	1	0.001437	0.969761207700202	0.003089	0.955677375112237	 
(Intercept)	UBA7160	NA	-0.134874287804243	0.149861958416304	-0.899990159140811	1	0.02238	0.881080630112599	0.03169	0.858709740250663	 
(Intercept)	UBA7173	NA	-0.426780436172599	0.23723235885847	-1.7989975660412	1	0.01411	0.90544528002652	0.008071	0.928415359059272	 
(Intercept)	UBA7182	NA	0.704197614471748	0.194540524770876	3.61979908968134	1	0.04688	0.82858407571558	0.02355	0.878035459028169	 
(Intercept)	UBA946	NA	-0.0671751296642634	0.295513639220428	-0.227316511824879	1	0.0008194	0.977163542530897	0.001044	0.974224045952073	 
(Intercept)	UBA9475	NA	0.094111918056118	0.165645643899297	0.568152085625219	1	2.314e-05	0.996161866611862	0.001296	0.971282358955502	 
(Intercept)	UBA9502	NA	0.497531764220679	0.161582875613617	3.07911195620998	1	0.4843	0.486481022213773	0.3271	0.567371723522803	 
(Intercept)	UMGS1004	NA	-0.262413967434429	0.123718808474817	-2.12105152538583	1	0.0986	0.753516201212506	0.08143	0.775368791808501	 
(Intercept)	UMGS1217	NA	0.0715758363665071	0.210208001341836	0.34050005665632	1	0.001645	0.967647789726986	0.001135	0.973124543833004	 
(Intercept)	UMGS1370	NA	0.67487629203806	0.22725532675824	2.96968305062443	1	0.01059	0.918036206069592	0.00562	0.94024123927909	 
(Intercept)	UMGS1815	NA	-0.828092873034991	0.197340447484316	-4.19626530491578	1	0.04765	0.827204100731247	0.05203	0.81956783550901	 
(Intercept)	UMGS1872	NA	0.112198907052354	0.327230717071564	0.342874006622724	1	0.0004851	0.982428024574742	0.0004745	0.98262103832472	 
(Intercept)	UMGS268	NA	0.0706045680137817	0.282578523778757	0.249858223723545	1	0.001107	0.973457993542061	0.001201	0.972354487789669	 
(Intercept)	uniq	NA	-0.28944076230912	0.132220150588758	-2.18908208030531	1	0.001476	0.969353815327115	0.009666	0.921681518363748	 
(Intercept)	X142	NA	0.262592714990702	0.251889929817403	1.04248992875999	1	0.001055	0.974088656408086	0.0008051	0.977363634231054	 
(Intercept)	X1XD4269	NA	0.0468296167160121	0.142781589101098	0.327980778270047	1	0.02017	0.887063319332158	0.002702	0.958544019460464	 
(Intercept)	X1XD876	NA	0.239116094687339	0.150524118337003	1.58855668665662	1	0.002022	0.964133888060464	0.0005292	0.981646805132116	 
age.wks.scaled	Acetatifactor	NA	-0.137054588109925	0.0718518548569825	-1.90746068257703	1	3.687	0.0548381667452442	3.634	0.056610603511742	A
age.wks.scaled	Acutalibacter	NA	-0.0466139634196209	0.0791345370182299	-0.589047022653114	1	0.5567	0.455592926872484	0.347	0.555816289862087	A
age.wks.scaled	Adlercreutzia	NA	0.26218204356959	0.105637832333622	2.48189533785183	1	5.866	0.0154360871268623	6.161	0.0130597355608708	A
age.wks.scaled	AF3328	NA	-0.0730870127378675	0.0582239828391526	-1.25527332851438	1	2.175	0.140269516037272	1.576	0.209337803313329	A
age.wks.scaled	Akkermansia	NA	-0.0914865493956648	0.137474978759467	-0.665477821645887	1	0.3766	0.539428499288969	0.4415	0.506399356408828	A
age.wks.scaled	Alistipes	NA	0.11068837644712	0.0827552957811769	1.33753828564403	1	1.738	0.187392439603503	1.789	0.181048050449802	A
age.wks.scaled	AM0715	NA	-0.114382728470103	0.063392622600674	-1.80435394179271	1	3.433	0.0639059166644927	3.256	0.0711625183542045	A
age.wks.scaled	Anaerotignum	NA	0.167814838945971	0.068096340029392	2.46437383967389	1	5.814	0.0158990909707252	6.073	0.0137263628996414	A
age.wks.scaled	Anaerotruncus	NA	-0.105750626070285	0.0591047822862847	-1.78920591498101	1	3.901	0.0482573755932336	3.201	0.07359325883504	A
age.wks.scaled	AnaerovoracaceaeNOV	NA	0.0231059763312674	0.0683811119784344	0.337899979435176	1	0.06132	0.804421660712402	0.1142	0.735412242957137	A
age.wks.scaled	Angelakisella	NA	-0.155754854165132	0.0746979242091329	-2.08512961791365	1	4.439	0.0351268167113498	4.358	0.0368355269701002	A
age.wks.scaled	ASF356	NA	-0.306017197483215	0.073304086702247	-4.17462669886636	1	19.23	1.15877988050572e-05	17.43	2.98084046328473e-05	A
age.wks.scaled	Bacteroides	NA	0.166118535360768	0.0923823605279561	1.79816292213597	1	3.505	0.0611838456394967	3.233	0.0721683709468757	A
age.wks.scaled	Bifidobacterium	NA	0.223571753340319	0.0787765624956145	2.83804911331039	1	8.94	0.00278992720399096	8.055	0.00453782430577077	A
age.wks.scaled	BorkfalkiaceaeNOV	NA	-0.0742005120768103	0.079016176601206	-0.939054700802593	1	0.9689	0.32495466899815	0.8818	0.347709147510722	A
age.wks.scaled	ButyricicoccaceaeNOV	NA	-0.0738777035120916	0.0569378406502953	-1.29751502108833	1	1.796	0.180196828585606	1.684	0.19439379338773	A
age.wks.scaled	CAG115	NA	-0.205249607930264	0.0712702924736227	-2.87987604381205	1	8.751	0.00309432329648984	8.289	0.00398859472881619	A
age.wks.scaled	CAG145	NA	-0.196839339344613	0.0859740330549162	-2.28952082797932	1	5.437	0.0197145021534723	5.242	0.0220479130912618	A
age.wks.scaled	CAG273	NA	-0.0874447726978755	0.0733738725424704	-1.1917698993911	1	1.487	0.222682510778988	1.418	0.233732873926715	A
age.wks.scaled	CAG274NOV	NA	-0.17673949945977	0.053498164116632	-3.30365541281862	1	13.79	0.000204421414313982	10.91	0.000956465255614214	A
age.wks.scaled	CAG303	NA	-0.167595931293847	0.0586943658795183	-2.85540066380255	1	9.085	0.00257714482997384	8.153	0.00429899845240855	A
age.wks.scaled	CAG41	NA	-0.0449312791230539	0.0651954966818536	-0.689177648915128	1	1.022	0.312045072858876	0.4749	0.490741534243313	A
age.wks.scaled	CAG475	NA	-0.246563573834787	0.0578744532117294	-4.26031798404647	1	19.25	1.14670378263959e-05	18.15	2.04169428403844e-05	A
age.wks.scaled	CAG485	NA	0.202829366026084	0.0928284767244283	2.18499078281987	1	5.082	0.0241754676483771	4.767	0.0290103352867117	A
age.wks.scaled	CAG510	NA	-0.189976607366532	0.170906041626361	-1.11158508826659	1	1.261	0.261461889093182	1.235	0.266436856207638	A
age.wks.scaled	CAG552NOV	NA	-0.147446935213976	0.0703693786349608	-2.09532808267148	1	4.257	0.0390888948125397	4.391	0.0361291164781624	A
age.wks.scaled	CAG56	NA	0.115474053856409	0.0626335393470598	1.84364567387056	1	2.767	0.096226353909499	3.4	0.0651964190781298	A
age.wks.scaled	CAG582	NA	-0.100151089673026	0.063585463490068	-1.57506266646416	1	2.177	0.140087295104318	2.48	0.115302252820163	A
age.wks.scaled	CAG776	NA	0.0583582834873885	0.0577533989894052	1.01047357399855	1	1.395	0.237562530804637	1.021	0.31228192373748	A
age.wks.scaled	CAG81	NA	-0.022664750429927	0.106476863733628	-0.212860800320219	1	0.0863	0.76893471792388	0.04984	0.823341919822901	A
age.wks.scaled	CAG873	NA	0.0631377884286684	0.0937741472812452	0.673296321632306	1	0.6394	0.423928149381342	0.4533	0.500771988690493	A
age.wks.scaled	CAG95	NA	-0.27051199741999	0.052479983223875	-5.15457476931747	1	28.95	7.42708130552217e-08	26.57	2.54159891355243e-07	A
age.wks.scaled	Chao1	NA	0.0419739218098232	0.0860910695891656	0.487552565093297	1	0.269	0.604003370802846	0.2427	0.622262797557296	A
age.wks.scaled	Clostridium	NA	0.151872088172347	0.0670704802092944	2.26436560016311	1	6.024	0.0141126254116778	5.126	0.0235699858524943	A
age.wks.scaled	ClostridiumQ	NA	-0.128465323426597	0.0540642459200878	-2.37616045947411	1	7.332	0.00677376398878893	5.647	0.0174852609729794	A
age.wks.scaled	COE1	NA	-0.150265145303964	0.0658825158003833	-2.28080460314009	1	6.254	0.0123913178771891	5.203	0.0225479410121168	A
age.wks.scaled	D1663	NA	0.247832728726172	0.151839280124192	1.63220431843108	1	2.47	0.116037924575265	2.664	0.102642318017243	A
age.wks.scaled	Desulfovibrio	NA	0.0460484095882009	0.0583857225408659	0.788692981507083	1	0.595	0.440492136912936	0.6221	0.430267981749785	A
age.wks.scaled	Dorea	NA	-0.0945308915210352	0.0772935539402377	-1.22301132115267	1	2.556	0.109876271523362	1.496	0.221287854493377	A
age.wks.scaled	Dubosiella	NA	0.149594374941718	0.128250848462982	1.16642015810832	1	1.475	0.224558460269645	1.36	0.243537481589741	A
age.wks.scaled	Duncaniella	NA	0.168174435066502	0.0720541611177258	2.3340003194504	1	5.926	0.0149190691285328	5.447	0.0196019597524512	A
age.wks.scaled	Emergencia	NA	0.0914255496309127	0.0972347596312972	0.94025583009191	1	0.7488	0.386856424005249	0.8882	0.345965557348207	A
age.wks.scaled	EnterococcusD	NA	0.16313792249939	0.0621091130757619	2.62663423160448	1	7.702	0.00551596727682213	6.899	0.00862439770087176	A
age.wks.scaled	ErysipelatoclostridiaceaeNOV	NA	0.154035003308782	0.0607595924281652	2.53515530886574	1	6.045	0.0139457330309923	6.426	0.0112461572469648	A
age.wks.scaled	Erysipelatoclostridium	NA	0.119646306837724	0.0708255686971992	1.68930951121972	1	2.858	0.0909204804346141	2.854	0.0911469024152747	A
age.wks.scaled	ErysipelotrichaceaeNOV	NA	0.0414709482386722	0.0676708079064841	0.612833650456514	1	0.1066	0.744048695832671	0.3772	0.53910557144202	A
age.wks.scaled	Escherichia	NA	0.179419462465001	0.058225682837784	3.08144883358193	1	11.55	0.000677492567666027	9.496	0.00205920322358333	A
age.wks.scaled	EubacteriumF	NA	-0.0554429424629361	0.0696104356890131	-0.796474579050608	1	0.6463	0.421438640513317	0.6344	0.425745943410759	A
age.wks.scaled	EubacteriumG	NA	-0.197171316860098	0.0628198544777033	-3.13867834460012	1	10.15	0.00144301242540357	9.851	0.00169739465708074	A
age.wks.scaled	EubacteriumJ	NA	-0.121013068041619	0.0507298599566379	-2.38544060923993	1	7.366	0.00664686249662605	5.69	0.0170618545835249	A
age.wks.scaled	Evtepia	NA	-0.0746577973876688	0.0881789823263408	-0.846662043698445	1	0.8694	0.351121467550984	0.7168	0.397195577368829	A
age.wks.scaled	Flavonifractor	NA	-0.0893551905504606	0.0644026463847179	-1.38744594463844	1	2.456	0.117076586678774	1.925	0.165306509670954	A
age.wks.scaled	HungatellaA	NA	-0.129164106093516	0.0897611655984498	-1.43897536570923	1	2.72	0.0990980154217609	2.071	0.150123059168579	A
age.wks.scaled	Ileibacterium	NA	0.0841063054271299	0.0605712621889595	1.38855130944357	1	3.081	0.0792118094202872	1.928	0.164977421122509	A
age.wks.scaled	Kineothrix	NA	-0.207736811983464	0.064904197934081	-3.2006683480543	1	8.793	0.00302388569521805	10.24	0.00137427587583172	A
age.wks.scaled	Lachnospira	NA	0.0326804359096137	0.0932416962178954	0.350491649500274	1	0.03568	0.850177853123499	0.1217	0.727197966711489	A
age.wks.scaled	LachnospiraceaeNOV	NA	-0.203365397359259	0.0794236129119894	-2.56051556839414	1	7.093	0.00773856001595619	6.556	0.0104531076957587	A
age.wks.scaled	Lactobacillus	NA	0.0963911375844643	0.0790648754134223	1.21913981499932	1	1.917	0.166187756052688	1.485	0.222993861534394	A
age.wks.scaled	Lawsonibacter	NA	-0.172027907186221	0.0662218954292822	-2.59774967283938	1	7.704	0.00550985891239653	6.765	0.00929629239719265	A
age.wks.scaled	Ligilactobacillus	NA	0.323853053862077	0.125323190988149	2.58414305691196	1	6.704	0.00961968648345635	6.677	0.00976648627256327	A
age.wks.scaled	Limosilactobacillus	NA	0.0942853978524542	0.0900330348389075	1.04723114155993	1	1.294	0.255312108138054	1.095	0.295366019773244	A
age.wks.scaled	Mailhella	NA	-0.20629406635919	0.12804135866809	-1.61115180676853	1	2.941	0.0863572546210084	2.587	0.107744237817159	A
age.wks.scaled	MarseilleP3106	NA	0.00494209862313782	0.0571815537129859	0.086428197595748	1	0.002985	0.956429132114758	0.007469	0.931129864715713	A
age.wks.scaled	MuribaculaceaeNOV	NA	0.194237510591594	0.114364851835056	1.69840215306479	1	3.026	0.0819397929526404	2.885	0.0894080064540689	A
age.wks.scaled	Muribaculum	NA	0.000717812063595454	0.0567475662275538	0.012649213196511	1	0.04524	0.831563332201543	0.0001572	0.989996431417079	A
age.wks.scaled	Oscillibacter	NA	-0.193391054973967	0.0596925203034514	-3.23978706194427	1	11.67	0.000635160103621635	10.5	0.00119374544487205	A
age.wks.scaled	OscillospiraceaeNOV	NA	-0.215686236057632	0.0578216754046178	-3.73019692958269	1	15.67	7.54108655587338e-05	13.91	0.000191775428053376	A
age.wks.scaled	Paramuribaculum	NA	0.176734916432792	0.0735690950764104	2.40229835978316	1	6.238	0.0125037599931224	5.772	0.0162834924707823	A
age.wks.scaled	Parvibacter	NA	0.197430479624399	0.10107945716291	1.95322061639291	1	3.408	0.0648810372955683	3.814	0.0508259358999823	A
age.wks.scaled	PCoA1	NA	0.185427828608239	0.0649033098206642	2.85698570875043	1	9.903	0.00165009557970464	8.148	0.00431086787255108	A
age.wks.scaled	PCoA2	NA	-0.0489977244753479	0.062450736486226	-0.784582011873546	1	0.3467	0.555987150869827	0.6087	0.435277703367475	A
age.wks.scaled	PCoA3	NA	-0.11732766972306	0.0706890774614394	-1.65977084348091	1	2.992	0.0836767627998422	2.754	0.0970114561254947	A
age.wks.scaled	Prevotella	NA	0.0487200919764383	0.0929893130719427	0.523932163459959	1	0.3097	0.577864335675959	0.2745	0.600328983600759	A
age.wks.scaled	Romboutsia	NA	0.0693887957024902	0.0968827735015543	0.716213968640948	1	0.685	0.407870290853467	0.513	0.473843054952579	A
age.wks.scaled	Roseburia	NA	-0.0975933600500286	0.0644265036798872	-1.51480143226359	1	1.996	0.1577149379709	2.295	0.129791210844563	A
age.wks.scaled	RuminiclostridiumE	NA	0.0121106303134749	0.0746997195989445	0.162124173671544	1	0.000476	0.982593594970064	0.02628	0.871218386518921	A
age.wks.scaled	Schaedlerella	NA	-0.0899165136050408	0.0849502432009531	-1.05846093215225	1	1.811	0.17838831703031	1.119	0.290133881721588	A
age.wks.scaled	Shannon	NA	0.0152370361413402	0.0658737818795047	0.231306533594983	1	0.02418	0.87642778762112	0.05351	0.817064434425396	A
age.wks.scaled	Simpson	NA	0.0345390581018517	0.0617919116781499	0.558957591112446	1	0.3157	0.574203319610246	0.3125	0.576150122030579	A
age.wks.scaled	Staphylococcus	NA	0.183692688537508	0.152870061318313	1.20162631553483	1	1.43	0.23176443848334	1.444	0.229493148732584	A
age.wks.scaled	TF0111	NA	-0.133601786222062	0.072249178622605	-1.849180693388	1	4.452	0.0348603970476574	3.425	0.06421624322882	A
age.wks.scaled	Turicibacter	NA	0.224339901483347	0.0657629270573254	3.41134300922754	1	12.83	0.000341105755603199	11.63	0.000648965547607516	A
age.wks.scaled	UBA11940	NA	0.0940417766128015	0.071395995005849	1.31718560130855	1	1.327	0.249339622894687	1.735	0.187773608865179	A
age.wks.scaled	UBA11957	NA	-0.249723216781004	0.0522627848658069	-4.77822254252636	1	27.58	1.50729273618033e-07	22.83	1.76981436394996e-06	A
age.wks.scaled	UBA1394	NA	0.0509187601340705	0.0702394851491875	0.724930714197576	1	0.4922	0.482947572762502	0.5251	0.468674237988412	A
age.wks.scaled	UBA1405	NA	-0.220579353111433	0.113104055559576	-1.95023380921338	1	3.963	0.0465107426030171	3.803	0.0511608407615483	A
age.wks.scaled	UBA2882	NA	-0.142416042430399	0.0652154085112936	-2.18377904365555	1	5.117	0.02369254195569	4.769	0.0289766520419346	A
age.wks.scaled	UBA3282	NA	-0.172360969420731	0.0635087064041512	-2.71397386562836	1	8.613	0.00333772092331741	7.602	0.00583035912524865	A
age.wks.scaled	UBA3700	NA	-0.0637032954208332	0.0710920481308458	-0.896067803583131	1	0.703	0.401777483159428	0.803	0.370197929759248	A
age.wks.scaled	UBA3700NOV	NA	-0.0785231506174923	0.0794157161251082	-0.988760845445129	1	0.7304	0.392753563651049	0.9777	0.322767299527446	A
age.wks.scaled	UBA3818	NA	-0.0737548026709913	0.0703388011313162	-1.0485649667713	1	1.239	0.265663865271395	1.099	0.294485667267243	A
age.wks.scaled	UBA7160	NA	0.189871409236168	0.0978867457515037	1.93970499048133	1	3.626	0.0568833773850563	3.762	0.052429830866077	A
age.wks.scaled	UBA7173	NA	0.0942406765418218	0.059327277501581	1.58848813750657	1	2.81	0.0936783757148563	2.523	0.112196953220008	A
age.wks.scaled	UBA7182	NA	-0.0921906183264967	0.0657988028520528	-1.40109871806916	1	3.629	0.0567809240580736	1.971	0.160341757607193	A
age.wks.scaled	UBA946	NA	-0.0225038579439561	0.0878779779551378	-0.256080743635732	1	0.06164	0.803922381728687	0.06557	0.797899567936974	A
age.wks.scaled	UBA9475	NA	-0.119113660484028	0.0657712180441783	-1.81103017438449	1	3.43	0.0640221012830269	3.273	0.0704287213082613	A
age.wks.scaled	UBA9502	NA	-0.10588733169374	0.0756619861170001	-1.39947861704293	1	2.959	0.0854007431848194	1.959	0.161620307048167	A
age.wks.scaled	UMGS1004	NA	-0.0892180384877755	0.0610556853007773	-1.46125685181097	1	1.694	0.193074519353201	2.135	0.14397046203033	A
age.wks.scaled	UMGS1217	NA	-0.0350592763851232	0.089243639072139	-0.392849022626514	1	0.1683	0.681627091788638	0.1543	0.6944595325008	A
age.wks.scaled	UMGS1370	NA	-0.0571120204617444	0.0664269872719556	-0.859771349074206	1	1.611	0.204351289885065	0.7395	0.389821093021655	A
age.wks.scaled	UMGS1815	NA	-0.0544524646057465	0.0616910853815442	-0.882663423231597	1	0.3688	0.543659098579989	0.7794	0.377324703933436	A
age.wks.scaled	UMGS1872	NA	0.0501500858194278	0.0620583805507417	0.808111416610732	1	0.2047	0.650953591303223	0.6535	0.418864110708919	A
age.wks.scaled	UMGS268	NA	-0.105036118242705	0.0651975178341133	-1.61104474115037	1	2.798	0.0943819708180713	2.595	0.107201439506407	A
age.wks.scaled	uniq	NA	0.186834399370351	0.0680006811427315	2.74753717507903	1	8.084	0.00446577662377579	7.548	0.00600767169381788	A
age.wks.scaled	X142	NA	-0.0882451756032367	0.0724249890217636	-1.21843547089416	1	2.278	0.131220991507411	1.511	0.21898655864144	A
age.wks.scaled	X1XD4269	NA	-0.166964403763793	0.0629104169937825	-2.65400249660234	1	7.191	0.00732701363001198	7.045	0.00794868246973268	A
age.wks.scaled	X1XD876	NA	-0.0561313353171281	0.0616660699684473	-0.910246677724863	1	1.031	0.309923912123904	0.8286	0.362677666212535	A
Diet.5mo.as.AL	Acetatifactor	AL	0	NA	NA	4	9.068	0.0594220969873649	9.068	0.0594220969873649	A
Diet.5mo.as.AL	Acetatifactor	1D	-0.135041298875294	0.171769740092002	-0.786176300918683	4	9.068	0.0594220969873649	9.068	0.0594220969873649	A
Diet.5mo.as.AL	Acetatifactor	2D	0.171460395385004	0.171515851894712	0.99967666831319	4	9.068	0.0594220969873649	9.068	0.0594220969873649	A
Diet.5mo.as.AL	Acetatifactor	20	-0.117559927296773	0.162481973610832	-0.723525968353551	4	9.068	0.0594220969873649	9.068	0.0594220969873649	A
Diet.5mo.as.AL	Acetatifactor	40	-0.321343045759435	0.167933954120891	-1.91350848279384	4	9.068	0.0594220969873649	9.068	0.0594220969873649	A
Diet.5mo.as.AL	Acutalibacter	AL	0	NA	NA	4	26.764	2.21865884543204e-05	26.764	2.21865884543204e-05	A
Diet.5mo.as.AL	Acutalibacter	1D	-0.0299642270148932	0.186537308307871	-0.160633962646436	4	26.764	2.21865884543204e-05	26.764	2.21865884543204e-05	A
Diet.5mo.as.AL	Acutalibacter	2D	-0.190360022715275	0.186510767621283	-1.02063824594732	4	26.764	2.21865884543204e-05	26.764	2.21865884543204e-05	A
Diet.5mo.as.AL	Acutalibacter	20	-0.376505992187707	0.1785779874723	-2.10835611665805	4	26.764	2.21865884543204e-05	26.764	2.21865884543204e-05	A
Diet.5mo.as.AL	Acutalibacter	40	-0.821257738354107	0.182973558261124	-4.48839573410972	4	26.764	2.21865884543204e-05	26.764	2.21865884543204e-05	A
Diet.5mo.as.AL	Adlercreutzia	AL	0	NA	NA	4	14.828	0.00507157927991309	14.828	0.00507157927991309	A
Diet.5mo.as.AL	Adlercreutzia	1D	0.323282319120941	0.198165723215025	1.63137354874513	4	14.828	0.00507157927991309	14.828	0.00507157927991309	A
Diet.5mo.as.AL	Adlercreutzia	2D	0.40847378999979	0.198292537201708	2.05995543636763	4	14.828	0.00507157927991309	14.828	0.00507157927991309	A
Diet.5mo.as.AL	Adlercreutzia	20	0.361436187960893	0.191150646202669	1.89084470882551	4	14.828	0.00507157927991309	14.828	0.00507157927991309	A
Diet.5mo.as.AL	Adlercreutzia	40	-0.198998910394812	0.194964308723283	-1.02069405265994	4	14.828	0.00507157927991309	14.828	0.00507157927991309	A
Diet.5mo.as.AL	AF3328	AL	0	NA	NA	4	16.564	0.00234863032966925	16.564	0.00234863032966925	A
Diet.5mo.as.AL	AF3328	1D	-0.0927436690794145	0.164386659742227	-0.564180020598051	4	16.564	0.00234863032966925	16.564	0.00234863032966925	A
Diet.5mo.as.AL	AF3328	2D	0.0149380785543539	0.164472526432227	0.0908241569482388	4	16.564	0.00234863032966925	16.564	0.00234863032966925	A
Diet.5mo.as.AL	AF3328	20	-0.0803379762411014	0.156122648960293	-0.514582456652616	4	16.564	0.00234863032966925	16.564	0.00234863032966925	A
Diet.5mo.as.AL	AF3328	40	-0.547526951928103	0.160817018359612	-3.40465802384016	4	16.564	0.00234863032966925	16.564	0.00234863032966925	A
Diet.5mo.as.AL	Akkermansia	AL	0	NA	NA	4	14.58	0.00565649955735037	14.58	0.00565649955735037	A
Diet.5mo.as.AL	Akkermansia	1D	0.161795463587409	0.214976634566042	0.752618831874516	4	14.58	0.00565649955735037	14.58	0.00565649955735037	A
Diet.5mo.as.AL	Akkermansia	2D	0.17112439559206	0.218946409405794	0.781581191746786	4	14.58	0.00565649955735037	14.58	0.00565649955735037	A
Diet.5mo.as.AL	Akkermansia	20	0.393802466304612	0.191879572327767	2.05234179713472	4	14.58	0.00565649955735037	14.58	0.00565649955735037	A
Diet.5mo.as.AL	Akkermansia	40	0.69942085590271	0.206871722554278	3.38093987552696	4	14.58	0.00565649955735037	14.58	0.00565649955735037	A
Diet.5mo.as.AL	Alistipes	AL	0	NA	NA	4	3.7988	0.433919528201133	3.7988	0.433919528201133	A
Diet.5mo.as.AL	Alistipes	1D	0.0272256151648031	0.161746020083589	0.168323246227221	4	3.7988	0.433919528201133	3.7988	0.433919528201133	A
Diet.5mo.as.AL	Alistipes	2D	-0.0315777428296036	0.161046264364823	-0.1960787041795	4	3.7988	0.433919528201133	3.7988	0.433919528201133	A
Diet.5mo.as.AL	Alistipes	20	0.214363498081728	0.152522933885761	1.40545092216942	4	3.7988	0.433919528201133	3.7988	0.433919528201133	A
Diet.5mo.as.AL	Alistipes	40	0.157976412141694	0.157726922148259	1.00158178445402	4	3.7988	0.433919528201133	3.7988	0.433919528201133	A
Diet.5mo.as.AL	AM0715	AL	0	NA	NA	4	14.136	0.00687341381471884	14.136	0.00687341381471884	A
Diet.5mo.as.AL	AM0715	1D	-0.357178197542397	0.174730007438879	-2.04417205022633	4	14.136	0.00687341381471884	14.136	0.00687341381471884	A
Diet.5mo.as.AL	AM0715	2D	-0.314448766509782	0.174979349626824	-1.7970621515076	4	14.136	0.00687341381471884	14.136	0.00687341381471884	A
Diet.5mo.as.AL	AM0715	20	-0.511903128558106	0.167400775366998	-3.05794956705454	4	14.136	0.00687341381471884	14.136	0.00687341381471884	A
Diet.5mo.as.AL	AM0715	40	-0.585669046843795	0.171753511166967	-3.40993929535709	4	14.136	0.00687341381471884	14.136	0.00687341381471884	A
Diet.5mo.as.AL	Anaerotignum	AL	0	NA	NA	4	4.424	0.351654470313148	4.424	0.351654470313148	A
Diet.5mo.as.AL	Anaerotignum	1D	-0.0661479127288791	0.165935261447295	-0.398636866883711	4	4.424	0.351654470313148	4.424	0.351654470313148	A
Diet.5mo.as.AL	Anaerotignum	2D	0.0478150341942312	0.165159123295691	0.28950888839865	4	4.424	0.351654470313148	4.424	0.351654470313148	A
Diet.5mo.as.AL	Anaerotignum	20	-0.11876633817639	0.151533191079819	-0.78376451607774	4	4.424	0.351654470313148	4.424	0.351654470313148	A
Diet.5mo.as.AL	Anaerotignum	40	-0.262399523267415	0.160459881479196	-1.63529675360901	4	4.424	0.351654470313148	4.424	0.351654470313148	A
Diet.5mo.as.AL	Anaerotruncus	AL	0	NA	NA	4	25.776	3.51117459127526e-05	25.776	3.51117459127526e-05	A
Diet.5mo.as.AL	Anaerotruncus	1D	-0.019715046217095	0.192479758562109	-0.102426594694285	4	25.776	3.51117459127526e-05	25.776	3.51117459127526e-05	A
Diet.5mo.as.AL	Anaerotruncus	2D	-0.0727533086458688	0.192915284895485	-0.377125683355178	4	25.776	3.51117459127526e-05	25.776	3.51117459127526e-05	A
Diet.5mo.as.AL	Anaerotruncus	20	-0.260126152962334	0.1846720352781	-1.40858442682243	4	25.776	3.51117459127526e-05	25.776	3.51117459127526e-05	A
Diet.5mo.as.AL	Anaerotruncus	40	-0.813647299296033	0.188842286621232	-4.3086075362347	4	25.776	3.51117459127526e-05	25.776	3.51117459127526e-05	A
Diet.5mo.as.AL	AnaerovoracaceaeNOV	AL	0	NA	NA	4	3.4848	0.480193298671511	3.4848	0.480193298671511	A
Diet.5mo.as.AL	AnaerovoracaceaeNOV	1D	0.0319664468187681	0.19523368220641	0.163734282207369	4	3.4848	0.480193298671511	3.4848	0.480193298671511	A
Diet.5mo.as.AL	AnaerovoracaceaeNOV	2D	0.0377819331744721	0.195333075112077	0.193423121776964	4	3.4848	0.480193298671511	3.4848	0.480193298671511	A
Diet.5mo.as.AL	AnaerovoracaceaeNOV	20	0.062441203754313	0.186664411102594	0.334510490700845	4	3.4848	0.480193298671511	3.4848	0.480193298671511	A
Diet.5mo.as.AL	AnaerovoracaceaeNOV	40	-0.243741825832424	0.191269916098515	-1.27433435850352	4	3.4848	0.480193298671511	3.4848	0.480193298671511	A
Diet.5mo.as.AL	Angelakisella	AL	0	NA	NA	4	9.424	0.0513325217738089	9.424	0.0513325217738089	A
Diet.5mo.as.AL	Angelakisella	1D	-0.249387022763689	0.20208041408811	-1.23409794011483	4	9.424	0.0513325217738089	9.424	0.0513325217738089	A
Diet.5mo.as.AL	Angelakisella	2D	-0.221737344258793	0.202545879389805	-1.09475119872497	4	9.424	0.0513325217738089	9.424	0.0513325217738089	A
Diet.5mo.as.AL	Angelakisella	20	-0.472060847392881	0.194183874588802	-2.43099921861434	4	9.424	0.0513325217738089	9.424	0.0513325217738089	A
Diet.5mo.as.AL	Angelakisella	40	-0.534010539413958	0.198906344708497	-2.68473356240379	4	9.424	0.0513325217738089	9.424	0.0513325217738089	A
Diet.5mo.as.AL	ASF356	AL	0	NA	NA	4	33.852	7.99125504102882e-07	33.852	7.99125504102882e-07	A
Diet.5mo.as.AL	ASF356	1D	-0.218679897468196	0.162322263885347	-1.34719595595744	4	33.852	7.99125504102882e-07	33.852	7.99125504102882e-07	A
Diet.5mo.as.AL	ASF356	2D	-0.272799251743164	0.162158660700693	-1.68229837718435	4	33.852	7.99125504102882e-07	33.852	7.99125504102882e-07	A
Diet.5mo.as.AL	ASF356	20	-0.40681329152111	0.14469521492619	-2.81151862367134	4	33.852	7.99125504102882e-07	33.852	7.99125504102882e-07	A
Diet.5mo.as.AL	ASF356	40	-0.849208598378034	0.15640551921632	-5.42953089272713	4	33.852	7.99125504102882e-07	33.852	7.99125504102882e-07	A
Diet.5mo.as.AL	Bacteroides	AL	0	NA	NA	4	28.952	7.99487726588222e-06	28.952	7.99487726588222e-06	A
Diet.5mo.as.AL	Bacteroides	1D	0.627306343718202	0.180789065082233	3.46982459051308	4	28.952	7.99487726588222e-06	28.952	7.99487726588222e-06	A
Diet.5mo.as.AL	Bacteroides	2D	0.921429173423111	0.180613919558472	5.10165094515213	4	28.952	7.99487726588222e-06	28.952	7.99487726588222e-06	A
Diet.5mo.as.AL	Bacteroides	20	0.658699035472569	0.173108767682767	3.80511654198636	4	28.952	7.99487726588222e-06	28.952	7.99487726588222e-06	A
Diet.5mo.as.AL	Bacteroides	40	0.636931357848795	0.177487629084777	3.58859578627063	4	28.952	7.99487726588222e-06	28.952	7.99487726588222e-06	A
Diet.5mo.as.AL	Bifidobacterium	AL	0	NA	NA	4	16.74	0.0021711747385259	16.74	0.0021711747385259	A
Diet.5mo.as.AL	Bifidobacterium	1D	-0.0205909868488486	0.231326087988338	-0.0890128174816438	4	16.74	0.0021711747385259	16.74	0.0021711747385259	A
Diet.5mo.as.AL	Bifidobacterium	2D	0.58413882826394	0.232420984217083	2.51327921285433	4	16.74	0.0021711747385259	16.74	0.0021711747385259	A
Diet.5mo.as.AL	Bifidobacterium	20	0.134668396640451	0.225481216791844	0.597248846518207	4	16.74	0.0021711747385259	16.74	0.0021711747385259	A
Diet.5mo.as.AL	Bifidobacterium	40	0.681303733490022	0.228440522078295	2.9824119087616	4	16.74	0.0021711747385259	16.74	0.0021711747385259	A
Diet.5mo.as.AL	BorkfalkiaceaeNOV	AL	0	NA	NA	4	24.816	5.4782023493849e-05	24.816	5.4782023493849e-05	A
Diet.5mo.as.AL	BorkfalkiaceaeNOV	1D	-0.118902779821551	0.189340564946912	-0.627983653977631	4	24.816	5.4782023493849e-05	24.816	5.4782023493849e-05	A
Diet.5mo.as.AL	BorkfalkiaceaeNOV	2D	-0.467561488366989	0.189294595191573	-2.4700202765631	4	24.816	5.4782023493849e-05	24.816	5.4782023493849e-05	A
Diet.5mo.as.AL	BorkfalkiaceaeNOV	20	0.222974427690971	0.181197827425742	1.23055795347408	4	24.816	5.4782023493849e-05	24.816	5.4782023493849e-05	A
Diet.5mo.as.AL	BorkfalkiaceaeNOV	40	0.396804185772899	0.18563559174686	2.13754367919917	4	24.816	5.4782023493849e-05	24.816	5.4782023493849e-05	A
Diet.5mo.as.AL	ButyricicoccaceaeNOV	AL	0	NA	NA	4	12.892	0.0118157366148851	12.892	0.0118157366148851	A
Diet.5mo.as.AL	ButyricicoccaceaeNOV	1D	-0.452790640076636	0.183004343414264	-2.4742070686905	4	12.892	0.0118157366148851	12.892	0.0118157366148851	A
Diet.5mo.as.AL	ButyricicoccaceaeNOV	2D	-0.614363717855169	0.183315811066507	-3.35139513760915	4	12.892	0.0118157366148851	12.892	0.0118157366148851	A
Diet.5mo.as.AL	ButyricicoccaceaeNOV	20	-0.462427616578637	0.174655990714061	-2.6476481836555	4	12.892	0.0118157366148851	12.892	0.0118157366148851	A
Diet.5mo.as.AL	ButyricicoccaceaeNOV	40	-0.387784291115699	0.179201397300036	-2.16395796549752	4	12.892	0.0118157366148851	12.892	0.0118157366148851	A
Diet.5mo.as.AL	CAG115	AL	0	NA	NA	4	15.892	0.00316756066067536	15.892	0.00316756066067536	A
Diet.5mo.as.AL	CAG115	1D	-0.482666174376695	0.214508310331752	-2.25010477976456	4	15.892	0.00316756066067536	15.892	0.00316756066067536	A
Diet.5mo.as.AL	CAG115	2D	-0.512663543809171	0.215057230550911	-2.3838470461834	4	15.892	0.00316756066067536	15.892	0.00316756066067536	A
Diet.5mo.as.AL	CAG115	20	-0.50134283883606	0.206887733317482	-2.42326033930064	4	15.892	0.00316756066067536	15.892	0.00316756066067536	A
Diet.5mo.as.AL	CAG115	40	-0.83137684234523	0.210905793532727	-3.94193458804261	4	15.892	0.00316756066067536	15.892	0.00316756066067536	A
Diet.5mo.as.AL	CAG145	AL	0	NA	NA	4	6.992	0.136311593199333	6.992	0.136311593199333	A
Diet.5mo.as.AL	CAG145	1D	-0.076746780442963	0.170240066649055	-0.450815028175326	4	6.992	0.136311593199333	6.992	0.136311593199333	A
Diet.5mo.as.AL	CAG145	2D	-0.188377152201987	0.169576662830125	-1.11086719751465	4	6.992	0.136311593199333	6.992	0.136311593199333	A
Diet.5mo.as.AL	CAG145	20	0.187893738677688	0.161059623071181	1.16660982495065	4	6.992	0.136311593199333	6.992	0.136311593199333	A
Diet.5mo.as.AL	CAG145	40	0.14552066349377	0.166076927025123	0.876224446709301	4	6.992	0.136311593199333	6.992	0.136311593199333	A
Diet.5mo.as.AL	CAG273	AL	0	NA	NA	4	7.704	0.103042988997574	7.704	0.103042988997574	A
Diet.5mo.as.AL	CAG273	1D	0.109075349622626	0.203437990700119	0.536160179557663	4	7.704	0.103042988997574	7.704	0.103042988997574	A
Diet.5mo.as.AL	CAG273	2D	-0.243786722680144	0.203565701058998	-1.19758250732764	4	7.704	0.103042988997574	7.704	0.103042988997574	A
Diet.5mo.as.AL	CAG273	20	0.090361861917753	0.194379528221362	0.464873347232574	4	7.704	0.103042988997574	7.704	0.103042988997574	A
Diet.5mo.as.AL	CAG273	40	0.3057920036021	0.199335328430531	1.53405824250903	4	7.704	0.103042988997574	7.704	0.103042988997574	A
Diet.5mo.as.AL	CAG274NOV	AL	0	NA	NA	4	55.64	2.38573605315651e-11	55.64	2.38573605315651e-11	A
Diet.5mo.as.AL	CAG274NOV	1D	-0.464913295209154	0.173805644943028	-2.6749033114635	4	55.64	2.38573605315651e-11	55.64	2.38573605315651e-11	A
Diet.5mo.as.AL	CAG274NOV	2D	-1.23154497074245	0.174105953806662	-7.07353737087035	4	55.64	2.38573605315651e-11	55.64	2.38573605315651e-11	A
Diet.5mo.as.AL	CAG274NOV	20	-0.549315655211327	0.166148333575274	-3.30617613424608	4	55.64	2.38573605315651e-11	55.64	2.38573605315651e-11	A
Diet.5mo.as.AL	CAG274NOV	40	-0.850703478087149	0.170267078380785	-4.99628869055142	4	55.64	2.38573605315651e-11	55.64	2.38573605315651e-11	A
Diet.5mo.as.AL	CAG303	AL	0	NA	NA	4	21.944	0.000205630557385761	21.944	0.000205630557385761	A
Diet.5mo.as.AL	CAG303	1D	-0.490296631111042	0.191092370868905	-2.56575722453828	4	21.944	0.000205630557385761	21.944	0.000205630557385761	A
Diet.5mo.as.AL	CAG303	2D	-0.607726901261455	0.19151215040669	-3.17330728087436	4	21.944	0.000205630557385761	21.944	0.000205630557385761	A
Diet.5mo.as.AL	CAG303	20	-0.52446845654459	0.183262266224023	-2.86184639833861	4	21.944	0.000205630557385761	21.944	0.000205630557385761	A
Diet.5mo.as.AL	CAG303	40	-0.853352479367485	0.187448490424712	-4.55246386585455	4	21.944	0.000205630557385761	21.944	0.000205630557385761	A
Diet.5mo.as.AL	CAG41	AL	0	NA	NA	4	59.04	4.6154191579717e-12	59.04	4.6154191579717e-12	A
Diet.5mo.as.AL	CAG41	1D	-0.263246248336516	0.180252537931251	-1.4604301906524	4	59.04	4.6154191579717e-12	59.04	4.6154191579717e-12	A
Diet.5mo.as.AL	CAG41	2D	-1.04385022652674	0.180419676242033	-5.7856784152878	4	59.04	4.6154191579717e-12	59.04	4.6154191579717e-12	A
Diet.5mo.as.AL	CAG41	20	0.223078847503001	0.172700670728526	1.29170805511037	4	59.04	4.6154191579717e-12	59.04	4.6154191579717e-12	A
Diet.5mo.as.AL	CAG41	40	-0.0530449679944546	0.176815234433534	-0.300002249039205	4	59.04	4.6154191579717e-12	59.04	4.6154191579717e-12	A
Diet.5mo.as.AL	CAG475	AL	0	NA	NA	4	7.672	0.104359660983559	7.672	0.104359660983559	A
Diet.5mo.as.AL	CAG475	1D	0.0574922223044416	0.188193055985666	0.305495981258844	4	7.672	0.104359660983559	7.672	0.104359660983559	A
Diet.5mo.as.AL	CAG475	2D	-0.290429127087382	0.188553838445699	-1.54029814233149	4	7.672	0.104359660983559	7.672	0.104359660983559	A
Diet.5mo.as.AL	CAG475	20	0.156785854188712	0.180142585482931	0.870343088328596	4	7.672	0.104359660983559	7.672	0.104359660983559	A
Diet.5mo.as.AL	CAG475	40	0.158894280516179	0.184463001260927	0.861388351214235	4	7.672	0.104359660983559	7.672	0.104359660983559	A
Diet.5mo.as.AL	CAG485	AL	0	NA	NA	4	27.532	1.55154732256468e-05	27.532	1.55154732256468e-05	A
Diet.5mo.as.AL	CAG485	1D	0.444412888389707	0.183476206566631	2.42218267265251	4	27.532	1.55154732256468e-05	27.532	1.55154732256468e-05	A
Diet.5mo.as.AL	CAG485	2D	0.85786204486234	0.183381515952552	4.67801806744963	4	27.532	1.55154732256468e-05	27.532	1.55154732256468e-05	A
Diet.5mo.as.AL	CAG485	20	0.70380519043437	0.171976083998713	4.09245968433401	4	27.532	1.55154732256468e-05	27.532	1.55154732256468e-05	A
Diet.5mo.as.AL	CAG485	40	0.647376563309772	0.179110515740162	3.61439729339472	4	27.532	1.55154732256468e-05	27.532	1.55154732256468e-05	A
Diet.5mo.as.AL	CAG510	AL	0	NA	NA	4	9.368	0.0525313686476409	9.368	0.0525313686476409	A
Diet.5mo.as.AL	CAG510	1D	0.0961581080566516	0.228476012966665	0.420867411016496	4	9.368	0.0525313686476409	9.368	0.0525313686476409	A
Diet.5mo.as.AL	CAG510	2D	-0.172863761541672	0.229832099675451	-0.752130628340321	4	9.368	0.0525313686476409	9.368	0.0525313686476409	A
Diet.5mo.as.AL	CAG510	20	-0.0629004637243106	0.225031085766571	-0.279518998497649	4	9.368	0.0525313686476409	9.368	0.0525313686476409	A
Diet.5mo.as.AL	CAG510	40	0.466921331102665	0.226763319367263	2.05906904346574	4	9.368	0.0525313686476409	9.368	0.0525313686476409	A
Diet.5mo.as.AL	CAG552NOV	AL	0	NA	NA	4	1.274	0.865771119439802	1.274	0.865771119439802	A
Diet.5mo.as.AL	CAG552NOV	1D	-0.149130665513309	0.204367535526327	-0.729717981524014	4	1.274	0.865771119439802	1.274	0.865771119439802	A
Diet.5mo.as.AL	CAG552NOV	2D	-0.0570486703723162	0.204866319026421	-0.278467786424956	4	1.274	0.865771119439802	1.274	0.865771119439802	A
Diet.5mo.as.AL	CAG552NOV	20	-0.00240837639051497	0.196776647116985	-0.0122391372441831	4	1.274	0.865771119439802	1.274	0.865771119439802	A
Diet.5mo.as.AL	CAG552NOV	40	0.0699411211480486	0.200996206948924	0.347972343407563	4	1.274	0.865771119439802	1.274	0.865771119439802	A
Diet.5mo.as.AL	CAG56	AL	0	NA	NA	4	23.612	9.55284748546115e-05	23.612	9.55284748546115e-05	A
Diet.5mo.as.AL	CAG56	1D	0.135948492116333	0.184494890396012	0.736868602835151	4	23.612	9.55284748546115e-05	23.612	9.55284748546115e-05	A
Diet.5mo.as.AL	CAG56	2D	-0.0121036523970771	0.184776602173154	-0.0655042481284227	4	23.612	9.55284748546115e-05	23.612	9.55284748546115e-05	A
Diet.5mo.as.AL	CAG56	20	-0.241651950651299	0.176606487268667	-1.3683073277126	4	23.612	9.55284748546115e-05	23.612	9.55284748546115e-05	A
Diet.5mo.as.AL	CAG56	40	-0.660752406034424	0.180969607883139	-3.65117885684486	4	23.612	9.55284748546115e-05	23.612	9.55284748546115e-05	A
Diet.5mo.as.AL	CAG582	AL	0	NA	NA	4	9.064	0.0595195418322675	9.064	0.0595195418322675	A
Diet.5mo.as.AL	CAG582	1D	0.131163488730647	0.185347465173307	0.707662705869779	4	9.064	0.0595195418322675	9.064	0.0595195418322675	A
Diet.5mo.as.AL	CAG582	2D	0.0304228754008066	0.185694231281158	0.163833174519803	4	9.064	0.0595195418322675	9.064	0.0595195418322675	A
Diet.5mo.as.AL	CAG582	20	0.134228998761545	0.176620463580113	0.759985542109394	4	9.064	0.0595195418322675	9.064	0.0595195418322675	A
Diet.5mo.as.AL	CAG582	40	0.486156515572036	0.181838721590219	2.67355880705986	4	9.064	0.0595195418322675	9.064	0.0595195418322675	A
Diet.5mo.as.AL	CAG776	AL	0	NA	NA	4	11.276	0.0236311555608003	11.276	0.0236311555608003	A
Diet.5mo.as.AL	CAG776	1D	0.201168054404688	0.185857654596579	1.08237702042104	4	11.276	0.0236311555608003	11.276	0.0236311555608003	A
Diet.5mo.as.AL	CAG776	2D	0.0714549457198877	0.186189649940577	0.383775068821993	4	11.276	0.0236311555608003	11.276	0.0236311555608003	A
Diet.5mo.as.AL	CAG776	20	0.0179784479504522	0.177513031385638	0.101279595137975	4	11.276	0.0236311555608003	11.276	0.0236311555608003	A
Diet.5mo.as.AL	CAG776	40	0.520206285095145	0.182050414692278	2.85748475758462	4	11.276	0.0236311555608003	11.276	0.0236311555608003	A
Diet.5mo.as.AL	CAG81	AL	0	NA	NA	4	7.136	0.128873428894287	7.136	0.128873428894287	A
Diet.5mo.as.AL	CAG81	1D	-0.163028625844575	0.196632125313068	-0.829104733445812	4	7.136	0.128873428894287	7.136	0.128873428894287	A
Diet.5mo.as.AL	CAG81	2D	-0.0743334740571037	0.196690419512543	-0.37792117298506	4	7.136	0.128873428894287	7.136	0.128873428894287	A
Diet.5mo.as.AL	CAG81	20	-0.133204026928703	0.179494872799202	-0.742104912811162	4	7.136	0.128873428894287	7.136	0.128873428894287	A
Diet.5mo.as.AL	CAG81	40	-0.466885191279885	0.190314367346418	-2.45323144957334	4	7.136	0.128873428894287	7.136	0.128873428894287	A
Diet.5mo.as.AL	CAG873	AL	0	NA	NA	4	30.388	4.08022184705814e-06	30.388	4.08022184705814e-06	A
Diet.5mo.as.AL	CAG873	1D	0.41683745687479	0.177258482606958	2.35157974244346	4	30.388	4.08022184705814e-06	30.388	4.08022184705814e-06	A
Diet.5mo.as.AL	CAG873	2D	0.691548960560833	0.176976614140824	3.9075725565105	4	30.388	4.08022184705814e-06	30.388	4.08022184705814e-06	A
Diet.5mo.as.AL	CAG873	20	0.690255509661508	0.169400149798159	4.07470424603491	4	30.388	4.08022184705814e-06	30.388	4.08022184705814e-06	A
Diet.5mo.as.AL	CAG873	40	0.868303071876646	0.17392945040763	4.99227169315861	4	30.388	4.08022184705814e-06	30.388	4.08022184705814e-06	A
Diet.5mo.as.AL	CAG95	AL	0	NA	NA	4	13.112	0.0107413118587802	13.112	0.0107413118587802	A
Diet.5mo.as.AL	CAG95	1D	-0.248507716489962	0.168970182764073	-1.47071934482633	4	13.112	0.0107413118587802	13.112	0.0107413118587802	A
Diet.5mo.as.AL	CAG95	2D	-0.407341288849017	0.169118929717263	-2.40860848356845	4	13.112	0.0107413118587802	13.112	0.0107413118587802	A
Diet.5mo.as.AL	CAG95	20	-0.316954840893546	0.160501805863062	-1.97477429733076	4	13.112	0.0107413118587802	13.112	0.0107413118587802	A
Diet.5mo.as.AL	CAG95	40	-0.57589350193217	0.165104770606537	-3.48804882994319	4	13.112	0.0107413118587802	13.112	0.0107413118587802	A
Diet.5mo.as.AL	Chao1	AL	0	NA	NA	4	1.3788	0.847871181202622	1.3788	0.847871181202622	A
Diet.5mo.as.AL	Chao1	1D	0.114734587103784	0.172711930711784	0.664311878345274	4	1.3788	0.847871181202622	1.3788	0.847871181202622	A
Diet.5mo.as.AL	Chao1	2D	0.0291817554727656	0.172448969492824	0.169219657030075	4	1.3788	0.847871181202622	1.3788	0.847871181202622	A
Diet.5mo.as.AL	Chao1	20	0.119742758933063	0.150088934567791	0.797812039094588	4	1.3788	0.847871181202622	1.3788	0.847871181202622	A
Diet.5mo.as.AL	Chao1	40	0.163240331566614	0.165398787598524	0.986949988792249	4	1.3788	0.847871181202622	1.3788	0.847871181202622	A
Diet.5mo.as.AL	Clostridium	AL	0	NA	NA	4	41.28	2.351901617903e-08	41.28	2.351901617903e-08	A
Diet.5mo.as.AL	Clostridium	1D	-0.0209414437434137	0.198663135759772	-0.105411825215205	4	41.28	2.351901617903e-08	41.28	2.351901617903e-08	A
Diet.5mo.as.AL	Clostridium	2D	-0.0810527241036268	0.199218620090324	-0.406853154925368	4	41.28	2.351901617903e-08	41.28	2.351901617903e-08	A
Diet.5mo.as.AL	Clostridium	20	-0.0179617049596587	0.191825468128473	-0.0936356633709816	4	41.28	2.351901617903e-08	41.28	2.351901617903e-08	A
Diet.5mo.as.AL	Clostridium	40	0.95991912285781	0.195459269188176	4.91109542588977	4	41.28	2.351901617903e-08	41.28	2.351901617903e-08	A
Diet.5mo.as.AL	ClostridiumQ	AL	0	NA	NA	4	60.16	2.68474131814855e-12	60.16	2.68474131814855e-12	A
Diet.5mo.as.AL	ClostridiumQ	1D	0.123197383638824	0.159754365317047	0.771167557107612	4	60.16	2.68474131814855e-12	60.16	2.68474131814855e-12	A
Diet.5mo.as.AL	ClostridiumQ	2D	0.32548558186998	0.160097209586455	2.03304968719154	4	60.16	2.68474131814855e-12	60.16	2.68474131814855e-12	A
Diet.5mo.as.AL	ClostridiumQ	20	-0.0342187164604237	0.152577164767129	-0.224271544910734	4	60.16	2.68474131814855e-12	60.16	2.68474131814855e-12	A
Diet.5mo.as.AL	ClostridiumQ	40	-0.811530534979348	0.15675421316659	-5.17708914220311	4	60.16	2.68474131814855e-12	60.16	2.68474131814855e-12	A
Diet.5mo.as.AL	COE1	AL	0	NA	NA	4	49.84	3.89956844593087e-10	49.84	3.89956844593087e-10	A
Diet.5mo.as.AL	COE1	1D	-0.176818103132211	0.190191150677915	-0.929686278788278	4	49.84	3.89956844593087e-10	49.84	3.89956844593087e-10	A
Diet.5mo.as.AL	COE1	2D	-0.537553436064876	0.190651953796012	-2.81955377514793	4	49.84	3.89956844593087e-10	49.84	3.89956844593087e-10	A
Diet.5mo.as.AL	COE1	20	-0.679119508890249	0.180654728262905	-3.75921247907739	4	49.84	3.89956844593087e-10	49.84	3.89956844593087e-10	A
Diet.5mo.as.AL	COE1	40	-1.1854913931744	0.18634721335133	-6.361733947367	4	49.84	3.89956844593087e-10	49.84	3.89956844593087e-10	A
Diet.5mo.as.AL	D1663	AL	0	NA	NA	4	15.744	0.00338263681801676	15.744	0.00338263681801676	A
Diet.5mo.as.AL	D1663	1D	0.103217766654334	0.202035383413782	0.510889552662846	4	15.744	0.00338263681801676	15.744	0.00338263681801676	A
Diet.5mo.as.AL	D1663	2D	-0.071775434050495	0.202199093485563	-0.35497406448867	4	15.744	0.00338263681801676	15.744	0.00338263681801676	A
Diet.5mo.as.AL	D1663	20	0.100750842082844	0.19555654439774	0.515200564589276	4	15.744	0.00338263681801676	15.744	0.00338263681801676	A
Diet.5mo.as.AL	D1663	40	-0.564857442645363	0.198880117640008	-2.84019061004283	4	15.744	0.00338263681801676	15.744	0.00338263681801676	A
Diet.5mo.as.AL	Desulfovibrio	AL	0	NA	NA	4	4.416	0.352624224107458	4.416	0.352624224107458	A
Diet.5mo.as.AL	Desulfovibrio	1D	-0.190266704158615	0.173525306107212	-1.09647813582336	4	4.416	0.352624224107458	4.416	0.352624224107458	A
Diet.5mo.as.AL	Desulfovibrio	2D	-0.334732985408262	0.173905784988665	-1.92479499994828	4	4.416	0.352624224107458	4.416	0.352624224107458	A
Diet.5mo.as.AL	Desulfovibrio	20	-0.131472995221957	0.165752581010004	-0.793188223198902	4	4.416	0.352624224107458	4.416	0.352624224107458	A
Diet.5mo.as.AL	Desulfovibrio	40	-0.0586517769532822	0.170261228888436	-0.344481109035775	4	4.416	0.352624224107458	4.416	0.352624224107458	A
Diet.5mo.as.AL	Dorea	AL	0	NA	NA	4	46.96	1.55445079030869e-09	46.96	1.55445079030869e-09	A
Diet.5mo.as.AL	Dorea	1D	-0.154714972791904	0.158704145689421	-0.974864091418736	4	46.96	1.55445079030869e-09	46.96	1.55445079030869e-09	A
Diet.5mo.as.AL	Dorea	2D	-0.216757458320472	0.158122749006169	-1.37081766970808	4	46.96	1.55445079030869e-09	46.96	1.55445079030869e-09	A
Diet.5mo.as.AL	Dorea	20	-0.0024416223608495	0.150012463983548	-0.0162761299695555	4	46.96	1.55445079030869e-09	46.96	1.55445079030869e-09	A
Diet.5mo.as.AL	Dorea	40	-0.899106719348223	0.154842197634077	-5.80660009407118	4	46.96	1.55445079030869e-09	46.96	1.55445079030869e-09	A
Diet.5mo.as.AL	Dubosiella	AL	0	NA	NA	4	19.2	0.000717924606803089	19.2	0.000717924606803089	A
Diet.5mo.as.AL	Dubosiella	1D	-0.376450279117239	0.21953209792386	-1.71478468377687	4	19.2	0.000717924606803089	19.2	0.000717924606803089	A
Diet.5mo.as.AL	Dubosiella	2D	-0.220461995144314	0.219974521167032	-1.00221604745266	4	19.2	0.000717924606803089	19.2	0.000717924606803089	A
Diet.5mo.as.AL	Dubosiella	20	-0.0537361792344107	0.21313093269522	-0.252127546925598	4	19.2	0.000717924606803089	19.2	0.000717924606803089	A
Diet.5mo.as.AL	Dubosiella	40	0.513593139736971	0.216380845412114	2.37356101811504	4	19.2	0.000717924606803089	19.2	0.000717924606803089	A
Diet.5mo.as.AL	Duncaniella	AL	0	NA	NA	4	13.424	0.00937955983762151	13.424	0.00937955983762151	A
Diet.5mo.as.AL	Duncaniella	1D	0.331733277258332	0.189962907138104	1.74630554067674	4	13.424	0.00937955983762151	13.424	0.00937955983762151	A
Diet.5mo.as.AL	Duncaniella	2D	0.630980409304	0.19015588957069	3.3182270122085	4	13.424	0.00937955983762151	13.424	0.00937955983762151	A
Diet.5mo.as.AL	Duncaniella	20	0.483554807284539	0.182171037691494	2.65440002654779	4	13.424	0.00937955983762151	13.424	0.00937955983762151	A
Diet.5mo.as.AL	Duncaniella	40	0.513695168134468	0.186537734685144	2.75384049774986	4	13.424	0.00937955983762151	13.424	0.00937955983762151	A
Diet.5mo.as.AL	Emergencia	AL	0	NA	NA	4	35.324	3.98519012678733e-07	35.324	3.98519012678733e-07	A
Diet.5mo.as.AL	Emergencia	1D	0.0329631830179037	0.219704181525246	0.150034390738785	4	35.324	3.98519012678733e-07	35.324	3.98519012678733e-07	A
Diet.5mo.as.AL	Emergencia	2D	0.0792754678614842	0.221007097682042	0.358701004143931	4	35.324	3.98519012678733e-07	35.324	3.98519012678733e-07	A
Diet.5mo.as.AL	Emergencia	20	-0.316677037085749	0.207478280110427	-1.5263141612568	4	35.324	3.98519012678733e-07	35.324	3.98519012678733e-07	A
Diet.5mo.as.AL	Emergencia	40	-0.993243125228462	0.214859573989175	-4.62275479182744	4	35.324	3.98519012678733e-07	35.324	3.98519012678733e-07	A
Diet.5mo.as.AL	EnterococcusD	AL	0	NA	NA	4	5.716	0.221385205038873	5.716	0.221385205038873	A
Diet.5mo.as.AL	EnterococcusD	1D	0.0781955989224097	0.192175929058415	0.406895906815889	4	5.716	0.221385205038873	5.716	0.221385205038873	A
Diet.5mo.as.AL	EnterococcusD	2D	0.215954143288624	0.192756839833189	1.12034490436505	4	5.716	0.221385205038873	5.716	0.221385205038873	A
Diet.5mo.as.AL	EnterococcusD	20	0.114615366887229	0.184779658855675	0.620281299343402	4	5.716	0.221385205038873	5.716	0.221385205038873	A
Diet.5mo.as.AL	EnterococcusD	40	0.415276880311924	0.188984464885954	2.19741279031867	4	5.716	0.221385205038873	5.716	0.221385205038873	A
Diet.5mo.as.AL	ErysipelatoclostridiaceaeNOV	AL	0	NA	NA	4	6.848	0.144142089137905	6.848	0.144142089137905	A
Diet.5mo.as.AL	ErysipelatoclostridiaceaeNOV	1D	0.228355539460922	0.173749467582522	1.31428051342065	4	6.848	0.144142089137905	6.848	0.144142089137905	A
Diet.5mo.as.AL	ErysipelatoclostridiaceaeNOV	2D	0.295259380187829	0.174025683074606	1.69664255856563	4	6.848	0.144142089137905	6.848	0.144142089137905	A
Diet.5mo.as.AL	ErysipelatoclostridiaceaeNOV	20	0.384831706470816	0.16599697872706	2.31830548617137	4	6.848	0.144142089137905	6.848	0.144142089137905	A
Diet.5mo.as.AL	ErysipelatoclostridiaceaeNOV	40	0.0882262411442692	0.170501392824189	0.517451732697824	4	6.848	0.144142089137905	6.848	0.144142089137905	A
Diet.5mo.as.AL	Erysipelatoclostridium	AL	0	NA	NA	4	12.892	0.0118157366148851	12.892	0.0118157366148851	A
Diet.5mo.as.AL	Erysipelatoclostridium	1D	0.363118522371768	0.184738346262363	1.96558283495768	4	12.892	0.0118157366148851	12.892	0.0118157366148851	A
Diet.5mo.as.AL	Erysipelatoclostridium	2D	0.363302646860039	0.184890820402627	1.96495773056171	4	12.892	0.0118157366148851	12.892	0.0118157366148851	A
Diet.5mo.as.AL	Erysipelatoclostridium	20	0.586516299011824	0.176968750752371	3.31423653338958	4	12.892	0.0118157366148851	12.892	0.0118157366148851	A
Diet.5mo.as.AL	Erysipelatoclostridium	40	0.522719897983827	0.181420071440977	2.88126828433032	4	12.892	0.0118157366148851	12.892	0.0118157366148851	A
Diet.5mo.as.AL	ErysipelotrichaceaeNOV	AL	0	NA	NA	4	36.936	1.85682444864277e-07	36.936	1.85682444864277e-07	A
Diet.5mo.as.AL	ErysipelotrichaceaeNOV	1D	0.167763921505573	0.184717011227242	0.908221286122841	4	36.936	1.85682444864277e-07	36.936	1.85682444864277e-07	A
Diet.5mo.as.AL	ErysipelotrichaceaeNOV	2D	0.0560393342950041	0.184889252763566	0.303096764454267	4	36.936	1.85682444864277e-07	36.936	1.85682444864277e-07	A
Diet.5mo.as.AL	ErysipelotrichaceaeNOV	20	0.0405035403828811	0.173254165704346	0.233781047735379	4	36.936	1.85682444864277e-07	36.936	1.85682444864277e-07	A
Diet.5mo.as.AL	ErysipelotrichaceaeNOV	40	-0.781764658684387	0.180354776884131	-4.3345935837709	4	36.936	1.85682444864277e-07	36.936	1.85682444864277e-07	A
Diet.5mo.as.AL	Escherichia	AL	0	NA	NA	4	15.528	0.00372254547113382	15.528	0.00372254547113382	A
Diet.5mo.as.AL	Escherichia	1D	0.0569877534810345	0.175063833187291	0.325525566551867	4	15.528	0.00372254547113382	15.528	0.00372254547113382	A
Diet.5mo.as.AL	Escherichia	2D	0.436189286428355	0.175500376970494	2.48540370088031	4	15.528	0.00372254547113382	15.528	0.00372254547113382	A
Diet.5mo.as.AL	Escherichia	20	0.129229691645882	0.167664143798282	0.770765225756078	4	15.528	0.00372254547113382	15.528	0.00372254547113382	A
Diet.5mo.as.AL	Escherichia	40	0.5452490532713	0.171950480522632	3.17096556877336	4	15.528	0.00372254547113382	15.528	0.00372254547113382	A
Diet.5mo.as.AL	EubacteriumF	AL	0	NA	NA	4	4.156	0.385305033116888	4.156	0.385305033116888	A
Diet.5mo.as.AL	EubacteriumF	1D	0.202212275861859	0.185907895673738	1.08770138637218	4	4.156	0.385305033116888	4.156	0.385305033116888	A
Diet.5mo.as.AL	EubacteriumF	2D	0.280684218220691	0.185771721500597	1.5109092813127	4	4.156	0.385305033116888	4.156	0.385305033116888	A
Diet.5mo.as.AL	EubacteriumF	20	0.0648081652218892	0.17705098240512	0.366042392657264	4	4.156	0.385305033116888	4.156	0.385305033116888	A
Diet.5mo.as.AL	EubacteriumF	40	-0.0326942688337649	0.181842722941622	-0.179794210650161	4	4.156	0.385305033116888	4.156	0.385305033116888	A
Diet.5mo.as.AL	EubacteriumG	AL	0	NA	NA	4	12.752	0.0125533399950819	12.752	0.0125533399950819	A
Diet.5mo.as.AL	EubacteriumG	1D	-0.306535235033362	0.202609188567633	-1.51293846641628	4	12.752	0.0125533399950819	12.752	0.0125533399950819	A
Diet.5mo.as.AL	EubacteriumG	2D	-0.122483593688972	0.203231435318666	-0.602680355511529	4	12.752	0.0125533399950819	12.752	0.0125533399950819	A
Diet.5mo.as.AL	EubacteriumG	20	-0.328769763083946	0.195129640688056	-1.68487863722116	4	12.752	0.0125533399950819	12.752	0.0125533399950819	A
Diet.5mo.as.AL	EubacteriumG	40	-0.664622241164634	0.199162790129203	-3.33708038902986	4	12.752	0.0125533399950819	12.752	0.0125533399950819	A
Diet.5mo.as.AL	EubacteriumJ	AL	0	NA	NA	4	61.32	1.53121959556302e-12	61.32	1.53121959556302e-12	A
Diet.5mo.as.AL	EubacteriumJ	1D	-0.348021248285267	0.164197752070543	-2.11952504767391	4	61.32	1.53121959556302e-12	61.32	1.53121959556302e-12	A
Diet.5mo.as.AL	EubacteriumJ	2D	-0.408413235512963	0.164379573257239	-2.48457413181037	4	61.32	1.53121959556302e-12	61.32	1.53121959556302e-12	A
Diet.5mo.as.AL	EubacteriumJ	20	-0.654597875018098	0.15619631819256	-4.1908662290689	4	61.32	1.53121959556302e-12	61.32	1.53121959556302e-12	A
Diet.5mo.as.AL	EubacteriumJ	40	-1.19826848214908	0.160523221068577	-7.46476724160155	4	61.32	1.53121959556302e-12	61.32	1.53121959556302e-12	A
Diet.5mo.as.AL	Evtepia	AL	0	NA	NA	4	44.32	5.50519663189419e-09	44.32	5.50519663189419e-09	A
Diet.5mo.as.AL	Evtepia	1D	-0.116288624161437	0.179694104552522	-0.64714768718218	4	44.32	5.50519663189419e-09	44.32	5.50519663189419e-09	A
Diet.5mo.as.AL	Evtepia	2D	0.0822456150506128	0.179359406776286	0.458552001976664	4	44.32	5.50519663189419e-09	44.32	5.50519663189419e-09	A
Diet.5mo.as.AL	Evtepia	20	-0.418331183086619	0.171184252947987	-2.44374804272286	4	44.32	5.50519663189419e-09	44.32	5.50519663189419e-09	A
Diet.5mo.as.AL	Evtepia	40	-0.941542522148763	0.175821756231981	-5.35509678851393	4	44.32	5.50519663189419e-09	44.32	5.50519663189419e-09	A
Diet.5mo.as.AL	Flavonifractor	AL	0	NA	NA	4	27.176	1.83148064971661e-05	27.176	1.83148064971661e-05	A
Diet.5mo.as.AL	Flavonifractor	1D	-0.175152374230923	0.177515155061084	-0.986689695145478	4	27.176	1.83148064971661e-05	27.176	1.83148064971661e-05	A
Diet.5mo.as.AL	Flavonifractor	2D	-0.126623414072326	0.177542696148813	-0.71319979260759	4	27.176	1.83148064971661e-05	27.176	1.83148064971661e-05	A
Diet.5mo.as.AL	Flavonifractor	20	-0.343147946891597	0.169273292276236	-2.0271830380165	4	27.176	1.83148064971661e-05	27.176	1.83148064971661e-05	A
Diet.5mo.as.AL	Flavonifractor	40	-0.824867021978126	0.173813943924062	-4.74568957677242	4	27.176	1.83148064971661e-05	27.176	1.83148064971661e-05	A
Diet.5mo.as.AL	HungatellaA	AL	0	NA	NA	4	24.56	6.16682802332402e-05	24.56	6.16682802332402e-05	A
Diet.5mo.as.AL	HungatellaA	1D	-0.0380922971082565	0.159277976870585	-0.239156083324733	4	24.56	6.16682802332402e-05	24.56	6.16682802332402e-05	A
Diet.5mo.as.AL	HungatellaA	2D	-0.0974976991691079	0.158511754428776	-0.615081824817706	4	24.56	6.16682802332402e-05	24.56	6.16682802332402e-05	A
Diet.5mo.as.AL	HungatellaA	20	-0.147732420439218	0.1502336302452	-0.983351199049778	4	24.56	6.16682802332402e-05	24.56	6.16682802332402e-05	A
Diet.5mo.as.AL	HungatellaA	40	-0.668599162292365	0.155283706285118	-4.30566205745207	4	24.56	6.16682802332402e-05	24.56	6.16682802332402e-05	A
Diet.5mo.as.AL	Ileibacterium	AL	0	NA	NA	4	45.28	3.47712580950343e-09	45.28	3.47712580950343e-09	A
Diet.5mo.as.AL	Ileibacterium	1D	0.0813094470667547	0.174087319710446	0.467061283969413	4	45.28	3.47712580950343e-09	45.28	3.47712580950343e-09	A
Diet.5mo.as.AL	Ileibacterium	2D	1.01223739968402	0.17419183359234	5.81104968475707	4	45.28	3.47712580950343e-09	45.28	3.47712580950343e-09	A
Diet.5mo.as.AL	Ileibacterium	20	0.344218190939891	0.164103486756122	2.09756780763252	4	45.28	3.47712580950343e-09	45.28	3.47712580950343e-09	A
Diet.5mo.as.AL	Ileibacterium	40	0.620711505291329	0.170091483958612	3.64928032165541	4	45.28	3.47712580950343e-09	45.28	3.47712580950343e-09	A
Diet.5mo.as.AL	Kineothrix	AL	0	NA	NA	4	22.552	0.000155579475065171	22.552	0.000155579475065171	A
Diet.5mo.as.AL	Kineothrix	1D	0.393559194144754	0.17031547285306	2.31076594247134	4	22.552	0.000155579475065171	22.552	0.000155579475065171	A
Diet.5mo.as.AL	Kineothrix	2D	0.66150963270684	0.170221636461573	3.88616656764531	4	22.552	0.000155579475065171	22.552	0.000155579475065171	A
Diet.5mo.as.AL	Kineothrix	20	0.320645957851384	0.162038570597927	1.97882489748083	4	22.552	0.000155579475065171	22.552	0.000155579475065171	A
Diet.5mo.as.AL	Kineothrix	40	0.689541758529	0.166639020647458	4.13793693607812	4	22.552	0.000155579475065171	22.552	0.000155579475065171	A
Diet.5mo.as.AL	Lachnospira	AL	0	NA	NA	4	34.388	6.20395827821696e-07	34.388	6.20395827821696e-07	A
Diet.5mo.as.AL	Lachnospira	1D	-0.129878490577029	0.196030417572398	-0.662542538986648	4	34.388	6.20395827821696e-07	34.388	6.20395827821696e-07	A
Diet.5mo.as.AL	Lachnospira	2D	-0.0507453050669549	0.197078069973386	-0.25748833989397	4	34.388	6.20395827821696e-07	34.388	6.20395827821696e-07	A
Diet.5mo.as.AL	Lachnospira	20	-0.242886744639396	0.176120547372996	-1.37909374154396	4	34.388	6.20395827821696e-07	34.388	6.20395827821696e-07	A
Diet.5mo.as.AL	Lachnospira	40	-0.942242480929227	0.188960230741704	-4.98645919954029	4	34.388	6.20395827821696e-07	34.388	6.20395827821696e-07	A
Diet.5mo.as.AL	LachnospiraceaeNOV	AL	0	NA	NA	4	7.112	0.130086592461133	7.112	0.130086592461133	A
Diet.5mo.as.AL	LachnospiraceaeNOV	1D	-0.157077850131989	0.185772495841855	-0.845538783446752	4	7.112	0.130086592461133	7.112	0.130086592461133	A
Diet.5mo.as.AL	LachnospiraceaeNOV	2D	-0.0986576066530832	0.185528647703562	-0.531764813004612	4	7.112	0.130086592461133	7.112	0.130086592461133	A
Diet.5mo.as.AL	LachnospiraceaeNOV	20	-0.0515582261067274	0.17717446324882	-0.291002581079194	4	7.112	0.130086592461133	7.112	0.130086592461133	A
Diet.5mo.as.AL	LachnospiraceaeNOV	40	-0.435564357983682	0.181813009662467	-2.39567211825106	4	7.112	0.130086592461133	7.112	0.130086592461133	A
Diet.5mo.as.AL	Lactobacillus	AL	0	NA	NA	4	33.504	9.41772767992788e-07	33.504	9.41772767992788e-07	A
Diet.5mo.as.AL	Lactobacillus	1D	0.124842882564012	0.189137165835588	0.66006531298314	4	33.504	9.41772767992788e-07	33.504	9.41772767992788e-07	A
Diet.5mo.as.AL	Lactobacillus	2D	0.840777641103655	0.189649720431736	4.4333186423351	4	33.504	9.41772767992788e-07	33.504	9.41772767992788e-07	A
Diet.5mo.as.AL	Lactobacillus	20	0.476795696862186	0.174068088089203	2.73913330177929	4	33.504	9.41772767992788e-07	33.504	9.41772767992788e-07	A
Diet.5mo.as.AL	Lactobacillus	40	0.765705910081091	0.183865713410405	4.16448448097535	4	33.504	9.41772767992788e-07	33.504	9.41772767992788e-07	A
Diet.5mo.as.AL	Lawsonibacter	AL	0	NA	NA	4	30.304	4.24420464306685e-06	30.304	4.24420464306685e-06	A
Diet.5mo.as.AL	Lawsonibacter	1D	-0.173472279786448	0.172691837392754	-1.00451927783894	4	30.304	4.24420464306685e-06	30.304	4.24420464306685e-06	A
Diet.5mo.as.AL	Lawsonibacter	2D	-0.0815252564600477	0.172566146298598	-0.472429026252817	4	30.304	4.24420464306685e-06	30.304	4.24420464306685e-06	A
Diet.5mo.as.AL	Lawsonibacter	20	-0.38529177546492	0.162182366974971	-2.37566994890622	4	30.304	4.24420464306685e-06	30.304	4.24420464306685e-06	A
Diet.5mo.as.AL	Lawsonibacter	40	-0.81768440596398	0.168511131336979	-4.85240588842063	4	30.304	4.24420464306685e-06	30.304	4.24420464306685e-06	A
Diet.5mo.as.AL	Ligilactobacillus	AL	0	NA	NA	4	31.428	2.50366898379983e-06	31.428	2.50366898379983e-06	A
Diet.5mo.as.AL	Ligilactobacillus	1D	0.590451467085247	0.220734825841682	2.67493570547285	4	31.428	2.50366898379983e-06	31.428	2.50366898379983e-06	A
Diet.5mo.as.AL	Ligilactobacillus	2D	0.505009614066281	0.224236725591137	2.25212713365737	4	31.428	2.50366898379983e-06	31.428	2.50366898379983e-06	A
Diet.5mo.as.AL	Ligilactobacillus	20	0.71426295250809	0.209424190233123	3.41060386440076	4	31.428	2.50366898379983e-06	31.428	2.50366898379983e-06	A
Diet.5mo.as.AL	Ligilactobacillus	40	1.18992427597945	0.216269601534931	5.5020412833528	4	31.428	2.50366898379983e-06	31.428	2.50366898379983e-06	A
Diet.5mo.as.AL	Limosilactobacillus	AL	0	NA	NA	4	23.028	0.00012500560490547	23.028	0.00012500560490547	A
Diet.5mo.as.AL	Limosilactobacillus	1D	0.140420045360266	0.209028702759755	0.671773988482605	4	23.028	0.00012500560490547	23.028	0.00012500560490547	A
Diet.5mo.as.AL	Limosilactobacillus	2D	0.585216946187915	0.210427938637449	2.7810800693923	4	23.028	0.00012500560490547	23.028	0.00012500560490547	A
Diet.5mo.as.AL	Limosilactobacillus	20	0.541934482361728	0.192646589966887	2.81310186936026	4	23.028	0.00012500560490547	23.028	0.00012500560490547	A
Diet.5mo.as.AL	Limosilactobacillus	40	0.816377557375967	0.203154661075195	4.0185027163802	4	23.028	0.00012500560490547	23.028	0.00012500560490547	A
Diet.5mo.as.AL	Mailhella	AL	0	NA	NA	4	22.092	0.000192143639090037	22.092	0.000192143639090037	A
Diet.5mo.as.AL	Mailhella	1D	0.429464981463559	0.178981611913622	2.39949219851043	4	22.092	0.000192143639090037	22.092	0.000192143639090037	A
Diet.5mo.as.AL	Mailhella	2D	0.220475234710129	0.179419705685944	1.22882396817688	4	22.092	0.000192143639090037	22.092	0.000192143639090037	A
Diet.5mo.as.AL	Mailhella	20	0.00976680241197445	0.162319386443372	0.0601702767979705	4	22.092	0.000192143639090037	22.092	0.000192143639090037	A
Diet.5mo.as.AL	Mailhella	40	-0.339802626253255	0.173189807637981	-1.96202438750637	4	22.092	0.000192143639090037	22.092	0.000192143639090037	A
Diet.5mo.as.AL	MarseilleP3106	AL	0	NA	NA	4	6.94	0.139093127054942	6.94	0.139093127054942	A
Diet.5mo.as.AL	MarseilleP3106	1D	0.082935077802572	0.161036051928755	0.515009383360093	4	6.94	0.139093127054942	6.94	0.139093127054942	A
Diet.5mo.as.AL	MarseilleP3106	2D	0.197052331075548	0.160509823979902	1.22766523686564	4	6.94	0.139093127054942	6.94	0.139093127054942	A
Diet.5mo.as.AL	MarseilleP3106	20	0.30894223536131	0.148416962713038	2.08158305973856	4	6.94	0.139093127054942	6.94	0.139093127054942	A
Diet.5mo.as.AL	MarseilleP3106	40	-0.0202593183133059	0.156010987319307	-0.129858278967502	4	6.94	0.139093127054942	6.94	0.139093127054942	A
Diet.5mo.as.AL	MuribaculaceaeNOV	AL	0	NA	NA	4	9.564	0.0484486717246124	9.564	0.0484486717246124	A
Diet.5mo.as.AL	MuribaculaceaeNOV	1D	0.347360464102529	0.180325804593382	1.9262937153437	4	9.564	0.0484486717246124	9.564	0.0484486717246124	A
Diet.5mo.as.AL	MuribaculaceaeNOV	2D	0.252531026301005	0.179984960047374	1.40306737982183	4	9.564	0.0484486717246124	9.564	0.0484486717246124	A
Diet.5mo.as.AL	MuribaculaceaeNOV	20	0.286169635318943	0.172527563155282	1.6586893716303	4	9.564	0.0484486717246124	9.564	0.0484486717246124	A
Diet.5mo.as.AL	MuribaculaceaeNOV	40	0.538234687512288	0.176998629969716	3.04089747815776	4	9.564	0.0484486717246124	9.564	0.0484486717246124	A
Diet.5mo.as.AL	Muribaculum	AL	0	NA	NA	4	17.132	0.00182206491063952	17.132	0.00182206491063952	A
Diet.5mo.as.AL	Muribaculum	1D	0.408847559442343	0.176228830395672	2.31998112070762	4	17.132	0.00182206491063952	17.132	0.00182206491063952	A
Diet.5mo.as.AL	Muribaculum	2D	0.605828745097375	0.176596496665042	3.43058190019746	4	17.132	0.00182206491063952	17.132	0.00182206491063952	A
Diet.5mo.as.AL	Muribaculum	20	0.382824138568358	0.168164050514263	2.27649213608761	4	17.132	0.00182206491063952	17.132	0.00182206491063952	A
Diet.5mo.as.AL	Muribaculum	40	0.63862090907471	0.172688533846066	3.69810835063303	4	17.132	0.00182206491063952	17.132	0.00182206491063952	A
Diet.5mo.as.AL	Oscillibacter	AL	0	NA	NA	4	15.928	0.00311731431584739	15.928	0.00311731431584739	A
Diet.5mo.as.AL	Oscillibacter	1D	-0.00205011430868109	0.184574823570097	-0.0111072261591653	4	15.928	0.00311731431584739	15.928	0.00311731431584739	A
Diet.5mo.as.AL	Oscillibacter	2D	-0.140222356337683	0.185100489982911	-0.75754719153163	4	15.928	0.00311731431584739	15.928	0.00311731431584739	A
Diet.5mo.as.AL	Oscillibacter	20	-0.282663661551267	0.177220673973863	-1.59498130332669	4	15.928	0.00311731431584739	15.928	0.00311731431584739	A
Diet.5mo.as.AL	Oscillibacter	40	-0.617933667926849	0.181397396902472	-3.40651893841167	4	15.928	0.00311731431584739	15.928	0.00311731431584739	A
Diet.5mo.as.AL	OscillospiraceaeNOV	AL	0	NA	NA	4	19.792	0.000548894528490829	19.792	0.000548894528490829	A
Diet.5mo.as.AL	OscillospiraceaeNOV	1D	-0.188034277812498	0.178578836266178	-1.05294827620126	4	19.792	0.000548894528490829	19.792	0.000548894528490829	A
Diet.5mo.as.AL	OscillospiraceaeNOV	2D	-0.338457158343947	0.179048889811491	-1.89030581926694	4	19.792	0.000548894528490829	19.792	0.000548894528490829	A
Diet.5mo.as.AL	OscillospiraceaeNOV	20	-0.352991054780259	0.171157675158558	-2.06237350707909	4	19.792	0.000548894528490829	19.792	0.000548894528490829	A
Diet.5mo.as.AL	OscillospiraceaeNOV	40	-0.749456301298963	0.17536717414824	-4.27364074798536	4	19.792	0.000548894528490829	19.792	0.000548894528490829	A
Diet.5mo.as.AL	Paramuribaculum	AL	0	NA	NA	4	35.476	3.70858053599932e-07	35.476	3.70858053599932e-07	A
Diet.5mo.as.AL	Paramuribaculum	1D	0.771317531977052	0.199924237650576	3.85804913421826	4	35.476	3.70858053599932e-07	35.476	3.70858053599932e-07	A
Diet.5mo.as.AL	Paramuribaculum	2D	1.00496932789477	0.200380598121408	5.01530256579968	4	35.476	3.70858053599932e-07	35.476	3.70858053599932e-07	A
Diet.5mo.as.AL	Paramuribaculum	20	0.82647146132632	0.192949122500542	4.2833647057607	4	35.476	3.70858053599932e-07	35.476	3.70858053599932e-07	A
Diet.5mo.as.AL	Paramuribaculum	40	1.00279475697488	0.196720709266253	5.09755561941188	4	35.476	3.70858053599932e-07	35.476	3.70858053599932e-07	A
Diet.5mo.as.AL	Parvibacter	AL	0	NA	NA	4	20.376	0.000420881925901395	20.376	0.000420881925901395	A
Diet.5mo.as.AL	Parvibacter	1D	0.439882859245614	0.191709006570059	2.29453413334997	4	20.376	0.000420881925901395	20.376	0.000420881925901395	A
Diet.5mo.as.AL	Parvibacter	2D	0.501027973198083	0.192062304175621	2.60867417658358	4	20.376	0.000420881925901395	20.376	0.000420881925901395	A
Diet.5mo.as.AL	Parvibacter	20	0.362995130730053	0.176685832104069	2.05446654328372	4	20.376	0.000420881925901395	20.376	0.000420881925901395	A
Diet.5mo.as.AL	Parvibacter	40	-0.170709278353962	0.186244898190795	-0.916584991117888	4	20.376	0.000420881925901395	20.376	0.000420881925901395	A
Diet.5mo.as.AL	PCoA1	AL	0	NA	NA	4	55.44	2.62748711676863e-11	55.44	2.62748711676863e-11	A
Diet.5mo.as.AL	PCoA1	1D	0.44657504006051	0.166958824146972	2.67476153082747	4	55.44	2.62748711676863e-11	55.44	2.62748711676863e-11	A
Diet.5mo.as.AL	PCoA1	2D	0.674320704552393	0.166945186164359	4.03917429454071	4	55.44	2.62748711676863e-11	55.44	2.62748711676863e-11	A
Diet.5mo.as.AL	PCoA1	20	0.698944232611367	0.158331365209009	4.414439499645	4	55.44	2.62748711676863e-11	55.44	2.62748711676863e-11	A
Diet.5mo.as.AL	PCoA1	40	1.18310479998772	0.163461684920321	7.23781111496816	4	55.44	2.62748711676863e-11	55.44	2.62748711676863e-11	A
Diet.5mo.as.AL	PCoA2	AL	0	NA	NA	4	44.92	4.13117839936916e-09	44.92	4.13117839936916e-09	A
Diet.5mo.as.AL	PCoA2	1D	0.242735989918969	0.192910305156298	1.25828420478782	4	44.92	4.13117839936916e-09	44.92	4.13117839936916e-09	A
Diet.5mo.as.AL	PCoA2	2D	0.441946015742419	0.193387991101575	2.28528158974614	4	44.92	4.13117839936916e-09	44.92	4.13117839936916e-09	A
Diet.5mo.as.AL	PCoA2	20	0.636423712096988	0.184581792218364	3.44792248708955	4	44.92	4.13117839936916e-09	44.92	4.13117839936916e-09	A
Diet.5mo.as.AL	PCoA2	40	1.18242989040452	0.189276512161058	6.24710312391205	4	44.92	4.13117839936916e-09	44.92	4.13117839936916e-09	A
Diet.5mo.as.AL	PCoA3	AL	0	NA	NA	4	5.964	0.201852954565713	5.964	0.201852954565713	A
Diet.5mo.as.AL	PCoA3	1D	0.176739355477222	0.198506509999537	0.890345387048688	4	5.964	0.201852954565713	5.964	0.201852954565713	A
Diet.5mo.as.AL	PCoA3	2D	0.227641144610222	0.198701268260732	1.14564515165306	4	5.964	0.201852954565713	5.964	0.201852954565713	A
Diet.5mo.as.AL	PCoA3	20	0.0864922391851532	0.186484617005895	0.463803613262208	4	5.964	0.201852954565713	5.964	0.201852954565713	A
Diet.5mo.as.AL	PCoA3	40	-0.199718379496555	0.193732753952076	-1.03089630133457	4	5.964	0.201852954565713	5.964	0.201852954565713	A
Diet.5mo.as.AL	Prevotella	AL	0	NA	NA	4	23.536	9.89339641388476e-05	23.536	9.89339641388476e-05	A
Diet.5mo.as.AL	Prevotella	1D	0.53387519972636	0.177822911228568	3.00228579117195	4	23.536	9.89339641388476e-05	23.536	9.89339641388476e-05	A
Diet.5mo.as.AL	Prevotella	2D	0.798638337330393	0.177550991055593	4.49807873547905	4	23.536	9.89339641388476e-05	23.536	9.89339641388476e-05	A
Diet.5mo.as.AL	Prevotella	20	0.341626663667466	0.170014485051908	2.00939739671688	4	23.536	9.89339641388476e-05	23.536	9.89339641388476e-05	A
Diet.5mo.as.AL	Prevotella	40	0.220606091467555	0.174553661623405	1.26382964078696	4	23.536	9.89339641388476e-05	23.536	9.89339641388476e-05	A
Diet.5mo.as.AL	Romboutsia	AL	0	NA	NA	4	52.88	9.02896646337581e-11	52.88	9.02896646337581e-11	A
Diet.5mo.as.AL	Romboutsia	1D	-0.0367305493601771	0.208293883925223	-0.176340028175591	4	52.88	9.02896646337581e-11	52.88	9.02896646337581e-11	A
Diet.5mo.as.AL	Romboutsia	2D	0.0997752541437038	0.208845533870294	0.477746649854962	4	52.88	9.02896646337581e-11	52.88	9.02896646337581e-11	A
Diet.5mo.as.AL	Romboutsia	20	0.113336680441331	0.202304648365873	0.560227762223032	4	52.88	9.02896646337581e-11	52.88	9.02896646337581e-11	A
Diet.5mo.as.AL	Romboutsia	40	1.21308212980983	0.205348707263583	5.90742520844184	4	52.88	9.02896646337581e-11	52.88	9.02896646337581e-11	A
Diet.5mo.as.AL	Roseburia	AL	0	NA	NA	4	12.62	0.0132898229786271	12.62	0.0132898229786271	A
Diet.5mo.as.AL	Roseburia	1D	-0.547908613513051	0.203184367052262	-2.69660811735639	4	12.62	0.0132898229786271	12.62	0.0132898229786271	A
Diet.5mo.as.AL	Roseburia	2D	-0.261010542562746	0.203641623751177	-1.28171509220368	4	12.62	0.0132898229786271	12.62	0.0132898229786271	A
Diet.5mo.as.AL	Roseburia	20	-0.0980821082688456	0.195292297865827	-0.502232342702177	4	12.62	0.0132898229786271	12.62	0.0132898229786271	A
Diet.5mo.as.AL	Roseburia	40	0.106673754375815	0.199486841413293	0.534740806060541	4	12.62	0.0132898229786271	12.62	0.0132898229786271	A
Diet.5mo.as.AL	RuminiclostridiumE	AL	0	NA	NA	4	26.224	2.8518016836121e-05	26.224	2.8518016836121e-05	A
Diet.5mo.as.AL	RuminiclostridiumE	1D	-0.0303250374042301	0.220603339152818	-0.137464090619332	4	26.224	2.8518016836121e-05	26.224	2.8518016836121e-05	A
Diet.5mo.as.AL	RuminiclostridiumE	2D	-0.847557896991999	0.221467252325492	-3.82701229230196	4	26.224	2.8518016836121e-05	26.224	2.8518016836121e-05	A
Diet.5mo.as.AL	RuminiclostridiumE	20	-0.322945379971083	0.210724941689057	-1.53254464033791	4	26.224	2.8518016836121e-05	26.224	2.8518016836121e-05	A
Diet.5mo.as.AL	RuminiclostridiumE	40	-0.749964376896264	0.216385641026856	-3.46586942339296	4	26.224	2.8518016836121e-05	26.224	2.8518016836121e-05	A
Diet.5mo.as.AL	Schaedlerella	AL	0	NA	NA	4	84.84	0	84.84	0	A
Diet.5mo.as.AL	Schaedlerella	1D	-0.0605000515277073	0.153925651136733	-0.393047234693618	4	84.84	0	84.84	0	A
Diet.5mo.as.AL	Schaedlerella	2D	-0.532277728901352	0.153730099401897	-3.46241712567828	4	84.84	0	84.84	0	A
Diet.5mo.as.AL	Schaedlerella	20	-0.466640844027739	0.134303009995928	-3.47453749578573	4	84.84	0	84.84	0	A
Diet.5mo.as.AL	Schaedlerella	40	-1.15398548835114	0.147487912771751	-7.8242716075115	4	84.84	0	84.84	0	A
Diet.5mo.as.AL	Shannon	AL	0	NA	NA	4	16.704	0.00220636309847821	16.704	0.00220636309847821	A
Diet.5mo.as.AL	Shannon	1D	0.131422419855602	0.189751299819685	0.692603528832155	4	16.704	0.00220636309847821	16.704	0.00220636309847821	A
Diet.5mo.as.AL	Shannon	2D	-0.109687089349511	0.189971908779473	-0.577385835907136	4	16.704	0.00220636309847821	16.704	0.00220636309847821	A
Diet.5mo.as.AL	Shannon	20	0.484469016407118	0.181582867323592	2.66803263737302	4	16.704	0.00220636309847821	16.704	0.00220636309847821	A
Diet.5mo.as.AL	Shannon	40	0.456553523227854	0.186073008829819	2.45362573593581	4	16.704	0.00220636309847821	16.704	0.00220636309847821	A
Diet.5mo.as.AL	Simpson	AL	0	NA	NA	4	21.732	0.000226600312075331	21.732	0.000226600312075331	A
Diet.5mo.as.AL	Simpson	1D	0.203967979754362	0.17550009717548	1.16221006732787	4	21.732	0.000226600312075331	21.732	0.000226600312075331	A
Diet.5mo.as.AL	Simpson	2D	0.141963468609518	0.175479068776886	0.809005140037633	4	21.732	0.000226600312075331	21.732	0.000226600312075331	A
Diet.5mo.as.AL	Simpson	20	0.600015024311581	0.166913357113145	3.59476937429789	4	21.732	0.000226600312075331	21.732	0.000226600312075331	A
Diet.5mo.as.AL	Simpson	40	0.615989660803304	0.171620657655709	3.58925125458412	4	21.732	0.000226600312075331	21.732	0.000226600312075331	A
Diet.5mo.as.AL	Staphylococcus	AL	0	NA	NA	4	17.516	0.00153394483441072	17.516	0.00153394483441072	A
Diet.5mo.as.AL	Staphylococcus	1D	-0.0614176307706488	0.198013463610534	-0.3101689635178	4	17.516	0.00153394483441072	17.516	0.00153394483441072	A
Diet.5mo.as.AL	Staphylococcus	2D	-0.181001259451665	0.198174833257151	-0.913341298068854	4	17.516	0.00153394483441072	17.516	0.00153394483441072	A
Diet.5mo.as.AL	Staphylococcus	20	0.312732937940624	0.191687820739144	1.63147004715653	4	17.516	0.00153394483441072	17.516	0.00153394483441072	A
Diet.5mo.as.AL	Staphylococcus	40	0.520606940108632	0.194930682864408	2.67072855057283	4	17.516	0.00153394483441072	17.516	0.00153394483441072	A
Diet.5mo.as.AL	TF0111	AL	0	NA	NA	4	37.148	1.67916694771009e-07	37.148	1.67916694771009e-07	A
Diet.5mo.as.AL	TF0111	1D	-0.246516639515868	0.174715903258984	-1.41095707326912	4	37.148	1.67916694771009e-07	37.148	1.67916694771009e-07	A
Diet.5mo.as.AL	TF0111	2D	-0.426926456790306	0.174791649859449	-2.44248771113266	4	37.148	1.67916694771009e-07	37.148	1.67916694771009e-07	A
Diet.5mo.as.AL	TF0111	20	-0.377733550035922	0.1604082570925	-2.3548260973754	4	37.148	1.67916694771009e-07	37.148	1.67916694771009e-07	A
Diet.5mo.as.AL	TF0111	40	-0.982221765145797	0.169788090924555	-5.78498621309221	4	37.148	1.67916694771009e-07	37.148	1.67916694771009e-07	A
Diet.5mo.as.AL	Turicibacter	AL	0	NA	NA	4	18.996	0.00078736767181864	18.996	0.00078736767181864	A
Diet.5mo.as.AL	Turicibacter	1D	-0.170184718647108	0.211221226196714	-0.805717880307219	4	18.996	0.00078736767181864	18.996	0.00078736767181864	A
Diet.5mo.as.AL	Turicibacter	2D	-0.148136021831001	0.212121097229221	-0.69835590974208	4	18.996	0.00078736767181864	18.996	0.00078736767181864	A
Diet.5mo.as.AL	Turicibacter	20	-0.31481005661781	0.204749441655171	-1.53753804685826	4	18.996	0.00078736767181864	18.996	0.00078736767181864	A
Diet.5mo.as.AL	Turicibacter	40	0.508321329870508	0.208234314594623	2.44110261490799	4	18.996	0.00078736767181864	18.996	0.00078736767181864	A
Diet.5mo.as.AL	UBA11940	AL	0	NA	NA	4	18.256	0.00109972389569502	18.256	0.00109972389569502	A
Diet.5mo.as.AL	UBA11940	1D	-0.279899504935889	0.169719656791828	-1.64918731410826	4	18.256	0.00109972389569502	18.256	0.00109972389569502	A
Diet.5mo.as.AL	UBA11940	2D	-0.713541487584796	0.169422427734769	-4.2116117513193	4	18.256	0.00109972389569502	18.256	0.00109972389569502	A
Diet.5mo.as.AL	UBA11940	20	-0.261357509292748	0.161098777488027	-1.62234321928466	4	18.256	0.00109972389569502	18.256	0.00109972389569502	A
Diet.5mo.as.AL	UBA11940	40	-0.354389269209243	0.165911828642865	-2.13600966313311	4	18.256	0.00109972389569502	18.256	0.00109972389569502	A
Diet.5mo.as.AL	UBA11957	AL	0	NA	NA	4	75.32	1.66533453693773e-15	75.32	1.66533453693773e-15	A
Diet.5mo.as.AL	UBA11957	1D	-0.50195820751147	0.163699326195271	-3.06634253895891	4	75.32	1.66533453693773e-15	75.32	1.66533453693773e-15	A
Diet.5mo.as.AL	UBA11957	2D	-1.13254645057085	0.164101992786301	-6.90147896037856	4	75.32	1.66533453693773e-15	75.32	1.66533453693773e-15	A
Diet.5mo.as.AL	UBA11957	20	-0.74721166117334	0.156742216873224	-4.76713725299483	4	75.32	1.66533453693773e-15	75.32	1.66533453693773e-15	A
Diet.5mo.as.AL	UBA11957	40	-1.22507536903518	0.16063237145825	-7.62657836595279	4	75.32	1.66533453693773e-15	75.32	1.66533453693773e-15	A
Diet.5mo.as.AL	UBA1394	AL	0	NA	NA	4	16.8	0.00211375284728121	16.8	0.00211375284728121	A
Diet.5mo.as.AL	UBA1394	1D	0.230298667654035	0.180793114177689	1.27382433065283	4	16.8	0.00211375284728121	16.8	0.00211375284728121	A
Diet.5mo.as.AL	UBA1394	2D	-0.0813994128416288	0.180660362120129	-0.450565978537687	4	16.8	0.00211375284728121	16.8	0.00211375284728121	A
Diet.5mo.as.AL	UBA1394	20	0.384737169084575	0.172224186319863	2.23393227923297	4	16.8	0.00211375284728121	16.8	0.00211375284728121	A
Diet.5mo.as.AL	UBA1394	40	0.536602682143033	0.176913672807482	3.03313290390485	4	16.8	0.00211375284728121	16.8	0.00211375284728121	A
Diet.5mo.as.AL	UBA1405	AL	0	NA	NA	4	15.48	0.0038025255661881	15.48	0.0038025255661881	A
Diet.5mo.as.AL	UBA1405	1D	-0.442477230233662	0.214593236721328	-2.06193464898554	4	15.48	0.0038025255661881	15.48	0.0038025255661881	A
Diet.5mo.as.AL	UBA1405	2D	-0.77129262601192	0.214999919804909	-3.58740890095118	4	15.48	0.0038025255661881	15.48	0.0038025255661881	A
Diet.5mo.as.AL	UBA1405	20	-0.610818251116153	0.208022466443681	-2.93630905141451	4	15.48	0.0038025255661881	15.48	0.0038025255661881	A
Diet.5mo.as.AL	UBA1405	40	-0.613256041423497	0.211483951622934	-2.899775783067	4	15.48	0.0038025255661881	15.48	0.0038025255661881	A
Diet.5mo.as.AL	UBA2882	AL	0	NA	NA	4	30.468	3.92991723674463e-06	30.468	3.92991723674463e-06	A
Diet.5mo.as.AL	UBA2882	1D	0.0226855602939782	0.173697336893787	0.13060396146344	4	30.468	3.92991723674463e-06	30.468	3.92991723674463e-06	A
Diet.5mo.as.AL	UBA2882	2D	-0.666731198595507	0.173833469346649	-3.83545931115228	4	30.468	3.92991723674463e-06	30.468	3.92991723674463e-06	A
Diet.5mo.as.AL	UBA2882	20	-0.123515320983969	0.166120828241466	-0.743526999542963	4	30.468	3.92991723674463e-06	30.468	3.92991723674463e-06	A
Diet.5mo.as.AL	UBA2882	40	0.245956348852022	0.170488090504175	1.44266000120401	4	30.468	3.92991723674463e-06	30.468	3.92991723674463e-06	A
Diet.5mo.as.AL	UBA3282	AL	0	NA	NA	4	6.336	0.175421488429221	6.336	0.175421488429221	A
Diet.5mo.as.AL	UBA3282	1D	0.225554335350402	0.162810378076282	1.38538057595273	4	6.336	0.175421488429221	6.336	0.175421488429221	A
Diet.5mo.as.AL	UBA3282	2D	0.0293777046868999	0.162565337318863	0.180713214584467	4	6.336	0.175421488429221	6.336	0.175421488429221	A
Diet.5mo.as.AL	UBA3282	20	0.093785249195332	0.151308062374836	0.619829820852491	4	6.336	0.175421488429221	6.336	0.175421488429221	A
Diet.5mo.as.AL	UBA3282	40	-0.161733422752095	0.15856994443303	-1.01995004999451	4	6.336	0.175421488429221	6.336	0.175421488429221	A
Diet.5mo.as.AL	UBA3700	AL	0	NA	NA	4	5.72	0.221057414624704	5.72	0.221057414624704	A
Diet.5mo.as.AL	UBA3700	1D	0.0799842651685307	0.192296193204166	0.415943050331783	4	5.72	0.221057414624704	5.72	0.221057414624704	A
Diet.5mo.as.AL	UBA3700	2D	0.049826239723464	0.192168144758353	0.259284595717565	4	5.72	0.221057414624704	5.72	0.221057414624704	A
Diet.5mo.as.AL	UBA3700	20	0.215511599922171	0.178395879853955	1.20805256320158	4	5.72	0.221057414624704	5.72	0.221057414624704	A
Diet.5mo.as.AL	UBA3700	40	0.38903556428962	0.186913421585024	2.08136773159788	4	5.72	0.221057414624704	5.72	0.221057414624704	A
Diet.5mo.as.AL	UBA3700NOV	AL	0	NA	NA	4	47.44	1.23476229241248e-09	47.44	1.23476229241248e-09	A
Diet.5mo.as.AL	UBA3700NOV	1D	0.33514705971643	0.175180633215778	1.91315132023535	4	47.44	1.23476229241248e-09	47.44	1.23476229241248e-09	A
Diet.5mo.as.AL	UBA3700NOV	2D	0.5128705125384	0.174874052929958	2.9327993715787	4	47.44	1.23476229241248e-09	47.44	1.23476229241248e-09	A
Diet.5mo.as.AL	UBA3700NOV	20	0.77919280614414	0.16696645364292	4.66676262892033	4	47.44	1.23476229241248e-09	47.44	1.23476229241248e-09	A
Diet.5mo.as.AL	UBA3700NOV	40	1.08987585562806	0.171402372591508	6.35858091781201	4	47.44	1.23476229241248e-09	47.44	1.23476229241248e-09	A
Diet.5mo.as.AL	UBA3818	AL	0	NA	NA	4	18.112	0.00117342256793818	18.112	0.00117342256793818	A
Diet.5mo.as.AL	UBA3818	1D	-0.343272714856874	0.175516201344485	-1.95578933584105	4	18.112	0.00117342256793818	18.112	0.00117342256793818	A
Diet.5mo.as.AL	UBA3818	2D	-0.557785663771979	0.175214874253546	-3.1834378567931	4	18.112	0.00117342256793818	18.112	0.00117342256793818	A
Diet.5mo.as.AL	UBA3818	20	-0.61285878263995	0.166682407102808	-3.67680544871149	4	18.112	0.00117342256793818	18.112	0.00117342256793818	A
Diet.5mo.as.AL	UBA3818	40	-0.578281821055592	0.171494084821869	-3.37202196598356	4	18.112	0.00117342256793818	18.112	0.00117342256793818	A
Diet.5mo.as.AL	UBA7160	AL	0	NA	NA	4	7.156	0.127870431905878	7.156	0.127870431905878	A
Diet.5mo.as.AL	UBA7160	1D	0.12306478377511	0.178887420293854	0.68794543279206	4	7.156	0.127870431905878	7.156	0.127870431905878	A
Diet.5mo.as.AL	UBA7160	2D	0.311169989947956	0.17836638711097	1.74455509800937	4	7.156	0.127870431905878	7.156	0.127870431905878	A
Diet.5mo.as.AL	UBA7160	20	0.242360551598497	0.170194857353976	1.42401806591858	4	7.156	0.127870431905878	7.156	0.127870431905878	A
Diet.5mo.as.AL	UBA7160	40	-0.0896012975742932	0.17490307064689	-0.512291163573612	4	7.156	0.127870431905878	7.156	0.127870431905878	A
Diet.5mo.as.AL	UBA7173	AL	0	NA	NA	4	15.316	0.00408874888839772	15.316	0.00408874888839772	A
Diet.5mo.as.AL	UBA7173	1D	0.518407611826954	0.18580286727541	2.790094789326	4	15.316	0.00408874888839772	15.316	0.00408874888839772	A
Diet.5mo.as.AL	UBA7173	2D	0.600204504259054	0.186275437730498	3.22213444548404	4	15.316	0.00408874888839772	15.316	0.00408874888839772	A
Diet.5mo.as.AL	UBA7173	20	0.49982357579286	0.178018726243558	2.80770223638733	4	15.316	0.00408874888839772	15.316	0.00408874888839772	A
Diet.5mo.as.AL	UBA7173	40	0.608343666516421	0.182374315723594	3.33568717778453	4	15.316	0.00408874888839772	15.316	0.00408874888839772	A
Diet.5mo.as.AL	UBA7182	AL	0	NA	NA	4	131.72	0	131.72	0	A
Diet.5mo.as.AL	UBA7182	1D	-0.545226227643134	0.154129782083133	-3.53744889711876	4	131.72	0	131.72	0	A
Diet.5mo.as.AL	UBA7182	2D	-0.679048575388478	0.153985179272911	-4.40983072913132	4	131.72	0	131.72	0	A
Diet.5mo.as.AL	UBA7182	20	-0.570759062927417	0.139241259690972	-4.09906563754266	4	131.72	0	131.72	0	A
Diet.5mo.as.AL	UBA7182	40	-1.65105959988336	0.14899114088893	-11.0815957917537	4	131.72	0	131.72	0	A
Diet.5mo.as.AL	UBA946	AL	0	NA	NA	4	17.872	0.00130724230043411	17.872	0.00130724230043411	A
Diet.5mo.as.AL	UBA946	1D	-0.0346998335276676	0.196459903478539	-0.176625524665689	4	17.872	0.00130724230043411	17.872	0.00130724230043411	A
Diet.5mo.as.AL	UBA946	2D	-0.311472425336532	0.196588130025885	-1.58439080373531	4	17.872	0.00130724230043411	17.872	0.00130724230043411	A
Diet.5mo.as.AL	UBA946	20	0.173106797331755	0.18905804313503	0.915627785315208	4	17.872	0.00130724230043411	17.872	0.00130724230043411	A
Diet.5mo.as.AL	UBA946	40	0.480678290789857	0.193275513182815	2.48701081101357	4	17.872	0.00130724230043411	17.872	0.00130724230043411	A
Diet.5mo.as.AL	UBA9475	AL	0	NA	NA	4	4.624	0.328096415703627	4.624	0.328096415703627	A
Diet.5mo.as.AL	UBA9475	1D	-0.031293376371783	0.202635099807911	-0.154432161069073	4	4.624	0.328096415703627	4.624	0.328096415703627	A
Diet.5mo.as.AL	UBA9475	2D	0.0495056470541298	0.203051028811732	0.24380889544781	4	4.624	0.328096415703627	4.624	0.328096415703627	A
Diet.5mo.as.AL	UBA9475	20	-0.112016249088857	0.194578543834729	-0.575686542211976	4	4.624	0.328096415703627	4.624	0.328096415703627	A
Diet.5mo.as.AL	UBA9475	40	-0.337551095950037	0.198910996240351	-1.69699565298121	4	4.624	0.328096415703627	4.624	0.328096415703627	A
Diet.5mo.as.AL	UBA9502	AL	0	NA	NA	4	82.52	0	82.52	0	A
Diet.5mo.as.AL	UBA9502	1D	-0.251775830957459	0.161529983598306	-1.55869409102138	4	82.52	0	82.52	0	A
Diet.5mo.as.AL	UBA9502	2D	-0.201693174269339	0.161459185853007	-1.24918983830973	4	82.52	0	82.52	0	A
Diet.5mo.as.AL	UBA9502	20	-0.477294701549088	0.143563617407078	-3.32462158706762	4	82.52	0	82.52	0	A
Diet.5mo.as.AL	UBA9502	40	-1.26228566076538	0.155459965391362	-8.11968314535287	4	82.52	0	82.52	0	A
Diet.5mo.as.AL	UMGS1004	AL	0	NA	NA	4	51.72	1.5785217577502e-10	51.72	1.5785217577502e-10	A
Diet.5mo.as.AL	UMGS1004	1D	-0.155515452235539	0.172835347007971	-0.899789625951727	4	51.72	1.5785217577502e-10	51.72	1.5785217577502e-10	A
Diet.5mo.as.AL	UMGS1004	2D	-0.0596205693667855	0.172798427907498	-0.345029582090303	4	51.72	1.5785217577502e-10	51.72	1.5785217577502e-10	A
Diet.5mo.as.AL	UMGS1004	20	0.48992154114455	0.16463018032769	2.9758914202085	4	51.72	1.5785217577502e-10	51.72	1.5785217577502e-10	A
Diet.5mo.as.AL	UMGS1004	40	0.859350469815294	0.169067806182292	5.08287467153104	4	51.72	1.5785217577502e-10	51.72	1.5785217577502e-10	A
Diet.5mo.as.AL	UMGS1217	AL	0	NA	NA	4	0.6132	0.961585632481815	0.6132	0.961585632481815	A
Diet.5mo.as.AL	UMGS1217	1D	-0.093805183095224	0.212446427766011	-0.4415474719045	4	0.6132	0.961585632481815	0.6132	0.961585632481815	A
Diet.5mo.as.AL	UMGS1217	2D	-0.163360108367368	0.212647421148071	-0.768220500796093	4	0.6132	0.961585632481815	0.6132	0.961585632481815	A
Diet.5mo.as.AL	UMGS1217	20	-0.0633352320119693	0.204453255435182	-0.30977854511125	4	0.6132	0.961585632481815	0.6132	0.961585632481815	A
Diet.5mo.as.AL	UMGS1217	40	-0.072719212001041	0.208771582548945	-0.348319494028803	4	0.6132	0.961585632481815	0.6132	0.961585632481815	A
Diet.5mo.as.AL	UMGS1370	AL	0	NA	NA	4	98	0	98	0	A
Diet.5mo.as.AL	UMGS1370	1D	-0.483685414562642	0.158319876170094	-3.05511491205935	4	98	0	98	0	A
Diet.5mo.as.AL	UMGS1370	2D	-0.686496119572586	0.158149989411934	-4.34079143555594	4	98	0	98	0	A
Diet.5mo.as.AL	UMGS1370	20	-0.674233102695975	0.143670277167701	-4.69291989956257	4	98	0	98	0	A
Diet.5mo.as.AL	UMGS1370	40	-1.47184037052787	0.153266919431968	-9.60311837663826	4	98	0	98	0	A
Diet.5mo.as.AL	UMGS1815	AL	0	NA	NA	4	120.12	0	120.12	0	A
Diet.5mo.as.AL	UMGS1815	1D	0.486524773417447	0.160291465017863	3.03525065020292	4	120.12	0	120.12	0	A
Diet.5mo.as.AL	UMGS1815	2D	0.760168261005151	0.16025925843301	4.74336564662759	4	120.12	0	120.12	0	A
Diet.5mo.as.AL	UMGS1815	20	1.13055701066383	0.148188785924121	7.62916710339153	4	120.12	0	120.12	0	A
Diet.5mo.as.AL	UMGS1815	40	1.54878691254649	0.155809737412853	9.9402446744559	4	120.12	0	120.12	0	A
Diet.5mo.as.AL	UMGS1872	AL	0	NA	NA	4	52.72	9.75244329737279e-11	52.72	9.75244329737279e-11	A
Diet.5mo.as.AL	UMGS1872	1D	0.149652316696938	0.151479796554075	0.987935817853543	4	52.72	9.75244329737279e-11	52.72	9.75244329737279e-11	A
Diet.5mo.as.AL	UMGS1872	2D	0.227739920750596	0.151083060326121	1.5073822323893	4	52.72	9.75244329737279e-11	52.72	9.75244329737279e-11	A
Diet.5mo.as.AL	UMGS1872	20	-0.0760981544259466	0.138208927419018	-0.550602308020482	4	52.72	9.75244329737279e-11	52.72	9.75244329737279e-11	A
Diet.5mo.as.AL	UMGS1872	40	-0.720889698419337	0.146941917278997	-4.90594999553864	4	52.72	9.75244329737279e-11	52.72	9.75244329737279e-11	A
Diet.5mo.as.AL	UMGS268	AL	0	NA	NA	4	8.16	0.0858899255157428	8.16	0.0858899255157428	A
Diet.5mo.as.AL	UMGS268	1D	-0.19497592618382	0.17549855403203	-1.11098309190761	4	8.16	0.0858899255157428	8.16	0.0858899255157428	A
Diet.5mo.as.AL	UMGS268	2D	-0.307210778253708	0.175394113150001	-1.75154554925669	4	8.16	0.0858899255157428	8.16	0.0858899255157428	A
Diet.5mo.as.AL	UMGS268	20	0.126259053896715	0.163436371383476	0.772527270569838	4	8.16	0.0858899255157428	8.16	0.0858899255157428	A
Diet.5mo.as.AL	UMGS268	40	0.0164793288673465	0.17097137835752	0.0963864772317996	4	8.16	0.0858899255157428	8.16	0.0858899255157428	A
Diet.5mo.as.AL	uniq	AL	0	NA	NA	4	9.904	0.0420762133105408	9.904	0.0420762133105408	A
Diet.5mo.as.AL	uniq	1D	0.151950954271104	0.181805071789383	0.835790513298416	4	9.904	0.0420762133105408	9.904	0.0420762133105408	A
Diet.5mo.as.AL	uniq	2D	0.355701544466743	0.181677246264203	1.95787613353334	4	9.904	0.0420762133105408	9.904	0.0420762133105408	A
Diet.5mo.as.AL	uniq	20	0.403628330340416	0.173163271576716	2.33091189988055	4	9.904	0.0420762133105408	9.904	0.0420762133105408	A
Diet.5mo.as.AL	uniq	40	0.481722387959956	0.17783783848005	2.70877329637582	4	9.904	0.0420762133105408	9.904	0.0420762133105408	A
Diet.5mo.as.AL	X142	AL	0	NA	NA	4	59	4.70556926757126e-12	59	4.70556926757126e-12	A
Diet.5mo.as.AL	X142	1D	-0.112604030879859	0.151541971807782	-0.743055072707431	4	59	4.70556926757126e-12	59	4.70556926757126e-12	A
Diet.5mo.as.AL	X142	2D	0.100003313837959	0.150821433613875	0.663057706333584	4	59	4.70556926757126e-12	59	4.70556926757126e-12	A
Diet.5mo.as.AL	X142	20	-0.340877075659154	0.139981514939259	-2.43515778356212	4	59	4.70556926757126e-12	59	4.70556926757126e-12	A
Diet.5mo.as.AL	X142	40	-0.906970775996349	0.147137976659411	-6.16408351255074	4	59	4.70556926757126e-12	59	4.70556926757126e-12	A
Diet.5mo.as.AL	X1XD4269	AL	0	NA	NA	4	1.564	0.815247385792013	1.564	0.815247385792013	A
Diet.5mo.as.AL	X1XD4269	1D	-0.127048384237358	0.205097130470873	-0.619454713704057	4	1.564	0.815247385792013	1.564	0.815247385792013	A
Diet.5mo.as.AL	X1XD4269	2D	-0.175548730419048	0.205623668110747	-0.853737957463627	4	1.564	0.815247385792013	1.564	0.815247385792013	A
Diet.5mo.as.AL	X1XD4269	20	0.0120861225513852	0.197155881628395	0.0613023687224581	4	1.564	0.815247385792013	1.564	0.815247385792013	A
Diet.5mo.as.AL	X1XD4269	40	0.0192002868616995	0.201377427990029	0.0953447814551005	4	1.564	0.815247385792013	1.564	0.815247385792013	A
Diet.5mo.as.AL	X1XD876	AL	0	NA	NA	4	7.956	0.0932033330067903	7.956	0.0932033330067903	A
Diet.5mo.as.AL	X1XD876	1D	-0.13312594308338	0.192872976186831	-0.690226001150234	4	7.956	0.0932033330067903	7.956	0.0932033330067903	A
Diet.5mo.as.AL	X1XD876	2D	-0.24938130073797	0.193181597435731	-1.29091644363763	4	7.956	0.0932033330067903	7.956	0.0932033330067903	A
Diet.5mo.as.AL	X1XD876	20	-0.302751435657352	0.184570835067723	-1.64029943054799	4	7.956	0.0932033330067903	7.956	0.0932033330067903	A
Diet.5mo.as.AL	X1XD876	40	-0.503656681377519	0.189052186433771	-2.66411455417873	4	7.956	0.0932033330067903	7.956	0.0932033330067903	A
