fixef	feature	fixef.value	solution	std.error	z.ratio	Df	Wald(inc)	Pr(chisq)(inc)	Wald(con)	Pr(chisq)(con)	Margin
(Intercept)	Acetatifactor	NA	0.12318216317168	0.239416377227007	0.514510179288543	1	0.01699	0.896292929660024	0.001504	0.969064643345457	 
(Intercept)	Acutalibacter	NA	0.261981526548478	0.170188067034328	1.53936483981356	1	0.3861	0.534356564420694	0.005855	0.9390070165061	 
(Intercept)	Adlercreutzia	NA	-0.176667331214904	0.327061810370728	-0.540164964581619	1	0.0004186	0.983676646905703	0.02417	0.876453137581929	 
(Intercept)	AF3328	NA	0.252363698448165	0.152919741287994	1.65030163092474	1	0.1267	0.721878433580273	1.237e-05	0.997193765135794	 
(Intercept)	Akkermansia	NA	-0.13770641358151	0.202168916668781	-0.68114533060054	1	0.1125	0.737315677216418	0.02603	0.871827074165962	 
(Intercept)	Alistipes	NA	-0.0461606318589802	0.35371159313105	-0.130503587542514	1	4.349e-05	0.994738232945006	0.002739	0.958261401869146	 
(Intercept)	AM0715	NA	0.302649455720863	0.128535341003171	2.35460110315805	1	0.06031	0.806006642128182	0.0007209	0.978579707533281	 
(Intercept)	Anaerotignum	NA	-0.077029475643311	0.282153845457894	-0.27300523059788	1	0.008373	0.927092049952479	0.003448	0.95317538956681	 
(Intercept)	Anaerotruncus	NA	0.417689903996944	0.246732773361302	1.69288375559781	1	0.0007898	0.977579697827146	0.00216	0.962931021918025	 
(Intercept)	AnaerovoracaceaeNOV	NA	0.0364507689190931	0.204667555175681	0.17809744630899	1	0.1633	0.686136282622947	0.0002371	0.987714617661807	 
(Intercept)	Angelakisella	NA	0.368412002792977	0.206732530618481	1.78207078339727	1	0.02481	0.874841426716479	0.001202	0.972342985420948	 
(Intercept)	ASF356	NA	0.500176940230496	0.226564168028785	2.20766127575367	1	0.3234	0.569571498189439	0.01029	0.919201472780879	 
(Intercept)	Bacteroides	NA	-0.600244951228245	0.269098147479482	-2.23058002015421	1	0.0003349	0.985399309504112	5.958e-05	0.993841343266411	 
(Intercept)	Bifidobacterium	NA	-0.419145373667532	0.32206416776302	-1.30143435880748	1	0.003773	0.951020941355517	0.01615	0.898874983195439	 
(Intercept)	BorkfalkiaceaeNOV	NA	0.216071389259901	0.164555950653994	1.31305728174016	1	0.2737	0.600860510950343	0.0002691	0.986911875046096	 
(Intercept)	ButyricicoccaceaeNOV	NA	0.0996086286920779	0.291989748906811	0.341137416861399	1	0.0001343	0.990753692191645	0.001254	0.971751325802664	 
(Intercept)	CAG115	NA	0.0819537611161557	0.217159894234574	0.377389026666361	1	0.6639	0.415186463683324	0.0108	0.917230416119373	 
(Intercept)	CAG145	NA	0.169162134188707	0.136600619515709	1.23837018300824	1	0.02545	0.873250882166886	0.07425	0.785246408028726	 
(Intercept)	CAG273	NA	-0.0486269167646302	0.154372111093538	-0.31499806811067	1	0.1489	0.699588781676325	0.01213	0.912301296503013	 
(Intercept)	CAG274NOV	NA	0.399834144343308	0.261108260030252	1.53129642201661	1	0.006653	0.934991899474922	0.0001161	0.991402983350478	 
(Intercept)	CAG303	NA	0.373779255885154	0.157918237127004	2.36691634028657	1	0.0001438	0.990432265925914	0.008171	0.927974455172951	 
(Intercept)	CAG41	NA	0.136916913888112	0.189739006772392	0.72160657008369	1	0.03116	0.859883903229095	0.001913	0.965113363785001	 
(Intercept)	CAG475	NA	0.248306293126581	0.27925001796163	0.889189891334936	1	0.000453	0.983019269309516	0.006367	0.936401507258265	 
(Intercept)	CAG485	NA	-0.57544888625011	0.261020405151062	-2.20461264672805	1	0.002151	0.963008274096957	0.002107	0.963388304559606	 
(Intercept)	CAG510	NA	-0.199756412247346	0.228524747242128	-0.874112824357263	1	0.5928	0.441338414071996	0.008424	0.926870966534192	 
(Intercept)	CAG552NOV	NA	0.0795886600445247	0.273593577842006	0.290901053571094	1	0.01842	0.892042398643363	0.00274	0.95825379020635	 
(Intercept)	CAG56	NA	-0.170478525772571	0.200715546999904	-0.849353865810169	1	0.01479	0.903204611415715	0.005179	0.942629547161862	 
(Intercept)	CAG582	NA	0.0775673746016416	0.262248839440433	0.295777761179607	1	0.1499	0.698630940192202	0.001307	0.971160796624866	 
(Intercept)	CAG776	NA	-0.05239379594607	0.180284483425752	-0.290617334062738	1	0.0157	0.900286336494792	0.0001365	0.990678270269534	 
(Intercept)	CAG81	NA	0.174071000855009	0.179324313530508	0.970704961462996	1	0.02711	0.869218571582691	0.000258	0.987184627324903	 
(Intercept)	CAG873	NA	-0.580342043572943	0.309777377087543	-1.87341648066488	1	0.0007644	0.977943069519142	0.001888	0.965341926718113	 
(Intercept)	CAG95	NA	0.316704363401165	0.206415901210104	1.53430216153164	1	0.005167	0.94269593627135	0.0001709	0.98956965381844	 
(Intercept)	Chao1	NA	-0.294911582561675	0.324708798697756	-0.908234035370822	1	0.5908	0.442109930322606	0.02753	0.868218595039042	 
(Intercept)	Clostridium	NA	-0.216089197529185	0.200552975370216	-1.07746692428915	1	0.02639	0.870951505456375	0.1536	0.695118537566643	 
(Intercept)	ClostridiumQ	NA	0.17531579486457	0.145691745765846	1.20333375060476	1	0.0005305	0.981624280278615	0.004749	0.945058879678808	 
(Intercept)	COE1	NA	0.590907527230402	0.308999167923378	1.91232724412038	1	0.0144	0.904483147958832	0.0001375	0.990644188608228	 
(Intercept)	D1663	NA	-0.0888590044499027	0.293610103876846	-0.30264286983521	1	0.02494	0.874516660599544	0.01476	0.903302348478142	 
(Intercept)	Desulfovibrio	NA	0.179554108888956	0.315096652648151	0.569838198470019	1	0.009907	0.920714362250224	0.001651	0.96758887484203	 
(Intercept)	Dorea	NA	0.215405478145974	0.207946949144593	1.03586746058099	1	0.05346	0.817148409415667	0.001884	0.96537863717033	 
(Intercept)	Dubosiella	NA	-0.424198488394946	0.226759195158192	-1.870700273473	1	0.02349	0.878189712676348	0.007297	0.931925522439648	 
(Intercept)	Duncaniella	NA	-0.437188826998455	0.327692079810483	-1.33414523552507	1	2.45e-06	0.998751113628655	0.0004429	0.983209607659402	 
(Intercept)	Emergencia	NA	0.0969503334788143	0.123684670786964	0.783850843131583	1	0.08794	0.766812537940671	0.003714	0.951404925814695	 
(Intercept)	EnterococcusD	NA	-0.281258061641026	0.178424738706742	-1.57634005059859	1	0.2964	0.586148149281241	0.008535	0.926392106093152	 
(Intercept)	ErysipelatoclostridiaceaeNOV	NA	-0.116934505158962	0.351746693188017	-0.33243952942141	1	0.001663	0.967471365888889	0.0009328	0.975634977538897	 
(Intercept)	Erysipelatoclostridium	NA	-0.235907374149706	0.251857289044212	-0.936670822770168	1	3.112e-05	0.995548999909552	1.633e-06	0.998980392466491	 
(Intercept)	ErysipelotrichaceaeNOV	NA	0.390642958636869	0.230544444444866	1.69443666091156	1	9.259e-05	0.992322578197388	0.009192	0.9236199149235	 
(Intercept)	Escherichia	NA	-0.268697476853432	0.180302763203832	-1.49025712129364	1	0.1606	0.688604711229176	0.005792	0.939335410808054	 
(Intercept)	EubacteriumF	NA	-0.210062573498518	0.156786169779804	-1.33980295451784	1	0.122	0.726875370508156	0.003133	0.955363150707497	 
(Intercept)	EubacteriumG	NA	0.30562785334992	0.281842446488221	1.08439256456246	1	0.005362	0.941626532703115	0.001582	0.968273014934515	 
(Intercept)	EubacteriumJ	NA	0.50761993365962	0.264657300073513	1.91802732635231	1	0.001745	0.966679501933139	0.005339	0.941751638986673	 
(Intercept)	Evtepia	NA	0.359962174545666	0.260460213526832	1.38202364833961	1	0.07781	0.780287464176844	0.001786	0.966290560673507	 
(Intercept)	Flavonifractor	NA	0.310281239582176	0.15032487049906	2.06407122488834	1	0.3731	0.541319332595193	0.005197	0.942530108289382	 
(Intercept)	HungatellaA	NA	0.0217762976206171	0.237723433873628	0.0916034959859836	1	0.009573	0.922057987340587	0.00175	0.966631826776965	 
(Intercept)	Ileibacterium	NA	-0.565533200590224	0.284062615765158	-1.99087514232342	1	0.002742	0.958238571058	8.309e-05	0.992727086426257	 
(Intercept)	Kineothrix	NA	-0.531539278411331	0.186089713389209	-2.85636034754705	1	0.05766	0.810233379125992	0.006933	0.933641117130752	 
(Intercept)	Lachnospira	NA	0.425215356059424	0.190029548024372	2.23762757150213	1	0.05874	0.8084986198446	0.02898	0.864825223986532	 
(Intercept)	LachnospiraceaeNOV	NA	0.0632163058352533	0.18895442650771	0.334558480601002	1	0.0003947	0.984149423734815	4.44e-06	0.998318754150649	 
(Intercept)	Lactobacillus	NA	-0.728354703461437	0.277739690031792	-2.62243651016556	1	0.0003698	0.984657478217673	0.0002108	0.988415958445732	 
(Intercept)	Lawsonibacter	NA	0.224751317369003	0.239313328544989	0.939150856057526	1	0.02478	0.874916496492238	0.001863	0.96557201086442	 
(Intercept)	Ligilactobacillus	NA	-0.900071605026732	0.211419250972109	-4.25728310401342	1	0.02045	0.886287419800372	0.1675	0.682343261630013	 
(Intercept)	Limosilactobacillus	NA	-0.779615312433003	0.294264320972718	-2.64937084406262	1	0.009223	0.923491622305554	0.005225	0.942375769034401	 
(Intercept)	Mailhella	NA	-0.126316289774595	0.350561979084489	-0.360325127398234	1	0.01599	0.899374481379697	0.002209	0.962513227530156	 
(Intercept)	MarseilleP3106	NA	-0.0784752789083488	0.308483940709404	-0.254390159591075	1	0.004048	0.949269704920979	0.02803	0.867038312238966	 
(Intercept)	MuribaculaceaeNOV	NA	-0.269967528100928	0.232840233678421	-1.15945394761021	1	0.03228	0.857414506467247	0.009574	0.922053929492017	 
(Intercept)	Muribaculum	NA	-0.38689315194266	0.347713064384836	-1.11267936574986	1	0.002105	0.963405672710286	0.01505	0.902361736113905	 
(Intercept)	Oscillibacter	NA	0.254121822573864	0.198422304476397	1.28071198066391	1	0.005135	0.942873353695392	0.001792	0.966234019108859	 
(Intercept)	OscillospiraceaeNOV	NA	0.349916452413312	0.311283935021846	1.12410700664252	1	0.0002608	0.987115280215214	0.003692	0.951548889274273	 
(Intercept)	Paramuribaculum	NA	-0.670068555023552	0.192112714065781	-3.48789281480931	1	0.05467	0.815127697898646	0.0005264	0.981695414410732	 
(Intercept)	Parvibacter	NA	-0.120849076724233	0.304216785204496	-0.397246577446401	1	0.04145	0.838671774219898	0.02988	0.862762791471032	 
(Intercept)	PCoA1	NA	-0.670350328695023	0.296355287160129	-2.26198201192481	1	0.0008517	0.976717921966464	0.0003631	0.984797083698899	 
(Intercept)	PCoA2	NA	-0.514790187149332	0.243656807208166	-2.11276751529263	1	0.03231	0.857348974845182	0.005599	0.94035278409417	 
(Intercept)	PCoA3	NA	0.19525054060232	0.32490369619996	0.600948966989141	1	0.007424	0.93133713163573	0.008238	0.927680569689612	 
(Intercept)	Prevotella	NA	-0.407721666208569	0.280823098491582	-1.45188080467245	1	9.394e-05	0.992266812507591	0.0003366	0.9853623029696	 
(Intercept)	Romboutsia	NA	-0.222769684121207	0.212261129802191	-1.04950767165335	1	0.045	0.832004028572637	0.0005604	0.981113626974488	 
(Intercept)	Roseburia	NA	0.142870396396372	0.277903753091398	0.514100276829958	1	0.0005382	0.981491426267625	3.413e-05	0.99533871416425	 
(Intercept)	RuminiclostridiumE	NA	0.427768291667631	0.294566139918257	1.45219777054599	1	0.00324	0.954608127537271	0.009164	0.923735979908657	 
(Intercept)	Schaedlerella	NA	0.357279848190946	0.152439498244776	2.34374851862378	1	0.09245	0.761085291716862	0.006587	0.935314443385329	 
(Intercept)	Shannon	NA	-0.0675729761334187	0.162076350512916	-0.416920642151513	1	0.1751	0.67561848774492	0.06669	0.796218547666421	 
(Intercept)	Simpson	NA	-0.168117220564468	0.163066708143015	-1.0309720633903	1	0.2761	0.59926888353492	0.1062	0.744512564440617	 
(Intercept)	Staphylococcus	NA	0.0103667765632545	0.309092716227421	0.0335393751421401	1	0.001167	0.972748461489127	0.007454	0.931198883620612	 
(Intercept)	TF0111	NA	0.330718702927108	0.261153446608072	1.26637694130623	1	0.01743	0.894966316878015	0.003965	0.949791790172092	 
(Intercept)	Turicibacter	NA	-0.0984546062862779	0.290871706082267	-0.33848120744488	1	0.01734	0.895236271328047	0.003239	0.954615125435569	 
(Intercept)	UBA11940	NA	0.288040309943727	0.253725533889471	1.1352436844973	1	1.812e-05	0.996603607708042	0.004897	0.944210717951752	 
(Intercept)	UBA11957	NA	0.673839470091344	0.24437650941672	2.75738233474106	1	0.03128	0.8596171585713	0.008268	0.927549369802268	 
(Intercept)	UBA1394	NA	-0.118299913986241	0.218380148875489	-0.541715511210182	1	0.004274	0.947874762581422	0.003003	0.956298091166961	 
(Intercept)	UBA1405	NA	0.461355953052036	0.27019530911918	1.70749060950032	1	0.07587	0.782974303125952	0.0009762	0.975074791032359	 
(Intercept)	UBA2882	NA	-0.000583983480199854	0.24032727546904	-0.00242995090365881	1	9.42e-05	0.992256118573124	5.567e-07	0.999404679782377	 
(Intercept)	UBA3282	NA	0.162254768674237	0.243310392509961	0.66686328931714	1	0.01596	0.899468419530846	0.0004959	0.982233526911989	 
(Intercept)	UBA3700	NA	-0.167182106276199	0.151299497372343	-1.10497463097825	1	0.1189	0.730230603842929	0.02785	0.867461957985172	 
(Intercept)	UBA3700NOV	NA	-0.355483998573236	0.28678973968555	-1.23952830029068	1	0.02561	0.872856459909582	0.0001349	0.990733061688115	 
(Intercept)	UBA3818	NA	0.547736467390737	0.131176392104932	4.17557198060903	1	0.003554	0.952461925484329	0.001469	0.96942653652294	 
(Intercept)	UBA7160	NA	-0.185170659781102	0.244480840424138	-0.757403563648825	1	0.02002	0.887481240637987	0.0001355	0.990712477019521	 
(Intercept)	UBA7173	NA	-0.186788646594539	0.289596474476664	-0.64499627259651	1	0.004203	0.94830891853548	0.003037	0.95605163967569	 
(Intercept)	UBA7182	NA	0.532677695784488	0.174479187730178	3.05295836548851	1	0.003176	0.955058199195	0.001087	0.973698763918462	 
(Intercept)	UBA946	NA	-0.144522335695174	0.177186927629295	-0.815648973820123	1	0.1858	0.666435475258864	3.001e-05	0.995629099834495	 
(Intercept)	UBA9475	NA	0.164868324441747	0.158943769561356	1.03727453360859	1	0.05507	0.814464888807973	0.004355	0.947383857233096	 
(Intercept)	UBA9502	NA	0.491814249887277	0.16164552493542	3.04254788422855	1	0.06895	0.792871757661835	0.03105	0.860128884823329	 
(Intercept)	UMGS1004	NA	-0.160419630128696	0.197932824544985	-0.810475122039382	1	0.03196	0.858115475581667	0.001834	0.965840854824615	 
(Intercept)	UMGS1217	NA	0.190193090260869	0.197777137497753	0.961653569604474	1	0.2946	0.587287709909686	0.001786	0.966290560673507	 
(Intercept)	UMGS1370	NA	0.414062308174136	0.155127976357077	2.66916592285739	1	0.05901	0.808067573344607	0.001832	0.965859474015925	 
(Intercept)	UMGS1815	NA	-0.632781314431978	0.26022133638855	-2.43170419156997	1	0.0001522	0.990156798600191	2.543e-05	0.995976431486687	 
(Intercept)	UMGS1872	NA	0.238023037103858	0.18288128823255	1.30151662537061	1	0.1228	0.72601728384579	0.02335	0.878550423820792	 
(Intercept)	UMGS268	NA	0.125024610566042	0.276299344596721	0.452496949453589	1	0.002348	0.961352698034704	0.005495	0.940908323148258	 
(Intercept)	uniq	NA	-0.312296581289025	0.222329948630672	-1.40465368346665	1	0.0507	0.821849667748579	0.01048	0.918461509930157	 
(Intercept)	X142	NA	0.356130737100161	0.250866204380751	1.41960427862035	1	0.00107	0.973905167910993	0.01895	0.890509924887967	 
(Intercept)	X1XD4269	NA	0.134955946876401	0.173384203245584	0.778363566865703	1	0.001295	0.971293435646767	0.004195	0.94835806761217	 
(Intercept)	X1XD876	NA	0.267485228251322	0.301053790523968	0.888496463657801	1	0.04157	0.83844162935994	2.654e-05	0.995889557288167	 
age.wks.scaled	Acetatifactor	NA	0.11109620978823	0.0636041542010659	1.74668166228627	1	2.992	0.0836767627998422	3.02	0.082243466146606	A
age.wks.scaled	Acutalibacter	NA	0.207525726962133	0.0917942937871925	2.2607693615819	1	3.914	0.0478854959661	5.112	0.0237609140818212	A
age.wks.scaled	Adlercreutzia	NA	0.122574211487314	0.126201224608264	0.971260079827213	1	0.7147	0.397887927433367	0.9433	0.331430608640914	A
age.wks.scaled	AF3328	NA	0.168053118587066	0.0704799083167232	2.38441170825404	1	4.546	0.0329957434957099	5.684	0.0171202936914817	A
age.wks.scaled	Akkermansia	NA	0.0760350074855641	0.0889513240633808	0.854793430971153	1	1.404	0.23605498675266	0.7299	0.392915604301564	A
age.wks.scaled	Alistipes	NA	0.059035039128075	0.0708335433051994	0.833433375960195	1	0.7863	0.375221274334075	0.6954	0.404333691276743	A
age.wks.scaled	AM0715	NA	-0.126528132668527	0.0567273605800483	-2.23046042288504	1	7.271	0.0070076776937178	4.975	0.0257162037303885	A
age.wks.scaled	Anaerotignum	NA	0.298739923032384	0.0562153551966644	5.31420502436157	1	28.16	1.11689104853596e-07	28.24	1.07166856389007e-07	A
age.wks.scaled	Anaerotruncus	NA	0.0403855953060545	0.0814865139767312	0.495610786805615	1	0.03164	0.858820075528043	0.2445	0.620974703024052	A
age.wks.scaled	AnaerovoracaceaeNOV	NA	0.209145782979497	0.0840091833919161	2.48955857604042	1	6.993	0.00818290882850137	6.191	0.0128401609979221	A
age.wks.scaled	Angelakisella	NA	0.0733146791851334	0.106297302617764	0.689713448785871	1	0.2974	0.585516997023435	0.4758	0.490330928563204	A
age.wks.scaled	ASF356	NA	-0.27989443439747	0.0790542621859643	-3.54053566067136	1	16.05	6.169162699865e-05	12.54	0.00039833230120756	A
age.wks.scaled	Bacteroides	NA	-0.014996211333998	0.0620978244635085	-0.241493344791982	1	0.05014	0.822819842214396	0.05832	0.809171226550706	A
age.wks.scaled	Bifidobacterium	NA	0.175412431835321	0.0747085984111296	2.34795506228088	1	6.661	0.0098545599891634	5.511	0.0188972394199447	A
age.wks.scaled	BorkfalkiaceaeNOV	NA	-0.170890612208381	0.0762055593096982	-2.24249534753605	1	5.15	0.0232463730833191	5.014	0.0251431475075551	A
age.wks.scaled	ButyricicoccaceaeNOV	NA	0.0865065483874493	0.0608252670110788	1.42221403436984	1	1.728	0.188666517678685	2.026	0.154627108379363	A
age.wks.scaled	CAG115	NA	-0.321445623806645	0.132531841401742	-2.42542184886915	1	5.795	0.0160718148725616	5.883	0.01528775202563	A
age.wks.scaled	CAG145	NA	-0.259767021262618	0.0675181472721338	-3.84736595652751	1	16.43	5.04799559141178e-05	14.8	0.000119535501812984	A
age.wks.scaled	CAG273	NA	-0.250921981608254	0.0712672930172181	-3.52085747872634	1	12.49	0.000409136193760151	12.4	0.000429333848898317	A
age.wks.scaled	CAG274NOV	NA	-0.0806737284413384	0.0761189248277328	-1.05983799198312	1	2.625	0.105192505120041	1.125	0.288844366346485	A
age.wks.scaled	CAG303	NA	0.0538785779877274	0.0694919113596564	0.775321572447159	1	0.3184	0.572570776555168	0.6011	0.438158633774811	A
age.wks.scaled	CAG41	NA	-0.119009509445674	0.067509573845271	-1.76285380971947	1	3.046	0.0809362551310291	3.108	0.0779085738892609	A
age.wks.scaled	CAG475	NA	-0.0639781700253144	0.0721141682834105	-0.887178921261056	1	0.8036	0.370019203622771	0.7873	0.374917796847207	A
age.wks.scaled	CAG485	NA	-0.0278802331581287	0.0743127371988257	-0.375174353806056	1	1.363e-05	0.997054310254896	0.1407	0.707586106943462	A
age.wks.scaled	CAG510	NA	-0.290776417676273	0.122602327700448	-2.37170389119138	1	5.358	0.0206274168549562	5.625	0.0177060658073667	A
age.wks.scaled	CAG552NOV	NA	-0.12734649763353	0.116483337507093	-1.09325934815162	1	1.165	0.280430992825357	1.195	0.274323312219938	A
age.wks.scaled	CAG56	NA	0.160049581034751	0.063392249771228	2.52474997515222	1	6.217	0.0126529332045883	6.377	0.0115608684901399	A
age.wks.scaled	CAG582	NA	-0.271503266545034	0.0846079376469095	-3.20895738740361	1	10.63	0.00111267714876317	10.3	0.00133030209064677	A
age.wks.scaled	CAG776	NA	-0.131210629718371	0.061992349059367	-2.11656166783932	1	4.014	0.0451239754093972	4.48	0.0342937210364929	A
age.wks.scaled	CAG81	NA	-0.0423332123167537	0.0824412441690869	-0.513495553632455	1	0.4885	0.484597184118819	0.2638	0.607521440880683	A
age.wks.scaled	CAG873	NA	-0.0565978984844278	0.0594164693118405	-0.952562465254881	1	0.1798	0.671545173726558	0.9074	0.340805217655496	A
age.wks.scaled	CAG95	NA	-0.0371624036892294	0.0702829338021349	-0.528754303197579	1	0.4247	0.514601103685376	0.2792	0.597226045017537	A
age.wks.scaled	Chao1	NA	-0.439690672650332	0.24450158571995	-1.79831419643204	1	2.953	0.0857183005472008	3.14	0.0763938078037272	A
age.wks.scaled	Clostridium	NA	-0.119952670870818	0.0975845538598801	-1.2292178026766	1	1.17	0.279401240509134	1.51	0.219139086372535	A
age.wks.scaled	ClostridiumQ	NA	0.0404057566823155	0.0658207452425538	0.613875709450229	1	0.07659	0.781972856649587	0.3768	0.53932081734414	A
age.wks.scaled	COE1	NA	-0.111503286333419	0.0628172590928648	-1.77504220883913	1	6.253	0.0123983149794934	3.153	0.0757875082639149	A
age.wks.scaled	D1663	NA	-0.0146171012038322	0.108761856318979	-0.134395473730817	1	0.05649	0.812132205325104	0.01803	0.893184460658465	A
age.wks.scaled	Desulfovibrio	NA	0.168835741053184	0.0703238936834612	2.40083038935727	1	6.008	0.0142411599885587	5.778	0.0162279966550665	A
age.wks.scaled	Dorea	NA	0.159753985225435	0.0971825876134839	1.64385399842214	1	1.99	0.158340879353651	2.706	0.0999713781252592	A
age.wks.scaled	Dubosiella	NA	0.102337636569504	0.0886904029707781	1.15387497566363	1	2.215	0.136675061941977	1.331	0.248627394657707	A
age.wks.scaled	Duncaniella	NA	-0.0428387198468758	0.067915204120584	-0.630767740472595	1	0.1385	0.709776792217758	0.3988	0.527709638360819	A
age.wks.scaled	Emergencia	NA	-0.0129948995192659	0.0732731697715696	-0.17734867427979	1	0.6994	0.402985376400469	0.03144	0.85926231851067	A
age.wks.scaled	EnterococcusD	NA	0.131029393266245	0.0901270245826813	1.45383023430492	1	2.78	0.0954481685170567	2.114	0.145957366005597	A
age.wks.scaled	ErysipelatoclostridiaceaeNOV	NA	0.134515087714644	0.063203092126134	2.12829915736074	1	4.558	0.0327653145799498	4.534	0.0332278653037767	A
age.wks.scaled	Erysipelatoclostridium	NA	-0.0283734092399041	0.066964413797492	-0.423708767550905	1	0.005793	0.93933018420859	0.1795	0.67180328516476	A
age.wks.scaled	ErysipelotrichaceaeNOV	NA	-0.0290550758879809	0.0737072102791467	-0.39419584295678	1	0.7669	0.381177773874439	0.1547	0.694083732594391	A
age.wks.scaled	Escherichia	NA	0.1328029884413	0.0788440400812325	1.68437574107661	1	3.826	0.0504632269296883	2.836	0.0921734062461153	A
age.wks.scaled	EubacteriumF	NA	-0.120159542732664	0.0837353679521945	-1.43499151757791	1	1.584	0.208185465342548	2.059	0.151309439592685	A
age.wks.scaled	EubacteriumG	NA	-0.108086689911746	0.0674724811948642	-1.60193738243575	1	3.507	0.0611100185220865	2.566	0.109183496526387	A
age.wks.scaled	EubacteriumJ	NA	0.0857161462250645	0.0612668207804548	1.39906306763039	1	0.4373	0.508428517448936	1.957	0.161834526779702	A
age.wks.scaled	Evtepia	NA	0.1972639627884	0.0887105303930889	2.22368147179704	1	3.743	0.0530291541439443	4.945	0.0261662388194936	A
age.wks.scaled	Flavonifractor	NA	0.214453933949176	0.0715044071519154	2.99917085521114	1	7.29	0.00693394760608135	8.995	0.00270719274588449	A
age.wks.scaled	HungatellaA	NA	-0.0333882684714503	0.0979387567457961	-0.340909662128047	1	0.1308	0.717604009399954	0.1163	0.733082609760195	A
age.wks.scaled	Ileibacterium	NA	0.0475174812089413	0.0569039128841968	0.835047693567971	1	1.518	0.21792240392328	0.6973	0.403692423289772	A
age.wks.scaled	Kineothrix	NA	0.0547512303912164	0.0712607622608872	0.768322266758401	1	1.508	0.219444522441014	0.5903	0.442303134025073	A
age.wks.scaled	Lachnospira	NA	0.0106520153815669	0.0980172305480929	0.108674927071525	1	0.08831	0.766336735814716	0.01183	0.913388247754984	A
age.wks.scaled	LachnospiraceaeNOV	NA	0.0191762890608643	0.0803631477639274	0.238620432305564	1	0.01662	0.897422075465969	0.05666	0.811855025428757	A
age.wks.scaled	Lactobacillus	NA	-0.0362924663159312	0.054593393536694	-0.664777621701385	1	0.02151	0.883398120166	0.442	0.506158716850937	A
age.wks.scaled	Lawsonibacter	NA	0.0928488313516008	0.0824693263947488	1.12585897582295	1	1.013	0.314185203067096	1.268	0.260142214088562	A
age.wks.scaled	Ligilactobacillus	NA	0.0929898202687523	0.0905270531776561	1.02720476371039	1	2.248	0.133787217457378	1.055	0.304358345704549	A
age.wks.scaled	Limosilactobacillus	NA	-0.0650174488656635	0.0729064746078471	-0.891792522068616	1	0.1192	0.729903778793854	0.7945	0.372742883422667	A
age.wks.scaled	Mailhella	NA	-0.0679046980688599	0.149627863602839	-0.453823883024228	1	0.2002	0.654559460199849	0.2059	0.650000099328031	A
age.wks.scaled	MarseilleP3106	NA	-0.105475642347105	0.0949321791732313	-1.11106311122	1	0.8891	0.345721315918895	1.235	0.266436856207638	A
age.wks.scaled	MuribaculaceaeNOV	NA	0.0439213720583535	0.0756185931786727	0.580827680231705	1	0.7423	0.388925100811262	0.3372	0.561449911115044	A
age.wks.scaled	Muribaculum	NA	-0.10212137508948	0.0897098293752006	-1.13835212708264	1	0.7471	0.387395943998552	1.296	0.254945164317321	A
age.wks.scaled	Oscillibacter	NA	0.034926763621947	0.0646758236863103	0.540028122275617	1	0.1729	0.677547242215871	0.2919	0.589005530482463	A
age.wks.scaled	OscillospiraceaeNOV	NA	-0.053641781688309	0.136771034223364	-0.392201331172984	1	0.1794	0.671889378843789	0.1538	0.694930073906048	A
age.wks.scaled	Paramuribaculum	NA	0.0602134659789803	0.079441875497586	0.757956249167481	1	1.622	0.202813141497302	0.5747	0.448397282728996	A
age.wks.scaled	Parvibacter	NA	-0.0183690766093882	0.0791494343833931	-0.232080958663709	1	0.1411	0.707189903145132	0.05389	0.816427570840233	A
age.wks.scaled	PCoA1	NA	-0.0567016557688013	0.0568644217284496	-0.99713764855597	1	0.09444	0.758606726556793	0.9943	0.318693683047307	A
age.wks.scaled	PCoA2	NA	0.0884547478094737	0.0581699507181241	1.52062614318003	1	5.994	0.0143546158535481	2.317	0.127966614159922	A
age.wks.scaled	PCoA3	NA	-0.00941768930806427	0.060445559017012	-0.15580448690058	1	0.0206	0.885873988332165	0.02428	0.876174582715176	A
age.wks.scaled	Prevotella	NA	-0.0537924522534999	0.0638831744320383	-0.842044133400519	1	0.3323	0.564307893052313	0.7091	0.399742752069998	A
age.wks.scaled	Romboutsia	NA	0.0767816163066989	0.114492291829093	0.670626948592433	1	0.6792	0.409862337396561	0.4495	0.502572492054179	A
age.wks.scaled	Roseburia	NA	-0.0216036684803358	0.0785390167767767	-0.275069250506887	1	0.05385	0.816494497454518	0.07582	0.783044037525548	A
age.wks.scaled	RuminiclostridiumE	NA	0.136032455869136	0.112991433057542	1.20391831653166	1	0.956	0.328196736710215	1.449	0.228688478753606	A
age.wks.scaled	Schaedlerella	NA	0.163805915291999	0.0743555683705629	2.20300804474583	1	3.145	0.0761600008401944	4.854	0.0275820981463534	A
age.wks.scaled	Shannon	NA	-0.0723797646606543	0.0642974799389452	-1.12570142296998	1	1.094	0.295586634526473	1.268	0.260142214088562	A
age.wks.scaled	Simpson	NA	-0.0946301391602904	0.0643039005525405	-1.4716080727167	1	1.762	0.184375248989885	2.167	0.141001066385744	A
age.wks.scaled	Staphylococcus	NA	-0.0454987436374335	0.0959608121245828	-0.474138793014423	1	0.155	0.693802250663158	0.2246	0.635557081745004	A
age.wks.scaled	TF0111	NA	-0.00908541321945749	0.101470366832371	-0.0895376010068693	1	0.1991	0.655448282862309	0.008221	0.927755023222016	A
age.wks.scaled	Turicibacter	NA	0.120596925983895	0.110894728166555	1.08749016276742	1	1.314	0.251671708678566	1.179	0.27755966972017	A
age.wks.scaled	UBA11940	NA	-0.0369800418415656	0.0873766217736247	-0.423225813620644	1	0.4089	0.522528350530425	0.1789	0.672320272256804	A
age.wks.scaled	UBA11957	NA	-0.150766011652281	0.0504769113640681	-2.98683115860381	1	16.17	5.79039278865157e-05	8.931	0.00280370800419749	A
age.wks.scaled	UBA1394	NA	-0.0300106625822696	0.0604090887142656	-0.496790519787838	1	0.05467	0.815127697898646	0.2466	0.619479362643042	A
age.wks.scaled	UBA1405	NA	-0.167076004640478	0.132358234705091	-1.26230154861722	1	2.058	0.151408782541429	1.592	0.207040622208871	A
age.wks.scaled	UBA2882	NA	-0.0244148081687883	0.0580052020439917	-0.420907217084976	1	0.05197	0.819670110160098	0.1772	0.673790641227229	A
age.wks.scaled	UBA3282	NA	-0.113032944034895	0.0729312905420266	-1.54985525684287	1	2.858	0.0909204804346141	2.402	0.121180235439191	A
age.wks.scaled	UBA3700	NA	-0.163354083145015	0.0645472933261806	-2.53076581103917	1	4.741	0.0294519470083248	6.409	0.0113543343731365	A
age.wks.scaled	UBA3700NOV	NA	-0.227363349381951	0.0679905424941024	-3.34404376022846	1	7.466	0.0062875095815399	11.19	0.000822393451581305	A
age.wks.scaled	UBA3818	NA	-0.00217939327788221	0.0533350405903117	-0.040862315913904	1	0.2967	0.5859586588173	0.001669	0.967412770663842	A
age.wks.scaled	UBA7160	NA	0.0923438786455146	0.10685254862934	0.864217838788718	1	0.5052	0.477224154845678	0.7468	0.387491264743286	A
age.wks.scaled	UBA7173	NA	-0.00459656420685564	0.092541962197289	-0.0496700534299919	1	0.006965	0.93348850459051	0.002448	0.960538952908799	A
age.wks.scaled	UBA7182	NA	0.0619543237686952	0.0669908293486313	0.924817984358348	1	0.03425	0.853176049165088	0.8552	0.355085432993929	A
age.wks.scaled	UBA946	NA	0.150554893344187	0.105114673666672	1.43229187793143	1	2.409	0.120639408572421	2.049	0.152306199653352	A
age.wks.scaled	UBA9475	NA	0.0657894767086663	0.0869342642271378	0.756772686736895	1	0.453	0.5009137344464	0.5719	0.449504893310157	A
age.wks.scaled	UBA9502	NA	0.0793713120305834	0.0957075894118136	0.829310533452703	1	0.09464	0.758359210585788	0.6877	0.4069477994213	A
age.wks.scaled	UMGS1004	NA	-0.199274004256424	0.077837124657999	-2.56014087277755	1	4.711	0.0299702132756026	6.554	0.0104648635332503	A
age.wks.scaled	UMGS1217	NA	-0.291256361219164	0.0810717194361974	-3.59257658829328	1	14.73	0.000124056536530803	12.91	0.00032683129308797	A
age.wks.scaled	UMGS1370	NA	0.128230432986165	0.069930906762125	1.83367324868745	1	1.589	0.207469064109548	3.362	0.0667169959010848	A
age.wks.scaled	UMGS1815	NA	-0.0642768782128289	0.072306228424697	-0.888953546785664	1	0.0119	0.913133389762006	0.7902	0.374039656747725	A
age.wks.scaled	UMGS1872	NA	0.181307635047427	0.0791034148998138	2.29203297072644	1	3.897	0.0483724123080802	5.24	0.022073273971243	A
age.wks.scaled	UMGS268	NA	-0.182389165145983	0.0697785207064358	-2.61382963266462	1	6.648	0.00992671897730557	6.832	0.0089538950431991	A
age.wks.scaled	uniq	NA	0.12007089197881	0.0712003033504236	1.68638174739035	1	4.268	0.0388366156764949	2.844	0.091715640470894	A
age.wks.scaled	X142	NA	0.176208525829176	0.0916754241094396	1.92209119882361	1	2.059	0.151309439592685	3.695	0.05457578230692	A
age.wks.scaled	X1XD4269	NA	-0.0483711032048568	0.0996837659495477	-0.485245543686005	1	0.1368	0.711483200045736	0.2356	0.627402246521167	A
age.wks.scaled	X1XD876	NA	0.207527131122911	0.081876618925326	2.53463239990628	1	5.473	0.0193124470368847	6.424	0.0112588288773727	A
Diet.5mo.as.AL	Acetatifactor	AL	0	NA	NA	4	12.98	0.0113739320704285	12.98	0.0113739320704285	A
Diet.5mo.as.AL	Acetatifactor	1D	-0.374071604471665	0.177565085247042	-2.10667318944616	4	12.98	0.0113739320704285	12.98	0.0113739320704285	A
Diet.5mo.as.AL	Acetatifactor	2D	-0.110081818799633	0.176825747373457	-0.622544060662947	4	12.98	0.0113739320704285	12.98	0.0113739320704285	A
Diet.5mo.as.AL	Acetatifactor	20	-0.295116799458588	0.186091073438934	-1.58587294922252	4	12.98	0.0113739320704285	12.98	0.0113739320704285	A
Diet.5mo.as.AL	Acetatifactor	40	0.156078700361098	0.176083479835638	0.886390367266632	4	12.98	0.0113739320704285	12.98	0.0113739320704285	A
Diet.5mo.as.AL	Acutalibacter	AL	0	NA	NA	4	13.472	0.00918562752654617	13.472	0.00918562752654617	A
Diet.5mo.as.AL	Acutalibacter	1D	0.0190377411303165	0.198322870938228	0.0959936745583228	4	13.472	0.00918562752654617	13.472	0.00918562752654617	A
Diet.5mo.as.AL	Acutalibacter	2D	-0.282295640645782	0.196400329871057	-1.43734809830064	4	13.472	0.00918562752654617	13.472	0.00918562752654617	A
Diet.5mo.as.AL	Acutalibacter	20	-0.526913777684826	0.205181725228656	-2.56803463903829	4	13.472	0.00918562752654617	13.472	0.00918562752654617	A
Diet.5mo.as.AL	Acutalibacter	40	-0.46905442757093	0.195931685691544	-2.39396923430427	4	13.472	0.00918562752654617	13.472	0.00918562752654617	A
Diet.5mo.as.AL	Adlercreutzia	AL	0	NA	NA	4	44.12	6.05791294905345e-09	44.12	6.05791294905345e-09	A
Diet.5mo.as.AL	Adlercreutzia	1D	0.460579858730998	0.175862873125239	2.61897153473094	4	44.12	6.05791294905345e-09	44.12	6.05791294905345e-09	A
Diet.5mo.as.AL	Adlercreutzia	2D	0.578884649673536	0.174907541641374	3.30966088849654	4	44.12	6.05791294905345e-09	44.12	6.05791294905345e-09	A
Diet.5mo.as.AL	Adlercreutzia	20	0.025227281613279	0.183074881799027	0.137797612459871	4	44.12	6.05791294905345e-09	44.12	6.05791294905345e-09	A
Diet.5mo.as.AL	Adlercreutzia	40	-0.384957214119607	0.175406188123493	-2.19466153525086	4	44.12	6.05791294905345e-09	44.12	6.05791294905345e-09	A
Diet.5mo.as.AL	AF3328	AL	0	NA	NA	4	10.208	0.0370659801915336	10.208	0.0370659801915336	A
Diet.5mo.as.AL	AF3328	1D	-0.230369580813357	0.201336350044494	-1.14420262790324	4	10.208	0.0370659801915336	10.208	0.0370659801915336	A
Diet.5mo.as.AL	AF3328	2D	-0.143667270018171	0.199773722251659	-0.719149988291206	4	10.208	0.0370659801915336	10.208	0.0370659801915336	A
Diet.5mo.as.AL	AF3328	20	-0.288296084319708	0.202556354266081	-1.42328827631345	4	10.208	0.0370659801915336	10.208	0.0370659801915336	A
Diet.5mo.as.AL	AF3328	40	-0.580807830535604	0.198084196838401	-2.93212603431173	4	10.208	0.0370659801915336	10.208	0.0370659801915336	A
Diet.5mo.as.AL	Akkermansia	AL	0	NA	NA	4	34.58	5.66581139338496e-07	34.58	5.66581139338496e-07	A
Diet.5mo.as.AL	Akkermansia	1D	-0.113246811654611	0.193921321511217	-0.583983291636449	4	34.58	5.66581139338496e-07	34.58	5.66581139338496e-07	A
Diet.5mo.as.AL	Akkermansia	2D	-0.0641833598733026	0.193325334646934	-0.331996631432291	4	34.58	5.66581139338496e-07	34.58	5.66581139338496e-07	A
Diet.5mo.as.AL	Akkermansia	20	0.257626651126012	0.186555856357224	1.3809625500724	4	34.58	5.66581139338496e-07	34.58	5.66581139338496e-07	A
Diet.5mo.as.AL	Akkermansia	40	0.7249804291242	0.190062203924444	3.81443766385243	4	34.58	5.66581139338496e-07	34.58	5.66581139338496e-07	A
Diet.5mo.as.AL	Alistipes	AL	0	NA	NA	4	0.43	0.979947849815452	0.43	0.979947849815452	A
Diet.5mo.as.AL	Alistipes	1D	0.0529353671386895	0.168924017205242	0.313367915436046	4	0.43	0.979947849815452	0.43	0.979947849815452	A
Diet.5mo.as.AL	Alistipes	2D	-0.0237885571868461	0.169022656625567	-0.140741825159833	4	0.43	0.979947849815452	0.43	0.979947849815452	A
Diet.5mo.as.AL	Alistipes	20	0.0678509851753498	0.178983224221186	0.379091311325916	4	0.43	0.979947849815452	0.43	0.979947849815452	A
Diet.5mo.as.AL	Alistipes	40	0.047799716285217	0.169056978936648	0.282743230039202	4	0.43	0.979947849815452	0.43	0.979947849815452	A
Diet.5mo.as.AL	AM0715	AL	0	NA	NA	4	14.188	0.00671859009637765	14.188	0.00671859009637765	A
Diet.5mo.as.AL	AM0715	1D	-0.301291881891344	0.169739031577297	-1.7750300510825	4	14.188	0.00671859009637765	14.188	0.00671859009637765	A
Diet.5mo.as.AL	AM0715	2D	-0.164915814628811	0.168786807098472	-0.977065787686815	4	14.188	0.00671859009637765	14.188	0.00671859009637765	A
Diet.5mo.as.AL	AM0715	20	-0.583079342899756	0.17887949034818	-3.25962099827554	4	14.188	0.00671859009637765	14.188	0.00671859009637765	A
Diet.5mo.as.AL	AM0715	40	-0.462078509753915	0.167391271222175	-2.76046956558809	4	14.188	0.00671859009637765	14.188	0.00671859009637765	A
Diet.5mo.as.AL	Anaerotignum	AL	0	NA	NA	4	4.648	0.325357362764984	4.648	0.325357362764984	A
Diet.5mo.as.AL	Anaerotignum	1D	0.101260147799401	0.171498193314564	0.590444399689206	4	4.648	0.325357362764984	4.648	0.325357362764984	A
Diet.5mo.as.AL	Anaerotignum	2D	0.0869424195238111	0.171152715243818	0.507981538008066	4	4.648	0.325357362764984	4.648	0.325357362764984	A
Diet.5mo.as.AL	Anaerotignum	20	-0.137359263387731	0.179038601266555	-0.767204739179282	4	4.648	0.325357362764984	4.648	0.325357362764984	A
Diet.5mo.as.AL	Anaerotignum	40	0.209440179940694	0.170458861021662	1.22868461448934	4	4.648	0.325357362764984	4.648	0.325357362764984	A
Diet.5mo.as.AL	Anaerotruncus	AL	0	NA	NA	4	15.208	0.00428869499797924	15.208	0.00428869499797924	A
Diet.5mo.as.AL	Anaerotruncus	1D	-0.362259721588493	0.178398196526818	-2.03062434845879	4	15.208	0.00428869499797924	15.208	0.00428869499797924	A
Diet.5mo.as.AL	Anaerotruncus	2D	-0.572534979822599	0.177502263338365	-3.22550805299423	4	15.208	0.00428869499797924	15.208	0.00428869499797924	A
Diet.5mo.as.AL	Anaerotruncus	20	-0.515158823958952	0.187180419316846	-2.75220466883839	4	15.208	0.00428869499797924	15.208	0.00428869499797924	A
Diet.5mo.as.AL	Anaerotruncus	40	-0.61786545271858	0.177114912173035	-3.48850046073449	4	15.208	0.00428869499797924	15.208	0.00428869499797924	A
Diet.5mo.as.AL	AnaerovoracaceaeNOV	AL	0	NA	NA	4	7.548	0.109611227164384	7.548	0.109611227164384	A
Diet.5mo.as.AL	AnaerovoracaceaeNOV	1D	-0.119796850211716	0.181956684461161	-0.65838114475694	4	7.548	0.109611227164384	7.548	0.109611227164384	A
Diet.5mo.as.AL	AnaerovoracaceaeNOV	2D	-0.208576500809955	0.180674856307241	-1.15443014635787	4	7.548	0.109611227164384	7.548	0.109611227164384	A
Diet.5mo.as.AL	AnaerovoracaceaeNOV	20	0.260266925958699	0.190018970916335	1.36968916684268	4	7.548	0.109611227164384	7.548	0.109611227164384	A
Diet.5mo.as.AL	AnaerovoracaceaeNOV	40	-0.0445277914873262	0.180187696569698	-0.247118933950646	4	7.548	0.109611227164384	7.548	0.109611227164384	A
Diet.5mo.as.AL	Angelakisella	AL	0	NA	NA	4	11.128	0.0251625166385595	11.128	0.0251625166385595	A
Diet.5mo.as.AL	Angelakisella	1D	-0.429415557630021	0.186495056281004	-2.30255732346595	4	11.128	0.0251625166385595	11.128	0.0251625166385595	A
Diet.5mo.as.AL	Angelakisella	2D	-0.581043460467177	0.185003610364298	-3.14071416943172	4	11.128	0.0251625166385595	11.128	0.0251625166385595	A
Diet.5mo.as.AL	Angelakisella	20	-0.461403856692639	0.19434182753176	-2.37418708341227	4	11.128	0.0251625166385595	11.128	0.0251625166385595	A
Diet.5mo.as.AL	Angelakisella	40	-0.300881584344064	0.184576321009638	-1.63012017304404	4	11.128	0.0251625166385595	11.128	0.0251625166385595	A
Diet.5mo.as.AL	ASF356	AL	0	NA	NA	4	25.948	3.24178441996059e-05	25.948	3.24178441996059e-05	A
Diet.5mo.as.AL	ASF356	1D	-0.44208905330464	0.170595861052543	-2.59144067492047	4	25.948	3.24178441996059e-05	25.948	3.24178441996059e-05	A
Diet.5mo.as.AL	ASF356	2D	-0.57873998539947	0.169601875782551	-3.41234424872447	4	25.948	3.24178441996059e-05	25.948	3.24178441996059e-05	A
Diet.5mo.as.AL	ASF356	20	-0.697479265205163	0.178497415332946	-3.90750344426094	4	25.948	3.24178441996059e-05	25.948	3.24178441996059e-05	A
Diet.5mo.as.AL	ASF356	40	-0.806664499902454	0.169278112893736	-4.76532072642396	4	25.948	3.24178441996059e-05	25.948	3.24178441996059e-05	A
Diet.5mo.as.AL	Bacteroides	AL	0	NA	NA	4	22.628	0.000150242008570944	22.628	0.000150242008570944	A
Diet.5mo.as.AL	Bacteroides	1D	0.567741254572333	0.204440905676323	2.77704333530588	4	22.628	0.000150242008570944	22.628	0.000150242008570944	A
Diet.5mo.as.AL	Bacteroides	2D	0.912714577117795	0.203053161091094	4.49495379541681	4	22.628	0.000150242008570944	22.628	0.000150242008570944	A
Diet.5mo.as.AL	Bacteroides	20	0.713097579582594	0.211631323443102	3.36952757267198	4	22.628	0.000150242008570944	22.628	0.000150242008570944	A
Diet.5mo.as.AL	Bacteroides	40	0.735216416511661	0.20275126564282	3.62619890031595	4	22.628	0.000150242008570944	22.628	0.000150242008570944	A
Diet.5mo.as.AL	Bifidobacterium	AL	0	NA	NA	4	28.92	8.11542523837527e-06	28.92	8.11542523837527e-06	A
Diet.5mo.as.AL	Bifidobacterium	1D	0.228918426147028	0.220188736679945	1.03964639426481	4	28.92	8.11542523837527e-06	28.92	8.11542523837527e-06	A
Diet.5mo.as.AL	Bifidobacterium	2D	0.597653769522832	0.21845002479194	2.73588327624161	4	28.92	8.11542523837527e-06	28.92	8.11542523837527e-06	A
Diet.5mo.as.AL	Bifidobacterium	20	0.0419022949360233	0.222191270367264	0.188586594184201	4	28.92	8.11542523837527e-06	28.92	8.11542523837527e-06	A
Diet.5mo.as.AL	Bifidobacterium	40	0.947424059984174	0.218278433508248	4.34043824099725	4	28.92	8.11542523837527e-06	28.92	8.11542523837527e-06	A
Diet.5mo.as.AL	BorkfalkiaceaeNOV	AL	0	NA	NA	4	13.176	0.0104470885407847	13.176	0.0104470885407847	A
Diet.5mo.as.AL	BorkfalkiaceaeNOV	1D	-0.309850234135337	0.210736975027534	-1.47031736644627	4	13.176	0.0104470885407847	13.176	0.0104470885407847	A
Diet.5mo.as.AL	BorkfalkiaceaeNOV	2D	-0.601110205505738	0.208648738668771	-2.88096735854223	4	13.176	0.0104470885407847	13.176	0.0104470885407847	A
Diet.5mo.as.AL	BorkfalkiaceaeNOV	20	-0.158574685428766	0.217386804260447	-0.729458653059646	4	13.176	0.0104470885407847	13.176	0.0104470885407847	A
Diet.5mo.as.AL	BorkfalkiaceaeNOV	40	0.0219450765369751	0.208113910004313	0.105447427980765	4	13.176	0.0104470885407847	13.176	0.0104470885407847	A
Diet.5mo.as.AL	ButyricicoccaceaeNOV	AL	0	NA	NA	4	5.676	0.224686630158243	5.676	0.224686630158243	A
Diet.5mo.as.AL	ButyricicoccaceaeNOV	1D	0.0112043534981286	0.178511919475606	0.0627652961832596	4	5.676	0.224686630158243	5.676	0.224686630158243	A
Diet.5mo.as.AL	ButyricicoccaceaeNOV	2D	-0.339820480736098	0.178064783741023	-1.9084092519402	4	5.676	0.224686630158243	5.676	0.224686630158243	A
Diet.5mo.as.AL	ButyricicoccaceaeNOV	20	-0.149257350337637	0.187663115772315	-0.795347288801947	4	5.676	0.224686630158243	5.676	0.224686630158243	A
Diet.5mo.as.AL	ButyricicoccaceaeNOV	40	-0.0555641771541585	0.17751697895201	-0.313007676686408	4	5.676	0.224686630158243	5.676	0.224686630158243	A
Diet.5mo.as.AL	CAG115	AL	0	NA	NA	4	11.8	0.0189021692495017	11.8	0.0189021692495017	A
Diet.5mo.as.AL	CAG115	1D	-0.161473255354102	0.172009704991347	-0.938745028149573	4	11.8	0.0189021692495017	11.8	0.0189021692495017	A
Diet.5mo.as.AL	CAG115	2D	-0.401599466018215	0.170377597720769	-2.35711426496571	4	11.8	0.0189021692495017	11.8	0.0189021692495017	A
Diet.5mo.as.AL	CAG115	20	-0.0324796360277287	0.17782650800047	-0.182647887499668	4	11.8	0.0189021692495017	11.8	0.0189021692495017	A
Diet.5mo.as.AL	CAG115	40	0.111495295532368	0.170204809265581	0.655065482658573	4	11.8	0.0189021692495017	11.8	0.0189021692495017	A
Diet.5mo.as.AL	CAG145	AL	0	NA	NA	4	3.6852	0.450282158565682	3.6852	0.450282158565682	A
Diet.5mo.as.AL	CAG145	1D	-0.216829705610834	0.180191415584189	-1.20332983071287	4	3.6852	0.450282158565682	3.6852	0.450282158565682	A
Diet.5mo.as.AL	CAG145	2D	-0.106547146961794	0.180065157145168	-0.591714403002998	4	3.6852	0.450282158565682	3.6852	0.450282158565682	A
Diet.5mo.as.AL	CAG145	20	-0.122627839818929	0.17479897088269	-0.701536394634877	4	3.6852	0.450282158565682	3.6852	0.450282158565682	A
Diet.5mo.as.AL	CAG145	40	-0.311651391187835	0.176933324759732	-1.76140583810904	4	3.6852	0.450282158565682	3.6852	0.450282158565682	A
Diet.5mo.as.AL	CAG273	AL	0	NA	NA	4	1.7172	0.787590901979521	1.7172	0.787590901979521	A
Diet.5mo.as.AL	CAG273	1D	0.11355097948538	0.20657618480203	0.549680882112334	4	1.7172	0.787590901979521	1.7172	0.787590901979521	A
Diet.5mo.as.AL	CAG273	2D	0.142422884076645	0.205292539735081	0.693755770474827	4	1.7172	0.787590901979521	1.7172	0.787590901979521	A
Diet.5mo.as.AL	CAG273	20	0.0990878532925344	0.202706301426738	0.488824731126313	4	1.7172	0.787590901979521	1.7172	0.787590901979521	A
Diet.5mo.as.AL	CAG273	40	-0.0595921330685043	0.202562233872159	-0.29419172532484	4	1.7172	0.787590901979521	1.7172	0.787590901979521	A
Diet.5mo.as.AL	CAG274NOV	AL	0	NA	NA	4	33.548	9.22421753535296e-07	33.548	9.22421753535296e-07	A
Diet.5mo.as.AL	CAG274NOV	1D	-0.137794646743381	0.18452397231548	-0.746757426768344	4	33.548	9.22421753535296e-07	33.548	9.22421753535296e-07	A
Diet.5mo.as.AL	CAG274NOV	2D	-0.659881895276017	0.185138450122714	-3.56426174486516	4	33.548	9.22421753535296e-07	33.548	9.22421753535296e-07	A
Diet.5mo.as.AL	CAG274NOV	20	-0.358668502005923	0.175616380444635	-2.04234081751273	4	33.548	9.22421753535296e-07	33.548	9.22421753535296e-07	A
Diet.5mo.as.AL	CAG274NOV	40	-0.801382145069067	0.181686470439874	-4.41079703474272	4	33.548	9.22421753535296e-07	33.548	9.22421753535296e-07	A
Diet.5mo.as.AL	CAG303	AL	0	NA	NA	4	10.616	0.0312360834715277	10.616	0.0312360834715277	A
Diet.5mo.as.AL	CAG303	1D	-0.342747324663097	0.207159159964702	-1.65451204147332	4	10.616	0.0312360834715277	10.616	0.0312360834715277	A
Diet.5mo.as.AL	CAG303	2D	-0.62883917328083	0.205212306468362	-3.06433461083767	4	10.616	0.0312360834715277	10.616	0.0312360834715277	A
Diet.5mo.as.AL	CAG303	20	-0.340218269482323	0.214217012190207	-1.58819444825529	4	10.616	0.0312360834715277	10.616	0.0312360834715277	A
Diet.5mo.as.AL	CAG303	40	-0.515621278265237	0.204528067101852	-2.52102943899854	4	10.616	0.0312360834715277	10.616	0.0312360834715277	A
Diet.5mo.as.AL	CAG41	AL	0	NA	NA	4	7.732	0.101903625983908	7.732	0.101903625983908	A
Diet.5mo.as.AL	CAG41	1D	-0.127684911325577	0.235662570165523	-0.541812436467509	4	7.732	0.101903625983908	7.732	0.101903625983908	A
Diet.5mo.as.AL	CAG41	2D	-0.470051567335657	0.233232716388669	-2.01537577838069	4	7.732	0.101903625983908	7.732	0.101903625983908	A
Diet.5mo.as.AL	CAG41	20	0.128381904829284	0.241426990470711	0.531762851282604	4	7.732	0.101903625983908	7.732	0.101903625983908	A
Diet.5mo.as.AL	CAG41	40	-0.133394793017864	0.232792781131693	-0.57301945691521	4	7.732	0.101903625983908	7.732	0.101903625983908	A
Diet.5mo.as.AL	CAG475	AL	0	NA	NA	4	15.348	0.00403128556720389	15.348	0.00403128556720389	A
Diet.5mo.as.AL	CAG475	1D	-0.415818274787768	0.180076579134419	-2.30911913579488	4	15.348	0.00403128556720389	15.348	0.00403128556720389	A
Diet.5mo.as.AL	CAG475	2D	-0.526596428823646	0.179492629316503	-2.93380530904746	4	15.348	0.00403128556720389	15.348	0.00403128556720389	A
Diet.5mo.as.AL	CAG475	20	-0.195681938089663	0.186291554082944	-1.05040692291685	4	15.348	0.00403128556720389	15.348	0.00403128556720389	A
Diet.5mo.as.AL	CAG475	40	-0.00747954243659951	0.178896026621845	-0.0418094385763522	4	15.348	0.00403128556720389	15.348	0.00403128556720389	A
Diet.5mo.as.AL	CAG485	AL	0	NA	NA	4	21.232	0.000284830428663119	21.232	0.000284830428663119	A
Diet.5mo.as.AL	CAG485	1D	0.566339465609029	0.202338640382859	2.79896842509872	4	21.232	0.000284830428663119	21.232	0.000284830428663119	A
Diet.5mo.as.AL	CAG485	2D	0.852708368480682	0.200853810905296	4.24541792180751	4	21.232	0.000284830428663119	21.232	0.000284830428663119	A
Diet.5mo.as.AL	CAG485	20	0.661569498781992	0.209545949410871	3.15715718028416	4	21.232	0.000284830428663119	21.232	0.000284830428663119	A
Diet.5mo.as.AL	CAG485	40	0.761272693519334	0.200714717435651	3.79280953208325	4	21.232	0.000284830428663119	21.232	0.000284830428663119	A
Diet.5mo.as.AL	CAG510	AL	0	NA	NA	4	17.012	0.00192260003946021	17.012	0.00192260003946021	A
Diet.5mo.as.AL	CAG510	1D	0.205535643440187	0.227433335238245	0.903718196037007	4	17.012	0.00192260003946021	17.012	0.00192260003946021	A
Diet.5mo.as.AL	CAG510	2D	-0.0960970021522544	0.224915074591642	-0.427259054675321	4	17.012	0.00192260003946021	17.012	0.00192260003946021	A
Diet.5mo.as.AL	CAG510	20	0.0715084953510053	0.230865760826981	0.309740582990114	4	17.012	0.00192260003946021	17.012	0.00192260003946021	A
Diet.5mo.as.AL	CAG510	40	0.701096085274868	0.224961176894028	3.1165203478871	4	17.012	0.00192260003946021	17.012	0.00192260003946021	A
Diet.5mo.as.AL	CAG552NOV	AL	0	NA	NA	4	1.1872	0.880201524906753	1.1872	0.880201524906753	A
Diet.5mo.as.AL	CAG552NOV	1D	-0.12345769397628	0.195096083140695	-0.632804575001374	4	1.1872	0.880201524906753	1.1872	0.880201524906753	A
Diet.5mo.as.AL	CAG552NOV	2D	-0.154976750658812	0.19372317621839	-0.799990758380411	4	1.1872	0.880201524906753	1.1872	0.880201524906753	A
Diet.5mo.as.AL	CAG552NOV	20	0.00982194106182523	0.203037397011497	0.0483750343847693	4	1.1872	0.880201524906753	1.1872	0.880201524906753	A
Diet.5mo.as.AL	CAG552NOV	40	-0.0465203973773821	0.193652048106666	-0.240226725367542	4	1.1872	0.880201524906753	1.1872	0.880201524906753	A
Diet.5mo.as.AL	CAG56	AL	0	NA	NA	4	32.98	1.20579590023873e-06	32.98	1.20579590023873e-06	A
Diet.5mo.as.AL	CAG56	1D	0.218003615043931	0.191741060034331	1.13696886313707	4	32.98	1.20579590023873e-06	32.98	1.20579590023873e-06	A
Diet.5mo.as.AL	CAG56	2D	0.717408645000216	0.190240775568764	3.77105614112103	4	32.98	1.20579590023873e-06	32.98	1.20579590023873e-06	A
Diet.5mo.as.AL	CAG56	20	0.123395894637975	0.198816869568912	0.62065102878609	4	32.98	1.20579590023873e-06	32.98	1.20579590023873e-06	A
Diet.5mo.as.AL	CAG56	40	-0.277108220891356	0.189708387881927	-1.4607062132847	4	32.98	1.20579590023873e-06	32.98	1.20579590023873e-06	A
Diet.5mo.as.AL	CAG582	AL	0	NA	NA	4	10.156	0.037880291872542	10.156	0.037880291872542	A
Diet.5mo.as.AL	CAG582	1D	-0.0951789193325675	0.173889074131878	-0.547354224569531	4	10.156	0.037880291872542	10.156	0.037880291872542	A
Diet.5mo.as.AL	CAG582	2D	-0.323078187065994	0.17309706446757	-1.86645676551334	4	10.156	0.037880291872542	10.156	0.037880291872542	A
Diet.5mo.as.AL	CAG582	20	-0.198995538055327	0.182494354296225	-1.09042024243839	4	10.156	0.037880291872542	10.156	0.037880291872542	A
Diet.5mo.as.AL	CAG582	40	0.160710750897551	0.172878339890447	0.929617620110146	4	10.156	0.037880291872542	10.156	0.037880291872542	A
Diet.5mo.as.AL	CAG776	AL	0	NA	NA	4	7.776	0.100136925143325	7.776	0.100136925143325	A
Diet.5mo.as.AL	CAG776	1D	0.0146721845748074	0.193486821371828	0.0758304078323323	4	7.776	0.100136925143325	7.776	0.100136925143325	A
Diet.5mo.as.AL	CAG776	2D	-0.166540497389803	0.192069159404332	-0.867086094958183	4	7.776	0.100136925143325	7.776	0.100136925143325	A
Diet.5mo.as.AL	CAG776	20	0.0825936342410533	0.201487164589796	0.409920078081421	4	7.776	0.100136925143325	7.776	0.100136925143325	A
Diet.5mo.as.AL	CAG776	40	0.323247732599875	0.191181391174449	1.69079077526388	4	7.776	0.100136925143325	7.776	0.100136925143325	A
Diet.5mo.as.AL	CAG81	AL	0	NA	NA	4	5.964	0.201852954565713	5.964	0.201852954565713	A
Diet.5mo.as.AL	CAG81	1D	0.0522620102277285	0.217212508217049	0.240603134030872	4	5.964	0.201852954565713	5.964	0.201852954565713	A
Diet.5mo.as.AL	CAG81	2D	-0.311750947024681	0.215049855788865	-1.44966824498016	4	5.964	0.201852954565713	5.964	0.201852954565713	A
Diet.5mo.as.AL	CAG81	20	-0.263947105148919	0.223913806148958	-1.17878888170624	4	5.964	0.201852954565713	5.964	0.201852954565713	A
Diet.5mo.as.AL	CAG81	40	-0.329904094138879	0.214583642462277	-1.53741492293325	4	5.964	0.201852954565713	5.964	0.201852954565713	A
Diet.5mo.as.AL	CAG873	AL	0	NA	NA	4	27.836	1.3464802998131e-05	27.836	1.3464802998131e-05	A
Diet.5mo.as.AL	CAG873	1D	0.489250263731575	0.188372734953296	2.59724563564295	4	27.836	1.3464802998131e-05	27.836	1.3464802998131e-05	A
Diet.5mo.as.AL	CAG873	2D	0.900399039159268	0.187557959377624	4.80064424963394	4	27.836	1.3464802998131e-05	27.836	1.3464802998131e-05	A
Diet.5mo.as.AL	CAG873	20	0.672696812458035	0.196114453807469	3.43012358037842	4	27.836	1.3464802998131e-05	27.836	1.3464802998131e-05	A
Diet.5mo.as.AL	CAG873	40	0.807082340643419	0.187410992423908	4.30648346825819	4	27.836	1.3464802998131e-05	27.836	1.3464802998131e-05	A
Diet.5mo.as.AL	CAG95	AL	0	NA	NA	4	7.696	0.103370697043705	7.696	0.103370697043705	A
Diet.5mo.as.AL	CAG95	1D	-0.506052568065854	0.194866877005073	-2.59691424137044	4	7.696	0.103370697043705	7.696	0.103370697043705	A
Diet.5mo.as.AL	CAG95	2D	-0.425937110527268	0.193454624503795	-2.20174168293874	4	7.696	0.103370697043705	7.696	0.103370697043705	A
Diet.5mo.as.AL	CAG95	20	-0.329417895382923	0.202889961867318	-1.62362835672644	4	7.696	0.103370697043705	7.696	0.103370697043705	A
Diet.5mo.as.AL	CAG95	40	-0.289904025602533	0.192830033816088	-1.50341738714328	4	7.696	0.103370697043705	7.696	0.103370697043705	A
Diet.5mo.as.AL	Chao1	AL	0	NA	NA	4	6.54	0.162287443610994	6.54	0.162287443610994	A
Diet.5mo.as.AL	Chao1	1D	0.488341511034471	0.198851245558751	2.45581318669784	4	6.54	0.162287443610994	6.54	0.162287443610994	A
Diet.5mo.as.AL	Chao1	2D	0.268066395316356	0.199480650170851	1.34382154402827	4	6.54	0.162287443610994	6.54	0.162287443610994	A
Diet.5mo.as.AL	Chao1	20	0.224355180319453	0.181143191595506	1.23855154777464	4	6.54	0.162287443610994	6.54	0.162287443610994	A
Diet.5mo.as.AL	Chao1	40	0.400945716386394	0.193287425271428	2.07434971945721	4	6.54	0.162287443610994	6.54	0.162287443610994	A
Diet.5mo.as.AL	Clostridium	AL	0	NA	NA	4	25.368	4.24250005922611e-05	25.368	4.24250005922611e-05	A
Diet.5mo.as.AL	Clostridium	1D	0.241443005166157	0.264311624027339	0.91347857308456	4	25.368	4.24250005922611e-05	25.368	4.24250005922611e-05	A
Diet.5mo.as.AL	Clostridium	2D	0.131027970071356	0.262422574499926	0.499301442800964	4	25.368	4.24250005922611e-05	25.368	4.24250005922611e-05	A
Diet.5mo.as.AL	Clostridium	20	-0.0319283978578165	0.249986164635784	-0.127720659678644	4	25.368	4.24250005922611e-05	25.368	4.24250005922611e-05	A
Diet.5mo.as.AL	Clostridium	40	0.98080535331807	0.256582109292136	3.82257888526965	4	25.368	4.24250005922611e-05	25.368	4.24250005922611e-05	A
Diet.5mo.as.AL	ClostridiumQ	AL	0	NA	NA	4	29.456	6.31516018556599e-06	29.456	6.31516018556599e-06	A
Diet.5mo.as.AL	ClostridiumQ	1D	0.0507545453068067	0.189459497446118	0.267891269590437	4	29.456	6.31516018556599e-06	29.456	6.31516018556599e-06	A
Diet.5mo.as.AL	ClostridiumQ	2D	0.0821731263339685	0.187863354515121	0.437409022882929	4	29.456	6.31516018556599e-06	29.456	6.31516018556599e-06	A
Diet.5mo.as.AL	ClostridiumQ	20	-0.264673875985278	0.197030316127768	-1.34331549168122	4	29.456	6.31516018556599e-06	29.456	6.31516018556599e-06	A
Diet.5mo.as.AL	ClostridiumQ	40	-0.730501881186867	0.187040779332201	-3.90557547821928	4	29.456	6.31516018556599e-06	29.456	6.31516018556599e-06	A
Diet.5mo.as.AL	COE1	AL	0	NA	NA	4	39.488	5.52309169510323e-08	39.488	5.52309169510323e-08	A
Diet.5mo.as.AL	COE1	1D	-0.352650252019311	0.191213556223528	-1.84427432334905	4	39.488	5.52309169510323e-08	39.488	5.52309169510323e-08	A
Diet.5mo.as.AL	COE1	2D	-0.738680066579507	0.190367716052193	-3.88028013309245	4	39.488	5.52309169510323e-08	39.488	5.52309169510323e-08	A
Diet.5mo.as.AL	COE1	20	-0.689695224426755	0.194890375714605	-3.53888806411219	4	39.488	5.52309169510323e-08	39.488	5.52309169510323e-08	A
Diet.5mo.as.AL	COE1	40	-1.10050561381523	0.189870622846977	-5.7960815491829	4	39.488	5.52309169510323e-08	39.488	5.52309169510323e-08	A
Diet.5mo.as.AL	D1663	AL	0	NA	NA	4	25.024	4.97538942771936e-05	25.024	4.97538942771936e-05	A
Diet.5mo.as.AL	D1663	1D	0.427800734288982	0.206055033146771	2.07614794822441	4	25.024	4.97538942771936e-05	25.024	4.97538942771936e-05	A
Diet.5mo.as.AL	D1663	2D	0.277522613049857	0.20449961840392	1.35708132472748	4	25.024	4.97538942771936e-05	25.024	4.97538942771936e-05	A
Diet.5mo.as.AL	D1663	20	0.0773393548044671	0.207567340515084	0.372598861711805	4	25.024	4.97538942771936e-05	25.024	4.97538942771936e-05	A
Diet.5mo.as.AL	D1663	40	-0.447383335448759	0.203869139099292	-2.19446325925214	4	25.024	4.97538942771936e-05	25.024	4.97538942771936e-05	A
Diet.5mo.as.AL	Desulfovibrio	AL	0	NA	NA	4	8.196	0.0846566432842799	8.196	0.0846566432842799	A
Diet.5mo.as.AL	Desulfovibrio	1D	-0.33495670817035	0.172990640173121	-1.93627070132315	4	8.196	0.0846566432842799	8.196	0.0846566432842799	A
Diet.5mo.as.AL	Desulfovibrio	2D	-0.399410817795567	0.172684819661033	-2.31294689700913	4	8.196	0.0846566432842799	8.196	0.0846566432842799	A
Diet.5mo.as.AL	Desulfovibrio	20	-0.0950068689832148	0.182314154979525	-0.521116251197745	4	8.196	0.0846566432842799	8.196	0.0846566432842799	A
Diet.5mo.as.AL	Desulfovibrio	40	-0.106776845394897	0.172553433000178	-0.618804526449421	4	8.196	0.0846566432842799	8.196	0.0846566432842799	A
Diet.5mo.as.AL	Dorea	AL	0	NA	NA	4	15.912	0.00313954843076081	15.912	0.00313954843076081	A
Diet.5mo.as.AL	Dorea	1D	-0.0509246892862823	0.211145462122023	-0.241182968246092	4	15.912	0.00313954843076081	15.912	0.00313954843076081	A
Diet.5mo.as.AL	Dorea	2D	-0.0579587215771196	0.209310217314189	-0.27690345135001	4	15.912	0.00313954843076081	15.912	0.00313954843076081	A
Diet.5mo.as.AL	Dorea	20	-0.338646056907659	0.211258657780662	-1.60299256118183	4	15.912	0.00313954843076081	15.912	0.00313954843076081	A
Diet.5mo.as.AL	Dorea	40	-0.651287874232808	0.207851581390415	-3.13342756343754	4	15.912	0.00313954843076081	15.912	0.00313954843076081	A
Diet.5mo.as.AL	Dubosiella	AL	0	NA	NA	4	27.524	1.5573439535399e-05	27.524	1.5573439535399e-05	A
Diet.5mo.as.AL	Dubosiella	1D	0.114564487546884	0.213510481454751	0.536575472858757	4	27.524	1.5573439535399e-05	27.524	1.5573439535399e-05	A
Diet.5mo.as.AL	Dubosiella	2D	0.401283494461525	0.211437707592755	1.89788046337708	4	27.524	1.5573439535399e-05	27.524	1.5573439535399e-05	A
Diet.5mo.as.AL	Dubosiella	20	0.46967057653085	0.219307291230008	2.14160949185344	4	27.524	1.5573439535399e-05	27.524	1.5573439535399e-05	A
Diet.5mo.as.AL	Dubosiella	40	0.981486186234945	0.211363148360816	4.64360127981942	4	27.524	1.5573439535399e-05	27.524	1.5573439535399e-05	A
Diet.5mo.as.AL	Duncaniella	AL	0	NA	NA	4	17.844	0.00132380450643244	17.844	0.00132380450643244	A
Diet.5mo.as.AL	Duncaniella	1D	0.413698694831773	0.195571442100184	2.11533284404504	4	17.844	0.00132380450643244	17.844	0.00132380450643244	A
Diet.5mo.as.AL	Duncaniella	2D	0.814646261738313	0.194627715589954	4.18566420136496	4	17.844	0.00132380450643244	17.844	0.00132380450643244	A
Diet.5mo.as.AL	Duncaniella	20	0.41078845347058	0.203376273924387	2.01984452534177	4	17.844	0.00132380450643244	17.844	0.00132380450643244	A
Diet.5mo.as.AL	Duncaniella	40	0.507240509152552	0.194759413820559	2.60444668220195	4	17.844	0.00132380450643244	17.844	0.00132380450643244	A
Diet.5mo.as.AL	Emergencia	AL	0	NA	NA	4	282.76	0	282.76	0	A
Diet.5mo.as.AL	Emergencia	1D	0.393182239430027	0.13419236199979	2.92998970709407	4	282.76	0	282.76	0	A
Diet.5mo.as.AL	Emergencia	2D	0.7122528077709	0.133194869992066	5.34744925096085	4	282.76	0	282.76	0	A
Diet.5mo.as.AL	Emergencia	20	-0.448490360246373	0.138110978191616	-3.24731868616653	4	282.76	0	282.76	0	A
Diet.5mo.as.AL	Emergencia	40	-1.16405453706707	0.132437403183867	-8.78946965949624	4	282.76	0	282.76	0	A
Diet.5mo.as.AL	EnterococcusD	AL	0	NA	NA	4	6.344	0.174888882676754	6.344	0.174888882676754	A
Diet.5mo.as.AL	EnterococcusD	1D	0.24110997688056	0.217305561870192	1.10954351469654	4	6.344	0.174888882676754	6.344	0.174888882676754	A
Diet.5mo.as.AL	EnterococcusD	2D	0.253833941199009	0.215035764142076	1.18042662443489	4	6.344	0.174888882676754	6.344	0.174888882676754	A
Diet.5mo.as.AL	EnterococcusD	20	0.442730184883233	0.22353280123861	1.98060500485851	4	6.344	0.174888882676754	6.344	0.174888882676754	A
Diet.5mo.as.AL	EnterococcusD	40	0.49004331147877	0.214654798015064	2.28293667791381	4	6.344	0.174888882676754	6.344	0.174888882676754	A
Diet.5mo.as.AL	ErysipelatoclostridiaceaeNOV	AL	0	NA	NA	4	15.98	0.00304611840943725	15.98	0.00304611840943725	A
Diet.5mo.as.AL	ErysipelatoclostridiaceaeNOV	1D	0.278336741415657	0.177995949055886	1.5637251459485	4	15.98	0.00304611840943725	15.98	0.00304611840943725	A
Diet.5mo.as.AL	ErysipelatoclostridiaceaeNOV	2D	0.338252129117189	0.178097635030878	1.89925109931159	4	15.98	0.00304611840943725	15.98	0.00304611840943725	A
Diet.5mo.as.AL	ErysipelatoclostridiaceaeNOV	20	0.210186186083896	0.181329508720671	1.15913944490787	4	15.98	0.00304611840943725	15.98	0.00304611840943725	A
Diet.5mo.as.AL	ErysipelatoclostridiaceaeNOV	40	-0.219881897773571	0.177450216409615	-1.23911879186447	4	15.98	0.00304611840943725	15.98	0.00304611840943725	A
Diet.5mo.as.AL	Erysipelatoclostridium	AL	0	NA	NA	4	8.916	0.0632337198795921	8.916	0.0632337198795921	A
Diet.5mo.as.AL	Erysipelatoclostridium	1D	0.166620421760064	0.214053924637584	0.778403956116062	4	8.916	0.0632337198795921	8.916	0.0632337198795921	A
Diet.5mo.as.AL	Erysipelatoclostridium	2D	0.151932681057643	0.212510046900175	0.714943520430412	4	8.916	0.0632337198795921	8.916	0.0632337198795921	A
Diet.5mo.as.AL	Erysipelatoclostridium	20	0.607452948943404	0.218070247536533	2.78558380065872	4	8.916	0.0632337198795921	8.916	0.0632337198795921	A
Diet.5mo.as.AL	Erysipelatoclostridium	40	0.273539956679617	0.211646704956796	1.29243664216486	4	8.916	0.0632337198795921	8.916	0.0632337198795921	A
Diet.5mo.as.AL	ErysipelotrichaceaeNOV	AL	0	NA	NA	4	55.92	2.08413286628684e-11	55.92	2.08413286628684e-11	A
Diet.5mo.as.AL	ErysipelotrichaceaeNOV	1D	0.121529477503558	0.227366467255988	0.534509239512131	4	55.92	2.08413286628684e-11	55.92	2.08413286628684e-11	A
Diet.5mo.as.AL	ErysipelotrichaceaeNOV	2D	-0.252710991640888	0.225386592048997	-1.12123347419864	4	55.92	2.08413286628684e-11	55.92	2.08413286628684e-11	A
Diet.5mo.as.AL	ErysipelotrichaceaeNOV	20	-0.420836969489146	0.224167703637693	-1.87733095651154	4	55.92	2.08413286628684e-11	55.92	2.08413286628684e-11	A
Diet.5mo.as.AL	ErysipelotrichaceaeNOV	40	-1.26878443836722	0.223409140381686	-5.67919663537288	4	55.92	2.08413286628684e-11	55.92	2.08413286628684e-11	A
Diet.5mo.as.AL	Escherichia	AL	0	NA	NA	4	12.788	0.01235948938764	12.788	0.01235948938764	A
Diet.5mo.as.AL	Escherichia	1D	0.0787749484193044	0.194820803335537	0.404345670845179	4	12.788	0.01235948938764	12.788	0.01235948938764	A
Diet.5mo.as.AL	Escherichia	2D	0.330319255161497	0.193152497663676	1.71014746978142	4	12.788	0.01235948938764	12.788	0.01235948938764	A
Diet.5mo.as.AL	Escherichia	20	0.319236816311404	0.202271462799798	1.57825929516995	4	12.788	0.01235948938764	12.788	0.01235948938764	A
Diet.5mo.as.AL	Escherichia	40	0.60473358595449	0.192601650221294	3.1398151846553	4	12.788	0.01235948938764	12.788	0.01235948938764	A
Diet.5mo.as.AL	EubacteriumF	AL	0	NA	NA	4	6.688	0.153323621630043	6.688	0.153323621630043	A
Diet.5mo.as.AL	EubacteriumF	1D	0.178614156130105	0.180888654132047	0.987425977528242	4	6.688	0.153323621630043	6.688	0.153323621630043	A
Diet.5mo.as.AL	EubacteriumF	2D	0.320304332002393	0.179542982552594	1.78399805689184	4	6.688	0.153323621630043	6.688	0.153323621630043	A
Diet.5mo.as.AL	EubacteriumF	20	0.42344471802483	0.189542811302797	2.23403206438872	4	6.688	0.153323621630043	6.688	0.153323621630043	A
Diet.5mo.as.AL	EubacteriumF	40	0.108156488684214	0.178727897127948	0.6051460931518	4	6.688	0.153323621630043	6.688	0.153323621630043	A
Diet.5mo.as.AL	EubacteriumG	AL	0	NA	NA	4	5.276	0.260132042814345	5.276	0.260132042814345	A
Diet.5mo.as.AL	EubacteriumG	1D	-0.264610803135435	0.227110674094116	-1.16511830274335	4	5.276	0.260132042814345	5.276	0.260132042814345	A
Diet.5mo.as.AL	EubacteriumG	2D	-0.425128796630335	0.225246683515502	-1.88739203612326	4	5.276	0.260132042814345	5.276	0.260132042814345	A
Diet.5mo.as.AL	EubacteriumG	20	-0.48783376104042	0.233584163038119	-2.08847104484908	4	5.276	0.260132042814345	5.276	0.260132042814345	A
Diet.5mo.as.AL	EubacteriumG	40	-0.285855053697896	0.225176341128124	-1.26947197145923	4	5.276	0.260132042814345	5.276	0.260132042814345	A
Diet.5mo.as.AL	EubacteriumJ	AL	0	NA	NA	4	49.04	5.72769609519241e-10	49.04	5.72769609519241e-10	A
Diet.5mo.as.AL	EubacteriumJ	1D	-0.258802217355604	0.16278376540619	-1.58985275165384	4	49.04	5.72769609519241e-10	49.04	5.72769609519241e-10	A
Diet.5mo.as.AL	EubacteriumJ	2D	-0.519528341738569	0.162447421820537	-3.19813226899049	4	49.04	5.72769609519241e-10	49.04	5.72769609519241e-10	A
Diet.5mo.as.AL	EubacteriumJ	20	-0.693884186909442	0.171861002743237	-4.03747316630122	4	49.04	5.72769609519241e-10	49.04	5.72769609519241e-10	A
Diet.5mo.as.AL	EubacteriumJ	40	-1.03578466750363	0.161910829947022	-6.39725377136627	4	49.04	5.72769609519241e-10	49.04	5.72769609519241e-10	A
Diet.5mo.as.AL	Evtepia	AL	0	NA	NA	4	21.968	0.000203381389980217	21.968	0.000203381389980217	A
Diet.5mo.as.AL	Evtepia	1D	-0.316499636861912	0.182163889235765	-1.73744444186895	4	21.968	0.000203381389980217	21.968	0.000203381389980217	A
Diet.5mo.as.AL	Evtepia	2D	-0.156464295276577	0.181032869769782	-0.864286665043491	4	21.968	0.000203381389980217	21.968	0.000203381389980217	A
Diet.5mo.as.AL	Evtepia	20	-0.442455811833992	0.189858592923873	-2.33044923076725	4	21.968	0.000203381389980217	21.968	0.000203381389980217	A
Diet.5mo.as.AL	Evtepia	40	-0.769781727119446	0.180956325986149	-4.25396417021844	4	21.968	0.000203381389980217	21.968	0.000203381389980217	A
Diet.5mo.as.AL	Flavonifractor	AL	0	NA	NA	4	9.576	0.0482088246224129	9.576	0.0482088246224129	A
Diet.5mo.as.AL	Flavonifractor	1D	-0.193201406730952	0.190685484927931	-1.0131940918522	4	9.576	0.0482088246224129	9.576	0.0482088246224129	A
Diet.5mo.as.AL	Flavonifractor	2D	-0.311774498335668	0.189054042495742	-1.64912896979016	4	9.576	0.0482088246224129	9.576	0.0482088246224129	A
Diet.5mo.as.AL	Flavonifractor	20	-0.474096091372047	0.198317800206183	-2.39058768743476	4	9.576	0.0482088246224129	9.576	0.0482088246224129	A
Diet.5mo.as.AL	Flavonifractor	40	-0.511090105118986	0.188301412283115	-2.71421280872048	4	9.576	0.0482088246224129	9.576	0.0482088246224129	A
Diet.5mo.as.AL	HungatellaA	AL	0	NA	NA	4	0.29996	0.989816754866423	0.29996	0.989816754866423	A
Diet.5mo.as.AL	HungatellaA	1D	-0.0479407576856892	0.215290659227447	-0.222679227504439	4	0.29996	0.989816754866423	0.29996	0.989816754866423	A
Diet.5mo.as.AL	HungatellaA	2D	0.00601765237719271	0.213706278740255	0.0281585193128872	4	0.29996	0.989816754866423	0.29996	0.989816754866423	A
Diet.5mo.as.AL	HungatellaA	20	-0.0189275684608114	0.213908968928968	-0.0884842209075237	4	0.29996	0.989816754866423	0.29996	0.989816754866423	A
Diet.5mo.as.AL	HungatellaA	40	-0.0874802169184984	0.211926330727542	-0.412785974343912	4	0.29996	0.989816754866423	0.29996	0.989816754866423	A
Diet.5mo.as.AL	Ileibacterium	AL	0	NA	NA	4	41.32	2.30746145524208e-08	41.32	2.30746145524208e-08	A
Diet.5mo.as.AL	Ileibacterium	1D	0.479664210223188	0.180497094808635	2.65746221972013	4	41.32	2.30746145524208e-08	41.32	2.30746145524208e-08	A
Diet.5mo.as.AL	Ileibacterium	2D	1.1376102601141	0.179742267303609	6.32911933948469	4	41.32	2.30746145524208e-08	41.32	2.30746145524208e-08	A
Diet.5mo.as.AL	Ileibacterium	20	0.508762323558211	0.188277982884545	2.70218703091903	4	41.32	2.30746145524208e-08	41.32	2.30746145524208e-08	A
Diet.5mo.as.AL	Ileibacterium	40	0.614311943156454	0.179399349799533	3.42427073366155	4	41.32	2.30746145524208e-08	41.32	2.30746145524208e-08	A
Diet.5mo.as.AL	Kineothrix	AL	0	NA	NA	4	35.42	3.80818916401182e-07	35.42	3.80818916401182e-07	A
Diet.5mo.as.AL	Kineothrix	1D	0.357484073657546	0.193707664024344	1.8454823429837	4	35.42	3.80818916401182e-07	35.42	3.80818916401182e-07	A
Diet.5mo.as.AL	Kineothrix	2D	0.591159620386477	0.192034296433397	3.07840646887525	4	35.42	3.80818916401182e-07	35.42	3.80818916401182e-07	A
Diet.5mo.as.AL	Kineothrix	20	0.557535041734048	0.200621939822523	2.77903325143432	4	35.42	3.80818916401182e-07	35.42	3.80818916401182e-07	A
Diet.5mo.as.AL	Kineothrix	40	1.09607764264099	0.191556648055289	5.7219504192025	4	35.42	3.80818916401182e-07	35.42	3.80818916401182e-07	A
Diet.5mo.as.AL	Lachnospira	AL	0	NA	NA	4	31.892	2.01283137624131e-06	31.892	2.01283137624131e-06	A
Diet.5mo.as.AL	Lachnospira	1D	-0.212213549805074	0.213832545054846	-0.992428677078334	4	31.892	2.01283137624131e-06	31.892	2.01283137624131e-06	A
Diet.5mo.as.AL	Lachnospira	2D	-0.398142924792461	0.212134672689049	-1.8768404040016	4	31.892	2.01283137624131e-06	31.892	2.01283137624131e-06	A
Diet.5mo.as.AL	Lachnospira	20	-0.600924231824103	0.209003361141543	-2.87518932012362	4	31.892	2.01283137624131e-06	31.892	2.01283137624131e-06	A
Diet.5mo.as.AL	Lachnospira	40	-1.03092417572326	0.209490268936768	-4.92110770087575	4	31.892	2.01283137624131e-06	31.892	2.01283137624131e-06	A
Diet.5mo.as.AL	LachnospiraceaeNOV	AL	0	NA	NA	4	2.0684	0.723179816574954	2.0684	0.723179816574954	A
Diet.5mo.as.AL	LachnospiraceaeNOV	1D	-0.0341494598539261	0.199295452576783	-0.171350923527817	4	2.0684	0.723179816574954	2.0684	0.723179816574954	A
Diet.5mo.as.AL	LachnospiraceaeNOV	2D	-0.0307003889801164	0.197965430575017	-0.155079545408221	4	2.0684	0.723179816574954	2.0684	0.723179816574954	A
Diet.5mo.as.AL	LachnospiraceaeNOV	20	-0.244999405247061	0.20073530928287	-1.22050976543352	4	2.0684	0.723179816574954	2.0684	0.723179816574954	A
Diet.5mo.as.AL	LachnospiraceaeNOV	40	-0.0263866672698141	0.196377739370207	-0.134366895934526	4	2.0684	0.723179816574954	2.0684	0.723179816574954	A
Diet.5mo.as.AL	Lactobacillus	AL	0	NA	NA	4	62.48	8.73079386565223e-13	62.48	8.73079386565223e-13	A
Diet.5mo.as.AL	Lactobacillus	1D	0.667840468205975	0.171467915620032	3.89484216794173	4	62.48	8.73079386565223e-13	62.48	8.73079386565223e-13	A
Diet.5mo.as.AL	Lactobacillus	2D	1.33634943411502	0.170886715764307	7.82008963153201	4	62.48	8.73079386565223e-13	62.48	8.73079386565223e-13	A
Diet.5mo.as.AL	Lactobacillus	20	0.663263606751851	0.179349538792132	3.69816176399863	4	62.48	8.73079386565223e-13	62.48	8.73079386565223e-13	A
Diet.5mo.as.AL	Lactobacillus	40	0.831531632463199	0.17047499713858	4.87773366429356	4	62.48	8.73079386565223e-13	62.48	8.73079386565223e-13	A
Diet.5mo.as.AL	Lawsonibacter	AL	0	NA	NA	4	2.9216	0.571030018062197	2.9216	0.571030018062197	A
Diet.5mo.as.AL	Lawsonibacter	1D	-0.280381133488358	0.197038231511428	-1.4229783293203	4	2.9216	0.571030018062197	2.9216	0.571030018062197	A
Diet.5mo.as.AL	Lawsonibacter	2D	-0.26717075118168	0.195626891675695	-1.36571587317652	4	2.9216	0.571030018062197	2.9216	0.571030018062197	A
Diet.5mo.as.AL	Lawsonibacter	20	-0.299676125050141	0.204950885052769	-1.4621850741117	4	2.9216	0.571030018062197	2.9216	0.571030018062197	A
Diet.5mo.as.AL	Lawsonibacter	40	-0.215687384118349	0.195304706112067	-1.10436347598601	4	2.9216	0.571030018062197	2.9216	0.571030018062197	A
Diet.5mo.as.AL	Ligilactobacillus	AL	0	NA	NA	4	33.68	8.66713926184204e-07	33.68	8.66713926184204e-07	A
Diet.5mo.as.AL	Ligilactobacillus	1D	0.92667546194693	0.243084520792073	3.81215331575793	4	33.68	8.66713926184204e-07	33.68	8.66713926184204e-07	A
Diet.5mo.as.AL	Ligilactobacillus	2D	1.17571434926245	0.241048651888682	4.87749813181036	4	33.68	8.66713926184204e-07	33.68	8.66713926184204e-07	A
Diet.5mo.as.AL	Ligilactobacillus	20	0.881097849900897	0.233031883066117	3.78101845253041	4	33.68	8.66713926184204e-07	33.68	8.66713926184204e-07	A
Diet.5mo.as.AL	Ligilactobacillus	40	1.28493263339313	0.236914742362066	5.42360775265485	4	33.68	8.66713926184204e-07	33.68	8.66713926184204e-07	A
Diet.5mo.as.AL	Limosilactobacillus	AL	0	NA	NA	4	45.6	2.98306535029269e-09	45.6	2.98306535029269e-09	A
Diet.5mo.as.AL	Limosilactobacillus	1D	0.773175380157842	0.195568971815978	3.95346650840587	4	45.6	2.98306535029269e-09	45.6	2.98306535029269e-09	A
Diet.5mo.as.AL	Limosilactobacillus	2D	1.26790178117057	0.194532765234249	6.51767726451537	4	45.6	2.98306535029269e-09	45.6	2.98306535029269e-09	A
Diet.5mo.as.AL	Limosilactobacillus	20	0.721766416391851	0.196407811354894	3.67483559545234	4	45.6	2.98306535029269e-09	45.6	2.98306535029269e-09	A
Diet.5mo.as.AL	Limosilactobacillus	40	0.996390385012004	0.19363363831594	5.14575046814055	4	45.6	2.98306535029269e-09	45.6	2.98306535029269e-09	A
Diet.5mo.as.AL	Mailhella	AL	0	NA	NA	4	5.776	0.216512907711594	5.776	0.216512907711594	A
Diet.5mo.as.AL	Mailhella	1D	0.178855546781608	0.187595097856458	0.953412689485428	4	5.776	0.216512907711594	5.776	0.216512907711594	A
Diet.5mo.as.AL	Mailhella	2D	0.34742156023494	0.18764190557057	1.85151370733804	4	5.776	0.216512907711594	5.776	0.216512907711594	A
Diet.5mo.as.AL	Mailhella	20	0.0453522102324553	0.17952099123418	0.252629009681072	4	5.776	0.216512907711594	5.776	0.216512907711594	A
Diet.5mo.as.AL	Mailhella	40	0.00627569314955659	0.184890972964267	0.0339426692874262	4	5.776	0.216512907711594	5.776	0.216512907711594	A
Diet.5mo.as.AL	MarseilleP3106	AL	0	NA	NA	4	4.348	0.360953052387009	4.348	0.360953052387009	A
Diet.5mo.as.AL	MarseilleP3106	1D	-0.0112828085730572	0.206647433866553	-0.0545993161489886	4	4.348	0.360953052387009	4.348	0.360953052387009	A
Diet.5mo.as.AL	MarseilleP3106	2D	0.178124172493526	0.205239517765304	0.867884384220852	4	4.348	0.360953052387009	4.348	0.360953052387009	A
Diet.5mo.as.AL	MarseilleP3106	20	0.36476591419122	0.214218611409975	1.70277415108964	4	4.348	0.360953052387009	4.348	0.360953052387009	A
Diet.5mo.as.AL	MarseilleP3106	40	0.102577123523499	0.205441842278199	0.499300056823838	4	4.348	0.360953052387009	4.348	0.360953052387009	A
Diet.5mo.as.AL	MuribaculaceaeNOV	AL	0	NA	NA	4	14.34	0.00628536671412538	14.34	0.00628536671412538	A
Diet.5mo.as.AL	MuribaculaceaeNOV	1D	0.351024099791871	0.182135424786921	1.92726977853172	4	14.34	0.00628536671412538	14.34	0.00628536671412538	A
Diet.5mo.as.AL	MuribaculaceaeNOV	2D	0.0811219454569091	0.181118134052638	0.447895214254653	4	14.34	0.00628536671412538	14.34	0.00628536671412538	A
Diet.5mo.as.AL	MuribaculaceaeNOV	20	0.397040503510246	0.189814159498327	2.09173280096497	4	14.34	0.00628536671412538	14.34	0.00628536671412538	A
Diet.5mo.as.AL	MuribaculaceaeNOV	40	0.579976748407354	0.180565287047252	3.21200579519794	4	14.34	0.00628536671412538	14.34	0.00628536671412538	A
Diet.5mo.as.AL	Muribaculum	AL	0	NA	NA	4	15.992	0.00302991726261015	15.992	0.00302991726261015	A
Diet.5mo.as.AL	Muribaculum	1D	0.361371789187297	0.178859543424766	2.02042218305953	4	15.992	0.00302991726261015	15.992	0.00302991726261015	A
Diet.5mo.as.AL	Muribaculum	2D	0.598648643166733	0.178333950683445	3.35689665861424	4	15.992	0.00302991726261015	15.992	0.00302991726261015	A
Diet.5mo.as.AL	Muribaculum	20	0.449609104929336	0.187474108669202	2.39824639317353	4	15.992	0.00302991726261015	15.992	0.00302991726261015	A
Diet.5mo.as.AL	Muribaculum	40	0.644896757493693	0.178773454958761	3.60734068512831	4	15.992	0.00302991726261015	15.992	0.00302991726261015	A
Diet.5mo.as.AL	Oscillibacter	AL	0	NA	NA	4	8.46	0.0761090025682163	8.46	0.0761090025682163	A
Diet.5mo.as.AL	Oscillibacter	1D	-0.38125439954414	0.189819733889173	-2.00850771272673	4	8.46	0.0761090025682163	8.46	0.0761090025682163	A
Diet.5mo.as.AL	Oscillibacter	2D	-0.403796795245203	0.188546564526791	-2.14162902548047	4	8.46	0.0761090025682163	8.46	0.0761090025682163	A
Diet.5mo.as.AL	Oscillibacter	20	-0.369453577885851	0.198060668083474	-1.86535560775824	4	8.46	0.0761090025682163	8.46	0.0761090025682163	A
Diet.5mo.as.AL	Oscillibacter	40	-0.0764470639557734	0.187759690827901	-0.40715375924774	4	8.46	0.0761090025682163	8.46	0.0761090025682163	A
Diet.5mo.as.AL	OscillospiraceaeNOV	AL	0	NA	NA	4	13.888	0.00766122739863495	13.888	0.00766122739863495	A
Diet.5mo.as.AL	OscillospiraceaeNOV	1D	-0.504182521895275	0.167361596226751	-3.01253413723528	4	13.888	0.00766122739863495	13.888	0.00766122739863495	A
Diet.5mo.as.AL	OscillospiraceaeNOV	2D	-0.532308249761749	0.166808544931983	-3.19113298409742	4	13.888	0.00766122739863495	13.888	0.00766122739863495	A
Diet.5mo.as.AL	OscillospiraceaeNOV	20	-0.2055714483306	0.176458774740046	-1.16498286148389	4	13.888	0.00766122739863495	13.888	0.00766122739863495	A
Diet.5mo.as.AL	OscillospiraceaeNOV	40	-0.354713692403794	0.16683571877603	-2.12612559831976	4	13.888	0.00766122739863495	13.888	0.00766122739863495	A
Diet.5mo.as.AL	Paramuribaculum	AL	0	NA	NA	4	30.924	3.1726438187718e-06	30.924	3.1726438187718e-06	A
Diet.5mo.as.AL	Paramuribaculum	1D	0.58261012719998	0.205670376426566	2.8327372046601	4	30.924	3.1726438187718e-06	30.924	3.1726438187718e-06	A
Diet.5mo.as.AL	Paramuribaculum	2D	0.715774593058451	0.203695563754447	3.513942964027	4	30.924	3.1726438187718e-06	30.924	3.1726438187718e-06	A
Diet.5mo.as.AL	Paramuribaculum	20	0.957404501779126	0.212000765247502	4.51604266928658	4	30.924	3.1726438187718e-06	30.924	3.1726438187718e-06	A
Diet.5mo.as.AL	Paramuribaculum	40	1.03638959018725	0.203361551831166	5.0962907238615	4	30.924	3.1726438187718e-06	30.924	3.1726438187718e-06	A
Diet.5mo.as.AL	Parvibacter	AL	0	NA	NA	4	33.084	1.14810018525535e-06	33.084	1.14810018525535e-06	A
Diet.5mo.as.AL	Parvibacter	1D	0.39651263957205	0.190396503110221	2.08256261588223	4	33.084	1.14810018525535e-06	33.084	1.14810018525535e-06	A
Diet.5mo.as.AL	Parvibacter	2D	0.380758820979478	0.189464394432092	2.0096589764044	4	33.084	1.14810018525535e-06	33.084	1.14810018525535e-06	A
Diet.5mo.as.AL	Parvibacter	20	0.12602824544211	0.19390206682313	0.649958236685885	4	33.084	1.14810018525535e-06	33.084	1.14810018525535e-06	A
Diet.5mo.as.AL	Parvibacter	40	-0.470844626472631	0.189044740098429	-2.4906518225658	4	33.084	1.14810018525535e-06	33.084	1.14810018525535e-06	A
Diet.5mo.as.AL	PCoA1	AL	0	NA	NA	4	38.648	8.2357398123456e-08	38.648	8.2357398123456e-08	A
Diet.5mo.as.AL	PCoA1	1D	0.534681161913421	0.178321496733892	2.99841113778516	4	38.648	8.2357398123456e-08	38.648	8.2357398123456e-08	A
Diet.5mo.as.AL	PCoA1	2D	0.892495395072657	0.177722843624089	5.02183836851284	4	38.648	8.2357398123456e-08	38.648	8.2357398123456e-08	A
Diet.5mo.as.AL	PCoA1	20	0.790775538488568	0.186396557126488	4.24243639839309	4	38.648	8.2357398123456e-08	38.648	8.2357398123456e-08	A
Diet.5mo.as.AL	PCoA1	40	0.996096261227729	0.177387008686725	5.61538451210308	4	38.648	8.2357398123456e-08	38.648	8.2357398123456e-08	A
Diet.5mo.as.AL	PCoA2	AL	0	NA	NA	4	79.88	2.22044604925031e-16	79.88	2.22044604925031e-16	A
Diet.5mo.as.AL	PCoA2	1D	0.237169823789937	0.173810840135145	1.36452837812376	4	79.88	2.22044604925031e-16	79.88	2.22044604925031e-16	A
Diet.5mo.as.AL	PCoA2	2D	0.317628348489348	0.173112655997685	1.83480720493131	4	79.88	2.22044604925031e-16	79.88	2.22044604925031e-16	A
Diet.5mo.as.AL	PCoA2	20	0.698408023011766	0.176036121710342	3.96741314354197	4	79.88	2.22044604925031e-16	79.88	2.22044604925031e-16	A
Diet.5mo.as.AL	PCoA2	40	1.32188164686661	0.172051287020883	7.6830674722367	4	79.88	2.22044604925031e-16	79.88	2.22044604925031e-16	A
Diet.5mo.as.AL	PCoA3	AL	0	NA	NA	4	4.26	0.371960729758042	4.26	0.371960729758042	A
Diet.5mo.as.AL	PCoA3	1D	-0.326127262526143	0.188351931565051	-1.73147819518649	4	4.26	0.371960729758042	4.26	0.371960729758042	A
Diet.5mo.as.AL	PCoA3	2D	-0.27781780169197	0.187798828924578	-1.47933724231872	4	4.26	0.371960729758042	4.26	0.371960729758042	A
Diet.5mo.as.AL	PCoA3	20	-0.0845786776302063	0.197019443023961	-0.429291019871172	4	4.26	0.371960729758042	4.26	0.371960729758042	A
Diet.5mo.as.AL	PCoA3	40	-0.132673312688127	0.187494494934317	-0.707611776732993	4	4.26	0.371960729758042	4.26	0.371960729758042	A
Diet.5mo.as.AL	Prevotella	AL	0	NA	NA	4	20.38	0.000420116091025768	20.38	0.000420116091025768	A
Diet.5mo.as.AL	Prevotella	1D	0.319025535945077	0.192590988941752	1.65649253736147	4	20.38	0.000420116091025768	20.38	0.000420116091025768	A
Diet.5mo.as.AL	Prevotella	2D	0.847261724386572	0.191566168185412	4.42281501171193	4	20.38	0.000420116091025768	20.38	0.000420116091025768	A
Diet.5mo.as.AL	Prevotella	20	0.403056212027134	0.200506260530036	2.01019265414287	4	20.38	0.000420116091025768	20.38	0.000420116091025768	A
Diet.5mo.as.AL	Prevotella	40	0.422817319934816	0.191272891793612	2.21054492338122	4	20.38	0.000420116091025768	20.38	0.000420116091025768	A
Diet.5mo.as.AL	Romboutsia	AL	0	NA	NA	4	24.728	5.70583873173991e-05	24.728	5.70583873173991e-05	A
Diet.5mo.as.AL	Romboutsia	1D	0.000636367543150402	0.257347630192781	0.00247279348433749	4	24.728	5.70583873173991e-05	24.728	5.70583873173991e-05	A
Diet.5mo.as.AL	Romboutsia	2D	0.0515419739617456	0.255030755031974	0.202101013092651	4	24.728	5.70583873173991e-05	24.728	5.70583873173991e-05	A
Diet.5mo.as.AL	Romboutsia	20	0.126589323572853	0.246546434540031	0.513450230213324	4	24.728	5.70583873173991e-05	24.728	5.70583873173991e-05	A
Diet.5mo.as.AL	Romboutsia	40	0.926570185160927	0.250580310284944	3.69769749310028	4	24.728	5.70583873173991e-05	24.728	5.70583873173991e-05	A
Diet.5mo.as.AL	Roseburia	AL	0	NA	NA	4	20.612	0.000377981070459943	20.612	0.000377981070459943	A
Diet.5mo.as.AL	Roseburia	1D	-0.493159699870585	0.220705012421878	-2.23447439846953	4	20.612	0.000377981070459943	20.612	0.000377981070459943	A
Diet.5mo.as.AL	Roseburia	2D	-0.395707515807695	0.219436625091315	-1.80328837833259	4	20.612	0.000377981070459943	20.612	0.000377981070459943	A
Diet.5mo.as.AL	Roseburia	20	-0.182711954329232	0.215362319073859	-0.848393326720124	4	20.612	0.000377981070459943	20.612	0.000377981070459943	A
Diet.5mo.as.AL	Roseburia	40	0.294323984676989	0.216892243067148	1.3570055826564	4	20.612	0.000377981070459943	20.612	0.000377981070459943	A
Diet.5mo.as.AL	RuminiclostridiumE	AL	0	NA	NA	4	29.144	7.30811217275473e-06	29.144	7.30811217275473e-06	A
Diet.5mo.as.AL	RuminiclostridiumE	1D	-0.235936874413947	0.176348270683059	-1.3379029661027	4	29.144	7.30811217275473e-06	29.144	7.30811217275473e-06	A
Diet.5mo.as.AL	RuminiclostridiumE	2D	-0.849476098044691	0.1752915994166	-4.8460742036235	4	29.144	7.30811217275473e-06	29.144	7.30811217275473e-06	A
Diet.5mo.as.AL	RuminiclostridiumE	20	-0.451319519356083	0.183551623314395	-2.45881518891851	4	29.144	7.30811217275473e-06	29.144	7.30811217275473e-06	A
Diet.5mo.as.AL	RuminiclostridiumE	40	-0.637165842470116	0.175554328089206	-3.62945106170409	4	29.144	7.30811217275473e-06	29.144	7.30811217275473e-06	A
Diet.5mo.as.AL	Schaedlerella	AL	0	NA	NA	4	25.768	3.52423208029862e-05	25.768	3.52423208029862e-05	A
Diet.5mo.as.AL	Schaedlerella	1D	-0.0794420693246258	0.191166226808359	-0.415565399029742	4	25.768	3.52423208029862e-05	25.768	3.52423208029862e-05	A
Diet.5mo.as.AL	Schaedlerella	2D	-0.333829710439957	0.189460869698569	-1.76199819504195	4	25.768	3.52423208029862e-05	25.768	3.52423208029862e-05	A
Diet.5mo.as.AL	Schaedlerella	20	-0.565648193410181	0.197527795867885	-2.86363846123464	4	25.768	3.52423208029862e-05	25.768	3.52423208029862e-05	A
Diet.5mo.as.AL	Schaedlerella	40	-0.797651347440784	0.188714303730563	-4.22676676686698	4	25.768	3.52423208029862e-05	25.768	3.52423208029862e-05	A
Diet.5mo.as.AL	Shannon	AL	0	NA	NA	4	15.692	0.00346156451358859	15.692	0.00346156451358859	A
Diet.5mo.as.AL	Shannon	1D	0.144162350476362	0.220639548800685	0.653383997837084	4	15.692	0.00346156451358859	15.692	0.00346156451358859	A
Diet.5mo.as.AL	Shannon	2D	-0.390142088982566	0.218459639592422	-1.78587719777644	4	15.692	0.00346156451358859	15.692	0.00346156451358859	A
Diet.5mo.as.AL	Shannon	20	0.0907939902447415	0.226584693099763	0.400706636457415	4	15.692	0.00346156451358859	15.692	0.00346156451358859	A
Diet.5mo.as.AL	Shannon	40	0.402742262547797	0.217709769031303	1.84990441329203	4	15.692	0.00346156451358859	15.692	0.00346156451358859	A
Diet.5mo.as.AL	Simpson	AL	0	NA	NA	4	13.46	0.00923373976643127	13.46	0.00923373976643127	A
Diet.5mo.as.AL	Simpson	1D	0.21186106148346	0.222045857861867	0.954132013645834	4	13.46	0.00923373976643127	13.46	0.00923373976643127	A
Diet.5mo.as.AL	Simpson	2D	-0.213012646377434	0.219856352079863	-0.968871921881324	4	13.46	0.00923373976643127	13.46	0.00923373976643127	A
Diet.5mo.as.AL	Simpson	20	0.198880876292663	0.228610424811512	0.869955411948686	4	13.46	0.00923373976643127	13.46	0.00923373976643127	A
Diet.5mo.as.AL	Simpson	40	0.513156728146213	0.219157584974481	2.34149654553807	4	13.46	0.00923373976643127	13.46	0.00923373976643127	A
Diet.5mo.as.AL	Staphylococcus	AL	0	NA	NA	4	4.356	0.359965195315303	4.356	0.359965195315303	A
Diet.5mo.as.AL	Staphylococcus	1D	-0.238347201397493	0.282620218850305	-0.843348017941128	4	4.356	0.359965195315303	4.356	0.359965195315303	A
Diet.5mo.as.AL	Staphylococcus	2D	-0.103302892948471	0.279742390622595	-0.369278652114753	4	4.356	0.359965195315303	4.356	0.359965195315303	A
Diet.5mo.as.AL	Staphylococcus	20	0.106836791893795	0.286830655447216	0.372473408489825	4	4.356	0.359965195315303	4.356	0.359965195315303	A
Diet.5mo.as.AL	Staphylococcus	40	0.281518009250482	0.280172601734753	1.00480206668103	4	4.356	0.359965195315303	4.356	0.359965195315303	A
Diet.5mo.as.AL	TF0111	AL	0	NA	NA	4	41.24	2.39719560868323e-08	41.24	2.39719560868323e-08	A
Diet.5mo.as.AL	TF0111	1D	-0.173297406143155	0.182035816711903	-0.951996202029966	4	41.24	2.39719560868323e-08	41.24	2.39719560868323e-08	A
Diet.5mo.as.AL	TF0111	2D	-0.0274149906056048	0.180821619719001	-0.151613455560281	4	41.24	2.39719560868323e-08	41.24	2.39719560868323e-08	A
Diet.5mo.as.AL	TF0111	20	-0.53345441076478	0.188999696753185	-2.82251463853627	4	41.24	2.39719560868323e-08	41.24	2.39719560868323e-08	A
Diet.5mo.as.AL	TF0111	40	-0.929613970185278	0.180744804620462	-5.14324033898144	4	41.24	2.39719560868323e-08	41.24	2.39719560868323e-08	A
Diet.5mo.as.AL	Turicibacter	AL	0	NA	NA	4	19.864	0.000531235181408407	19.864	0.000531235181408407	A
Diet.5mo.as.AL	Turicibacter	1D	-0.152990047906207	0.225672930040588	-0.677928220627488	4	19.864	0.000531235181408407	19.864	0.000531235181408407	A
Diet.5mo.as.AL	Turicibacter	2D	0.00682992035364257	0.223531258551557	0.0305546544044857	4	19.864	0.000531235181408407	19.864	0.000531235181408407	A
Diet.5mo.as.AL	Turicibacter	20	-0.159409713965284	0.231062555024311	-0.689898516652825	4	19.864	0.000531235181408407	19.864	0.000531235181408407	A
Diet.5mo.as.AL	Turicibacter	40	0.653412668904991	0.223878407460785	2.9186051317586	4	19.864	0.000531235181408407	19.864	0.000531235181408407	A
Diet.5mo.as.AL	UBA11940	AL	0	NA	NA	4	8.468	0.075863151807947	8.468	0.075863151807947	A
Diet.5mo.as.AL	UBA11940	1D	-0.141931851831965	0.198532546175615	-0.714904707394512	4	8.468	0.075863151807947	8.468	0.075863151807947	A
Diet.5mo.as.AL	UBA11940	2D	-0.384732777310196	0.197171437172801	-1.95126019684594	4	8.468	0.075863151807947	8.468	0.075863151807947	A
Diet.5mo.as.AL	UBA11940	20	-0.279650402695646	0.203829608392422	-1.37198125876418	4	8.468	0.075863151807947	8.468	0.075863151807947	A
Diet.5mo.as.AL	UBA11940	40	-0.508074843094011	0.196644233191751	-2.58372612736921	4	8.468	0.075863151807947	8.468	0.075863151807947	A
Diet.5mo.as.AL	UBA11957	AL	0	NA	NA	4	68.16	5.55111512312578e-14	68.16	5.55111512312578e-14	A
Diet.5mo.as.AL	UBA11957	1D	-0.51945283293215	0.152569790316524	-3.40468995765468	4	68.16	5.55111512312578e-14	68.16	5.55111512312578e-14	A
Diet.5mo.as.AL	UBA11957	2D	-0.72118336552322	0.152426265234572	-4.73135889286124	4	68.16	5.55111512312578e-14	68.16	5.55111512312578e-14	A
Diet.5mo.as.AL	UBA11957	20	-0.899967788386949	0.161530238577973	-5.57151277872052	4	68.16	5.55111512312578e-14	68.16	5.55111512312578e-14	A
Diet.5mo.as.AL	UBA11957	40	-1.19550338112793	0.151486150500912	-7.89183286508249	4	68.16	5.55111512312578e-14	68.16	5.55111512312578e-14	A
Diet.5mo.as.AL	UBA1394	AL	0	NA	NA	4	13.028	0.0111397882488239	13.028	0.0111397882488239	A
Diet.5mo.as.AL	UBA1394	1D	0.0417697063977283	0.19696899066862	0.212062346747776	4	13.028	0.0111397882488239	13.028	0.0111397882488239	A
Diet.5mo.as.AL	UBA1394	2D	-0.190640490123787	0.195655117429997	-0.974370068250303	4	13.028	0.0111397882488239	13.028	0.0111397882488239	A
Diet.5mo.as.AL	UBA1394	20	0.273453848559233	0.203920147004172	1.34098495208342	4	13.028	0.0111397882488239	13.028	0.0111397882488239	A
Diet.5mo.as.AL	UBA1394	40	0.413866863928451	0.194821785978534	2.12433564269887	4	13.028	0.0111397882488239	13.028	0.0111397882488239	A
Diet.5mo.as.AL	UBA1405	AL	0	NA	NA	4	12.672	0.01299479657582	12.672	0.01299479657582	A
Diet.5mo.as.AL	UBA1405	1D	-0.543972963648118	0.190764256191639	-2.85154553849779	4	12.672	0.01299479657582	12.672	0.01299479657582	A
Diet.5mo.as.AL	UBA1405	2D	-0.556298016559446	0.18932728532187	-2.93828760927777	4	12.672	0.01299479657582	12.672	0.01299479657582	A
Diet.5mo.as.AL	UBA1405	20	-0.563393412458182	0.198327321603873	-2.84072516031588	4	12.672	0.01299479657582	12.672	0.01299479657582	A
Diet.5mo.as.AL	UBA1405	40	-0.551242022531779	0.189252497909815	-2.91273314022235	4	12.672	0.01299479657582	12.672	0.01299479657582	A
Diet.5mo.as.AL	UBA2882	AL	0	NA	NA	4	37.964	1.1398851584854e-07	37.964	1.1398851584854e-07	A
Diet.5mo.as.AL	UBA2882	1D	-0.0727277994237805	0.174362262804539	-0.417107453493585	4	37.964	1.1398851584854e-07	37.964	1.1398851584854e-07	A
Diet.5mo.as.AL	UBA2882	2D	-0.482114538115259	0.173636075396166	-2.77658048314713	4	37.964	1.1398851584854e-07	37.964	1.1398851584854e-07	A
Diet.5mo.as.AL	UBA2882	20	0.0014298424976139	0.18282844327341	0.00782067862097171	4	37.964	1.1398851584854e-07	37.964	1.1398851584854e-07	A
Diet.5mo.as.AL	UBA2882	40	0.514281048625875	0.172924936428792	2.97401322936238	4	37.964	1.1398851584854e-07	37.964	1.1398851584854e-07	A
Diet.5mo.as.AL	UBA3282	AL	0	NA	NA	4	2.2148	0.696320636699951	2.2148	0.696320636699951	A
Diet.5mo.as.AL	UBA3282	1D	-0.203447583557736	0.197607899471632	-1.02955187571812	4	2.2148	0.696320636699951	2.2148	0.696320636699951	A
Diet.5mo.as.AL	UBA3282	2D	-0.238794087671958	0.196965351675917	-1.21236596000329	4	2.2148	0.696320636699951	2.2148	0.696320636699951	A
Diet.5mo.as.AL	UBA3282	20	-0.12170587541999	0.19573944266924	-0.621774915470915	4	2.2148	0.696320636699951	2.2148	0.696320636699951	A
Diet.5mo.as.AL	UBA3282	40	-0.265170256763893	0.194849758961226	-1.36089599585627	4	2.2148	0.696320636699951	2.2148	0.696320636699951	A
Diet.5mo.as.AL	UBA3700	AL	0	NA	NA	4	18.78	0.000868141190306204	18.78	0.000868141190306204	A
Diet.5mo.as.AL	UBA3700	1D	0.134933548951592	0.185183248153395	0.728648785984253	4	18.78	0.000868141190306204	18.78	0.000868141190306204	A
Diet.5mo.as.AL	UBA3700	2D	-0.159267924482554	0.184446076471549	-0.863493154906561	4	18.78	0.000868141190306204	18.78	0.000868141190306204	A
Diet.5mo.as.AL	UBA3700	20	0.541085121653687	0.183531031490387	2.94819419506193	4	18.78	0.000868141190306204	18.78	0.000868141190306204	A
Diet.5mo.as.AL	UBA3700	40	0.298227850291088	0.182070475856686	1.63798028696225	4	18.78	0.000868141190306204	18.78	0.000868141190306204	A
Diet.5mo.as.AL	UBA3700NOV	AL	0	NA	NA	4	40.2	3.93516882413181e-08	40.2	3.93516882413181e-08	A
Diet.5mo.as.AL	UBA3700NOV	1D	0.075788263210301	0.188057657357321	0.403005462661372	4	40.2	3.93516882413181e-08	40.2	3.93516882413181e-08	A
Diet.5mo.as.AL	UBA3700NOV	2D	0.0875220168423754	0.187019071961352	0.467984446316054	4	40.2	3.93516882413181e-08	40.2	3.93516882413181e-08	A
Diet.5mo.as.AL	UBA3700NOV	20	0.727333854652895	0.193681690313882	3.75530517868867	4	40.2	3.93516882413181e-08	40.2	3.93516882413181e-08	A
Diet.5mo.as.AL	UBA3700NOV	40	0.859604625327177	0.186814006230085	4.60139281135304	4	40.2	3.93516882413181e-08	40.2	3.93516882413181e-08	A
Diet.5mo.as.AL	UBA3818	AL	0	NA	NA	4	22.556	0.000155293923356448	22.556	0.000155293923356448	A
Diet.5mo.as.AL	UBA3818	1D	-0.657154762018857	0.174724012364735	-3.76110159745561	4	22.556	0.000155293923356448	22.556	0.000155293923356448	A
Diet.5mo.as.AL	UBA3818	2D	-0.609784968571868	0.173671409307276	-3.51114193754816	4	22.556	0.000155293923356448	22.556	0.000155293923356448	A
Diet.5mo.as.AL	UBA3818	20	-0.7543544423346	0.18340755914116	-4.11299537416564	4	22.556	0.000155293923356448	22.556	0.000155293923356448	A
Diet.5mo.as.AL	UBA3818	40	-0.663169263750389	0.172247999765551	-3.85008397573869	4	22.556	0.000155293923356448	22.556	0.000155293923356448	A
Diet.5mo.as.AL	UBA7160	AL	0	NA	NA	4	47.84	1.01911701300139e-09	47.84	1.01911701300139e-09	A
Diet.5mo.as.AL	UBA7160	1D	0.509424241731753	0.18407094651423	2.76754290331403	4	47.84	1.01911701300139e-09	47.84	1.01911701300139e-09	A
Diet.5mo.as.AL	UBA7160	2D	0.737988144039407	0.182648959186636	4.0404727589239	4	47.84	1.01911701300139e-09	47.84	1.01911701300139e-09	A
Diet.5mo.as.AL	UBA7160	20	-0.0621125848710631	0.191084513357852	-0.325052950548337	4	47.84	1.01911701300139e-09	47.84	1.01911701300139e-09	A
Diet.5mo.as.AL	UBA7160	40	-0.283060820026923	0.18257059742797	-1.55041843546905	4	47.84	1.01911701300139e-09	47.84	1.01911701300139e-09	A
Diet.5mo.as.AL	UBA7173	AL	0	NA	NA	4	2.6588	0.616443087386675	2.6588	0.616443087386675	A
Diet.5mo.as.AL	UBA7173	1D	0.181704346033911	0.195495812027116	0.929453905686265	4	2.6588	0.616443087386675	2.6588	0.616443087386675	A
Diet.5mo.as.AL	UBA7173	2D	0.272716255246578	0.194312610415985	1.40349231407445	4	2.6588	0.616443087386675	2.6588	0.616443087386675	A
Diet.5mo.as.AL	UBA7173	20	0.271530644952104	0.203614562800095	1.33355218417598	4	2.6588	0.616443087386675	2.6588	0.616443087386675	A
Diet.5mo.as.AL	UBA7173	40	0.255621996568159	0.194317846416924	1.31548389034584	4	2.6588	0.616443087386675	2.6588	0.616443087386675	A
Diet.5mo.as.AL	UBA7182	AL	0	NA	NA	4	90.76	0	90.76	0	A
Diet.5mo.as.AL	UBA7182	1D	-0.11378243192709	0.176919669928899	-0.643130478215438	4	90.76	0	90.76	0	A
Diet.5mo.as.AL	UBA7182	2D	-0.305518162957745	0.175465550270032	-1.7411860190651	4	90.76	0	90.76	0	A
Diet.5mo.as.AL	UBA7182	20	-0.747441290056457	0.182447762865064	-4.09674132649823	4	90.76	0	90.76	0	A
Diet.5mo.as.AL	UBA7182	40	-1.38968530604003	0.17487937143779	-7.94653648749179	4	90.76	0	90.76	0	A
Diet.5mo.as.AL	UBA946	AL	0	NA	NA	4	22.744	0.000142443640012035	22.744	0.000142443640012035	A
Diet.5mo.as.AL	UBA946	1D	0.144558875404534	0.175611324343	0.823175133752674	4	22.744	0.000142443640012035	22.744	0.000142443640012035	A
Diet.5mo.as.AL	UBA946	2D	-0.160066934618948	0.174171579876006	-0.919018675336703	4	22.744	0.000142443640012035	22.744	0.000142443640012035	A
Diet.5mo.as.AL	UBA946	20	0.105875261374274	0.183369250765509	0.57738830764852	4	22.744	0.000142443640012035	22.744	0.000142443640012035	A
Diet.5mo.as.AL	UBA946	40	0.580551720612623	0.173618022770391	3.34384478839734	4	22.744	0.000142443640012035	22.744	0.000142443640012035	A
Diet.5mo.as.AL	UBA9475	AL	0	NA	NA	4	2.298	0.681133210152627	2.298	0.681133210152627	A
Diet.5mo.as.AL	UBA9475	1D	-0.213286133381531	0.185606001496364	-1.1491338192839	4	2.298	0.681133210152627	2.298	0.681133210152627	A
Diet.5mo.as.AL	UBA9475	2D	-0.225493088245336	0.184185020665874	-1.22427484835696	4	2.298	0.681133210152627	2.298	0.681133210152627	A
Diet.5mo.as.AL	UBA9475	20	-0.233433910231435	0.192223930163852	-1.21438527467655	4	2.298	0.681133210152627	2.298	0.681133210152627	A
Diet.5mo.as.AL	UBA9475	40	-0.112530800485478	0.183240448852956	-0.614115503372186	4	2.298	0.681133210152627	2.298	0.681133210152627	A
Diet.5mo.as.AL	UBA9502	AL	0	NA	NA	4	44.4	5.29847010710682e-09	44.4	5.29847010710682e-09	A
Diet.5mo.as.AL	UBA9502	1D	-0.235275744015023	0.181613337373025	-1.29547613307595	4	44.4	5.29847010710682e-09	44.4	5.29847010710682e-09	A
Diet.5mo.as.AL	UBA9502	2D	-0.431128988833523	0.180795277808547	-2.38462527373125	4	44.4	5.29847010710682e-09	44.4	5.29847010710682e-09	A
Diet.5mo.as.AL	UBA9502	20	-0.69094583357035	0.178113191224624	-3.87925132787599	4	44.4	5.29847010710682e-09	44.4	5.29847010710682e-09	A
Diet.5mo.as.AL	UBA9502	40	-1.01420162640585	0.178337288997654	-5.68698577906044	4	44.4	5.29847010710682e-09	44.4	5.29847010710682e-09	A
Diet.5mo.as.AL	UMGS1004	AL	0	NA	NA	4	32.908	1.24742248031051e-06	32.908	1.24742248031051e-06	A
Diet.5mo.as.AL	UMGS1004	1D	-0.263890467350796	0.212174028887674	-1.24374537606816	4	32.908	1.24742248031051e-06	32.908	1.24742248031051e-06	A
Diet.5mo.as.AL	UMGS1004	2D	-0.0263946551357858	0.211156561594683	-0.125000402243954	4	32.908	1.24742248031051e-06	32.908	1.24742248031051e-06	A
Diet.5mo.as.AL	UMGS1004	20	0.470578325519303	0.203669069791986	2.31050461417593	4	32.908	1.24742248031051e-06	32.908	1.24742248031051e-06	A
Diet.5mo.as.AL	UMGS1004	40	0.649222722833606	0.2074532001046	3.1294900368192	4	32.908	1.24742248031051e-06	32.908	1.24742248031051e-06	A
Diet.5mo.as.AL	UMGS1217	AL	0	NA	NA	4	16.14	0.00283694435926596	16.14	0.00283694435926596	A
Diet.5mo.as.AL	UMGS1217	1D	0.131826196454539	0.189479144448005	0.695729320704808	4	16.14	0.00283694435926596	16.14	0.00283694435926596	A
Diet.5mo.as.AL	UMGS1217	2D	-0.274661872321478	0.187896398107136	-1.46177295088365	4	16.14	0.00283694435926596	16.14	0.00283694435926596	A
Diet.5mo.as.AL	UMGS1217	20	-0.189848356245807	0.196586288981714	-0.965725317005537	4	16.14	0.00283694435926596	16.14	0.00283694435926596	A
Diet.5mo.as.AL	UMGS1217	40	-0.531385541967246	0.187511544278296	-2.83388174318797	4	16.14	0.00283694435926596	16.14	0.00283694435926596	A
Diet.5mo.as.AL	UMGS1370	AL	0	NA	NA	4	37.896	1.17730101001357e-07	37.896	1.17730101001357e-07	A
Diet.5mo.as.AL	UMGS1370	1D	-0.0389798429969986	0.208437535118461	-0.187009710006622	4	37.896	1.17730101001357e-07	37.896	1.17730101001357e-07	A
Diet.5mo.as.AL	UMGS1370	2D	-0.380415555977394	0.206820953986111	-1.83934726460522	4	37.896	1.17730101001357e-07	37.896	1.17730101001357e-07	A
Diet.5mo.as.AL	UMGS1370	20	-0.638144965569024	0.205027354684231	-3.11248694864084	4	37.896	1.17730101001357e-07	37.896	1.17730101001357e-07	A
Diet.5mo.as.AL	UMGS1370	40	-0.988557625038684	0.204347766965502	-4.83762382001254	4	37.896	1.17730101001357e-07	37.896	1.17730101001357e-07	A
Diet.5mo.as.AL	UMGS1815	AL	0	NA	NA	4	70.28	1.97619698383278e-14	70.28	1.97619698383278e-14	A
Diet.5mo.as.AL	UMGS1815	1D	0.297152450274904	0.183281215026527	1.62129245068511	4	70.28	1.97619698383278e-14	70.28	1.97619698383278e-14	A
Diet.5mo.as.AL	UMGS1815	2D	0.585257331196608	0.182924516347247	3.19944719758399	4	70.28	1.97619698383278e-14	70.28	1.97619698383278e-14	A
Diet.5mo.as.AL	UMGS1815	20	1.16370987975837	0.179613516641169	6.47896606847929	4	70.28	1.97619698383278e-14	70.28	1.97619698383278e-14	A
Diet.5mo.as.AL	UMGS1815	40	1.1425124523951	0.180791401284471	6.31950659311162	4	70.28	1.97619698383278e-14	70.28	1.97619698383278e-14	A
Diet.5mo.as.AL	UMGS1872	AL	0	NA	NA	4	12.472	0.0141657042054453	12.472	0.0141657042054453	A
Diet.5mo.as.AL	UMGS1872	1D	-0.107333710948778	0.191266407531211	-0.561173874357749	4	12.472	0.0141657042054453	12.472	0.0141657042054453	A
Diet.5mo.as.AL	UMGS1872	2D	-0.165583248270334	0.191460531392682	-0.864842727980973	4	12.472	0.0141657042054453	12.472	0.0141657042054453	A
Diet.5mo.as.AL	UMGS1872	20	-0.280558330882975	0.18132034297653	-1.54730752367532	4	12.472	0.0141657042054453	12.472	0.0141657042054453	A
Diet.5mo.as.AL	UMGS1872	40	-0.545908882283841	0.187443839939237	-2.91238635775283	4	12.472	0.0141657042054453	12.472	0.0141657042054453	A
Diet.5mo.as.AL	UMGS268	AL	0	NA	NA	4	16.088	0.00290332558493223	16.088	0.00290332558493223	A
Diet.5mo.as.AL	UMGS268	1D	-0.164406429726939	0.189969082357908	-0.865437826441628	4	16.088	0.00290332558493223	16.088	0.00290332558493223	A
Diet.5mo.as.AL	UMGS268	2D	-0.511802493717833	0.189787947661859	-2.6967070355263	4	16.088	0.00290332558493223	16.088	0.00290332558493223	A
Diet.5mo.as.AL	UMGS268	20	0.0255445408623677	0.186500604540159	0.136967603538611	4	16.088	0.00290332558493223	16.088	0.00290332558493223	A
Diet.5mo.as.AL	UMGS268	40	0.114999374677695	0.187564251503346	0.613119897613557	4	16.088	0.00290332558493223	16.088	0.00290332558493223	A
Diet.5mo.as.AL	uniq	AL	0	NA	NA	4	9.228	0.0556464763090579	9.228	0.0556464763090579	A
Diet.5mo.as.AL	uniq	1D	0.401337124500321	0.196315040965793	2.04435239666762	4	9.228	0.0556464763090579	9.228	0.0556464763090579	A
Diet.5mo.as.AL	uniq	2D	0.392149472966999	0.195824251557608	2.00255826256349	4	9.228	0.0556464763090579	9.228	0.0556464763090579	A
Diet.5mo.as.AL	uniq	20	0.569567284441234	0.192059062165512	2.96558401368426	4	9.228	0.0556464763090579	9.228	0.0556464763090579	A
Diet.5mo.as.AL	uniq	40	0.340907232298108	0.19314534641434	1.76502949010631	4	9.228	0.0556464763090579	9.228	0.0556464763090579	A
Diet.5mo.as.AL	X142	AL	0	NA	NA	4	27.608	1.49753867866309e-05	27.608	1.49753867866309e-05	A
Diet.5mo.as.AL	X142	1D	-0.204302392488307	0.170486982820163	-1.19834599163395	4	27.608	1.49753867866309e-05	27.608	1.49753867866309e-05	A
Diet.5mo.as.AL	X142	2D	-0.378718569375366	0.170498979839589	-2.22123657121982	4	27.608	1.49753867866309e-05	27.608	1.49753867866309e-05	A
Diet.5mo.as.AL	X142	20	-0.598312892138914	0.169536945139232	-3.52910034829017	4	27.608	1.49753867866309e-05	27.608	1.49753867866309e-05	A
Diet.5mo.as.AL	X142	40	-0.747139508643759	0.168759075516855	-4.42725528304482	4	27.608	1.49753867866309e-05	27.608	1.49753867866309e-05	A
Diet.5mo.as.AL	X1XD4269	AL	0	NA	NA	4	22.88	0.000133810904820675	22.88	0.000133810904820675	A
Diet.5mo.as.AL	X1XD4269	1D	-0.341703383586448	0.194803622412968	-1.75409152742583	4	22.88	0.000133810904820675	22.88	0.000133810904820675	A
Diet.5mo.as.AL	X1XD4269	2D	-0.54852334131793	0.193146579264011	-2.83993298461763	4	22.88	0.000133810904820675	22.88	0.000133810904820675	A
Diet.5mo.as.AL	X1XD4269	20	0.148528946757086	0.197254617488472	0.752980835877092	4	22.88	0.000133810904820675	22.88	0.000133810904820675	A
Diet.5mo.as.AL	X1XD4269	40	0.144048642105037	0.191908995185734	0.750609120565837	4	22.88	0.000133810904820675	22.88	0.000133810904820675	A
Diet.5mo.as.AL	X1XD876	AL	0	NA	NA	4	7.096	0.130901201923372	7.096	0.130901201923372	A
Diet.5mo.as.AL	X1XD876	1D	-0.264997245543452	0.157267522299528	-1.68500935011072	4	7.096	0.130901201923372	7.096	0.130901201923372	A
Diet.5mo.as.AL	X1XD876	2D	-0.306909097164993	0.157287939778223	-1.9512563874747	4	7.096	0.130901201923372	7.096	0.130901201923372	A
Diet.5mo.as.AL	X1XD876	20	-0.306836227376262	0.167493407833744	-1.8319301717285	4	7.096	0.130901201923372	7.096	0.130901201923372	A
Diet.5mo.as.AL	X1XD876	40	-0.40285103559159	0.157073772540708	-2.56472502745284	4	7.096	0.130901201923372	7.096	0.130901201923372	A
