fixef	feature	fixef.value	solution	std.error	z.ratio	Df	Wald(inc)	Pr(chisq)(inc)	Wald(con)	Pr(chisq)(con)	Margin
(Intercept)	Acetatifactor	NA	-0.0673456236818446	0.197599979721987	-0.340817968587833	1	0.0008851	0.976265932675155	0.0008851	0.976265932675155	 
(Intercept)	Acutalibacter	NA	0.237109685778334	0.138580599575382	1.71098758776372	1	0.007581	0.930616715316182	0.007581	0.930616715316182	 
(Intercept)	Adlercreutzia	NA	-0.327721689429772	0.277470619656677	-1.18110411053708	1	0.05724	0.810912645294457	0.05724	0.810912645294457	 
(Intercept)	AF3328	NA	0.0928280247501977	0.260302513278908	0.356615937283459	1	0.0007561	0.978063115182568	0.0007561	0.978063115182568	 
(Intercept)	Akkermansia	NA	-0.0637197862510439	0.259229089347845	-0.245804922631741	1	0.1092	0.741056768906558	0.1092	0.741056768906558	 
(Intercept)	Alistipes	NA	-0.0530182148063994	0.27836496577011	-0.190462958079951	1	0.00791	0.929131039895726	0.00791	0.929131039895726	 
(Intercept)	AM0715	NA	0.287823984980908	0.198887895162291	1.44716693163275	1	0.003746	0.951196286248814	0.003746	0.951196286248814	 
(Intercept)	Anaerotignum	NA	0.013167250165228	0.124046388767555	0.106147791129184	1	0.001428	0.969856004730568	0.001428	0.969856004730568	 
(Intercept)	Anaerotruncus	NA	0.311282097705708	0.10359287893829	3.00485999516567	1	0.0007752	0.977787837830905	0.0007752	0.977787837830905	 
(Intercept)	AnaerovoracaceaeNOV	NA	0.0559496531536449	0.176492777864561	0.317008173538864	1	0.003044	0.956001071715216	0.003044	0.956001071715216	 
(Intercept)	Angelakisella	NA	0.313171985551052	0.132501362441552	2.36353785184056	1	0.1201	0.728926056789962	0.1201	0.728926056789962	 
(Intercept)	ASF356	NA	0.367003514782491	0.234447303090409	1.56539874822516	1	0.002893	0.957105173418254	0.002893	0.957105173418254	 
(Intercept)	Bacteroides	NA	-0.345621482569773	0.127578092464537	-2.70909743117414	1	0.01068	0.917689887765474	0.01068	0.917689887765474	 
(Intercept)	Bifidobacterium	NA	-0.32455449445978	0.283605017025471	-1.14438911505797	1	0.0006013	0.980436698793028	0.0006013	0.980436698793028	 
(Intercept)	BorkfalkiaceaeNOV	NA	0.0317657247184635	0.189645909777445	0.16750018366197	1	0.0004727	0.982654027699078	0.0004727	0.982654027699078	 
(Intercept)	ButyricicoccaceaeNOV	NA	0.255090753273643	0.277136231976015	0.920452556689591	1	0.003499	0.952830765770691	0.003499	0.952830765770691	 
(Intercept)	CAG115	NA	0.102336346195681	0.233435276104606	0.4383928080768	1	0.0006879	0.979075604190117	0.0006879	0.979075604190117	 
(Intercept)	CAG145	NA	0.0949252075496571	0.186826267406	0.508093475653351	1	2.205e-05	0.996253353125012	2.205e-05	0.996253353125012	 
(Intercept)	CAG273	NA	0.101384068118903	0.138086530456832	0.734206788913402	1	0.0238	0.877394890411867	0.0238	0.877394890411867	 
(Intercept)	CAG274NOV	NA	0.446533683154392	0.108123778517317	4.12983794386056	1	0.03981	0.841852531551325	0.03981	0.841852531551325	 
(Intercept)	CAG303	NA	0.336174076938543	0.148677288756168	2.26109905387009	1	0.003299	0.954197152093562	0.003299	0.954197152093562	 
(Intercept)	CAG41	NA	0.248617695029009	0.12596986309594	1.97362836569615	1	0.03616	0.849185455551791	0.03616	0.849185455551791	 
(Intercept)	CAG475	NA	0.143395615346432	0.179387039417218	0.799364412347108	1	3.878e-05	0.995031318520948	3.878e-05	0.995031318520948	 
(Intercept)	CAG485	NA	-0.413429144342935	0.210745668607533	-1.96174444331217	1	0.00227	0.961999552859593	0.00227	0.961999552859593	 
(Intercept)	CAG510	NA	-0.0851977472509422	0.251097924761824	-0.339300881645101	1	0.00577	0.939450511022047	0.00577	0.939450511022047	 
(Intercept)	CAG552NOV	NA	0.020516789995317	0.257904893532033	0.0795517669879679	1	3.154e-05	0.995519065217509	3.154e-05	0.995519065217509	 
(Intercept)	CAG56	NA	-0.0607104088593543	0.233220367524125	-0.260313494502465	1	0.005244	0.942271275459613	0.005244	0.942271275459613	 
(Intercept)	CAG582	NA	-0.0335612681808837	0.214277109029149	-0.156625541257971	1	0.002295	0.961791031439733	0.002295	0.961791031439733	 
(Intercept)	CAG776	NA	-0.048530133177257	0.118949469205927	-0.407989489160653	1	0.02483	0.874791406036946	0.02483	0.874791406036946	 
(Intercept)	CAG81	NA	0.131259437364484	0.111483932629846	1.17738434829256	1	0.005107	0.943029050286973	0.005107	0.943029050286973	 
(Intercept)	CAG873	NA	-0.453087621000829	0.233082989612431	-1.94388969248344	1	0.0001931	0.98891291897188	0.0001931	0.98891291897188	 
(Intercept)	CAG95	NA	0.258376286365954	0.16507142205597	1.56523935607914	1	0.004423	0.946975268491017	0.004423	0.946975268491017	 
(Intercept)	Chao1	NA	-0.00415853883439352	0.101707877458116	-0.0408870870017519	1	0.000111	0.991593920045401	0.000111	0.991593920045401	 
(Intercept)	Clostridium	NA	-0.0649148741699152	0.134431324630443	-0.482885029574533	1	0.03994	0.841597939715905	0.03994	0.841597939715905	 
(Intercept)	ClostridiumQ	NA	0.109107484776728	0.223273367753333	0.488672186363344	1	0.001633	0.967765943245493	0.001633	0.967765943245493	 
(Intercept)	COE1	NA	0.614927448685677	0.182984387288605	3.36054598863566	1	0.000121	0.991223446825348	0.000121	0.991223446825348	 
(Intercept)	D1663	NA	-0.0443186815721708	0.196814316711383	-0.22518017140573	1	0.01688	0.89662730430718	0.01688	0.89662730430718	 
(Intercept)	Desulfovibrio	NA	-0.201167254864489	0.306946971874816	-0.655381135170579	1	0.02702	0.869433885261996	0.02702	0.869433885261996	 
(Intercept)	Dorea	NA	0.181811265099611	0.181148675035734	1.00365771410553	1	0.01383	0.906383796392928	0.01383	0.906383796392928	 
(Intercept)	Dubosiella	NA	-0.119929972758743	0.166424305639077	-0.720627749043063	1	0.03858	0.844283069910289	0.03858	0.844283069910289	 
(Intercept)	Duncaniella	NA	-0.307010836866646	0.204465040469028	-1.50153217470519	1	2.007e-06	0.998869648272278	2.007e-06	0.998869648272278	 
(Intercept)	Emergencia	NA	0.0369552445206642	0.100926237303474	0.36616092611819	1	0.007591	0.930571084693908	0.007591	0.930571084693908	 
(Intercept)	EnterococcusD	NA	-0.132210124459557	0.23484457175706	-0.562968619927587	1	0.0003387	0.985316717840524	0.0003387	0.985316717840524	 
(Intercept)	ErysipelatoclostridiaceaeNOV	NA	-0.115544763355063	0.327731973332328	-0.352558714916403	1	0.004435	0.94690349289186	0.004435	0.94690349289186	 
(Intercept)	Erysipelatoclostridium	NA	-0.19592936173985	0.243412190553578	-0.804928304101204	1	0.007621	0.930434374232116	0.007621	0.930434374232116	 
(Intercept)	ErysipelotrichaceaeNOV	NA	0.202178105924	0.165826308767077	1.21921610284399	1	0.01013	0.919829970143936	0.01013	0.919829970143936	 
(Intercept)	Escherichia	NA	-0.196761321992017	0.216653871737924	-0.908182809813939	1	3.09e-05	0.995564760620818	3.09e-05	0.995564760620818	 
(Intercept)	EubacteriumF	NA	-0.19692053348977	0.127656325880842	-1.5425834335353	1	0.0228	0.879978327980169	0.0228	0.879978327980169	 
(Intercept)	EubacteriumG	NA	0.254270681332965	0.122843882057067	2.06986849548474	1	0.01023	0.919436576864401	0.01023	0.919436576864401	 
(Intercept)	EubacteriumJ	NA	0.392596591391412	0.184162707974245	2.13179202081626	1	0.002324	0.961550567630753	0.002324	0.961550567630753	 
(Intercept)	Evtepia	NA	0.26713004662511	0.122854249064934	2.17436554826785	1	0.0005622	0.981083325531911	0.0005622	0.981083325531911	 
(Intercept)	Flavonifractor	NA	0.215085701398206	0.114319734670963	1.88143982329271	1	0.01327	0.908290176491703	0.01327	0.908290176491703	 
(Intercept)	HungatellaA	NA	0.0417255042741581	0.285906091925889	0.145941291397785	1	0.009116	0.92393536553923	0.009116	0.92393536553923	 
(Intercept)	Ileibacterium	NA	-0.426422780567081	0.28212836737893	-1.51144950268098	1	0.0008317	0.976992829279127	0.0008317	0.976992829279127	 
(Intercept)	Kineothrix	NA	-0.435689979568702	0.248110448720156	-1.75603237113209	1	0.03318	0.855462043372598	0.03318	0.855462043372598	 
(Intercept)	Lachnospira	NA	0.20339053054278	0.24329532884775	0.83598206141499	1	0.009112	0.923952004893472	0.009112	0.923952004893472	 
(Intercept)	LachnospiraceaeNOV	NA	0.0312806516569709	0.164857482931789	0.189743596109092	1	0.0005587	0.981142289744421	0.0005587	0.981142289744421	 
(Intercept)	Lactobacillus	NA	-0.55715752781559	0.280863174490806	-1.98373292912356	1	0.0005605	0.981111942284755	0.0005605	0.981111942284755	 
(Intercept)	Lawsonibacter	NA	0.175276314161752	0.168434607326516	1.04061936524703	1	0.04319	0.835367923465705	0.04319	0.835367923465705	 
(Intercept)	Ligilactobacillus	NA	-0.904307526634722	0.172030505889304	-5.25666957706102	1	0.001165	0.972771814217752	0.001165	0.972771814217752	 
(Intercept)	Limosilactobacillus	NA	-0.564709967370833	0.229711099320273	-2.45834863461904	1	0.006866	0.933961802493342	0.006866	0.933961802493342	 
(Intercept)	Mailhella	NA	-0.083059048344068	0.204353361127939	-0.406448163541912	1	0.002342	0.961402070040509	0.002342	0.961402070040509	 
(Intercept)	MarseilleP3106	NA	-0.075649911661381	0.204506992391915	-0.369913570076891	1	0.001377	0.970398932709639	0.001377	0.970398932709639	 
(Intercept)	MuribaculaceaeNOV	NA	-0.0171385112115281	0.18923892577621	-0.0905654644848057	1	0.09375	0.759462865379934	0.09375	0.759462865379934	 
(Intercept)	Muribaculum	NA	-0.517322184064146	0.251624734662869	-2.05592739027529	1	0.003723	0.951346155055621	0.003723	0.951346155055621	 
(Intercept)	Oscillibacter	NA	0.167436530899689	0.191153603135476	0.875926627347021	1	0.0152	0.901878821187062	0.0152	0.901878821187062	 
(Intercept)	OscillospiraceaeNOV	NA	0.244666874651778	0.223394204121232	1.09522480949865	1	0.0001121	0.99155237252969	0.0001121	0.99155237252969	 
(Intercept)	Paramuribaculum	NA	-0.478772836541421	0.153744237313273	-3.11408638728919	1	0.00737	0.931586689066021	0.00737	0.931586689066021	 
(Intercept)	Parvibacter	NA	-0.307744791157468	0.243515178305669	-1.26376020295202	1	0.08189	0.774752294164738	0.08189	0.774752294164738	 
(Intercept)	PCoA1	NA	-0.581780664673033	0.190479503849111	-3.05429535943086	1	0.008106	0.928260731117431	0.008106	0.928260731117431	 
(Intercept)	PCoA2	NA	-0.586830064301793	0.192979057055631	-3.04090025754777	1	0.0001162	0.991399281871841	0.0001162	0.991399281871841	 
(Intercept)	PCoA3	NA	0.118307683982349	0.2265528871318	0.522207796511207	1	0.002594	0.959380243107268	0.002594	0.959380243107268	 
(Intercept)	Prevotella	NA	-0.256088171964464	0.220359654290021	-1.16213729228046	1	0.01497	0.902620289789466	0.01497	0.902620289789466	 
(Intercept)	Romboutsia	NA	-0.198573247858646	0.141628434738078	-1.40207189485558	1	0.001819	0.965980747760165	0.001819	0.965980747760165	 
(Intercept)	Roseburia	NA	0.161380645668403	0.210358836538658	0.767168369647953	1	0.001153	0.972912354032347	0.001153	0.972912354032347	 
(Intercept)	RuminiclostridiumE	NA	0.273270134184834	0.188201188754988	1.45201067003139	1	0.008681	0.925767010386808	0.008681	0.925767010386808	 
(Intercept)	Schaedlerella	NA	0.280661712200013	0.205669090839167	1.36462757264528	1	0.01311	0.908842311765374	0.01311	0.908842311765374	 
(Intercept)	Shannon	NA	-0.109423201194216	0.200278797412599	-0.546354395012624	1	0.004891	0.944244850336744	0.004891	0.944244850336744	 
(Intercept)	Simpson	NA	-0.257517833234668	0.213221513952948	-1.20774788838379	1	0.002776	0.957980691992195	0.002776	0.957980691992195	 
(Intercept)	Staphylococcus	NA	0.013337323830846	0.17394419521064	0.0766758776554456	1	0.00147	0.969416137173323	0.00147	0.969416137173323	 
(Intercept)	TF0111	NA	0.44841563051937	0.231902032185207	1.93364252263752	1	0.0001987	0.988753312892988	0.0001987	0.988753312892988	 
(Intercept)	Turicibacter	NA	-0.0344559058129226	0.223422223341582	-0.154218793894304	1	0.00124	0.971909390834897	0.00124	0.971909390834897	 
(Intercept)	UBA11940	NA	0.278730243210151	0.173385931023572	1.60757128081089	1	0.007297	0.931925522439648	0.007297	0.931925522439648	 
(Intercept)	UBA11957	NA	0.722862029149431	0.244672693680221	2.95440418085309	1	0.00647	0.935890249079958	0.00647	0.935890249079958	 
(Intercept)	UBA1394	NA	0.00113918130417648	0.170441820374339	0.00668369594782848	1	0.0003837	0.984371827771853	0.0003837	0.984371827771853	 
(Intercept)	UBA1405	NA	0.229031507344164	0.221773231100481	1.0327283694595	1	0.01413	0.9053786060095	0.01413	0.9053786060095	 
(Intercept)	UBA2882	NA	0.141932612282326	0.251761045177285	0.563759227256067	1	0.003694	0.95153578392841	0.003694	0.95153578392841	 
(Intercept)	UBA3282	NA	0.0924454841613212	0.0950213831774843	0.97289137528811	1	1.675e-06	0.998967363799132	1.675e-06	0.998967363799132	 
(Intercept)	UBA3700	NA	-0.105176100409135	0.22509683016059	-0.467248251937176	1	0.005447	0.941166508133208	0.005447	0.941166508133208	 
(Intercept)	UBA3700NOV	NA	-0.442046139110711	0.207482659621975	-2.13052088264195	1	0.003215	0.954783401304957	0.003215	0.954783401304957	 
(Intercept)	UBA3818	NA	0.354638260352741	0.183048662469793	1.93739880733226	1	0.0001232	0.99114402263295	0.0001232	0.99114402263295	 
(Intercept)	UBA7160	NA	-0.168938154288912	0.190403530535241	-0.887263769815676	1	0.005322	0.941844283061468	0.005322	0.941844283061468	 
(Intercept)	UBA7173	NA	-0.264856869100319	0.153197119175031	-1.72886324838599	1	0.0009532	0.975370075090263	0.0009532	0.975370075090263	 
(Intercept)	UBA7182	NA	0.489429498554942	0.199531474054505	2.45289371450865	1	0.0005282	0.981664150785091	0.0005282	0.981664150785091	 
(Intercept)	UBA946	NA	0.110527558946831	0.274870000783497	0.402108482671008	1	0.00495	0.943910123183399	0.00495	0.943910123183399	 
(Intercept)	UBA9475	NA	0.112997269632066	0.202522501468775	0.557949209656035	1	0.008149	0.928071219625736	0.008149	0.928071219625736	 
(Intercept)	UBA9502	NA	0.444986072176416	0.154284296906041	2.88419548262525	1	0.03099	0.860262699751065	0.03099	0.860262699751065	 
(Intercept)	UMGS1004	NA	-0.225468647867527	0.25106065370409	-0.898064449928795	1	0.01175	0.913680450044251	0.01175	0.913680450044251	 
(Intercept)	UMGS1217	NA	0.381253975099105	0.119397714871216	3.19314298025161	1	0.01365	0.90699222265576	0.01365	0.90699222265576	 
(Intercept)	UMGS1370	NA	0.435287073502987	0.168982966589083	2.57592278256943	1	0.001211	0.972239678913382	0.001211	0.972239678913382	 
(Intercept)	UMGS1815	NA	-0.544883661917567	0.163181812683491	-3.3391200462666	1	5.018e-05	0.994348005145032	5.018e-05	0.994348005145032	 
(Intercept)	UMGS1872	NA	0.242654279051726	0.122466600783274	1.98139147734774	1	0.1006	0.751110795261288	0.1006	0.751110795261288	 
(Intercept)	UMGS268	NA	0.144324421715752	0.241928758737615	0.596557525731283	1	0.04948	0.823970595147095	0.04948	0.823970595147095	 
(Intercept)	uniq	NA	-0.316175770982148	0.183891440792096	-1.71936099701133	1	0.003801	0.9508397661128	0.003801	0.9508397661128	 
(Intercept)	X142	NA	0.224161339531947	0.222522431622067	1.00736513572107	1	0.001462	0.96949943144486	0.001462	0.96949943144486	 
(Intercept)	X1XD4269	NA	0.197040006758424	0.143423328713984	1.37383512518639	1	0.07123	0.789554248812603	0.07123	0.789554248812603	 
(Intercept)	X1XD876	NA	0.274890994527878	0.178492442066766	1.54007078028017	1	0.003407	0.953454298782941	0.003407	0.953454298782941	 
Diet.5mo.as.AL	Acetatifactor	AL	0	NA	NA	4	27.208	1.80438701236074e-05	27.208	1.80438701236074e-05	A
Diet.5mo.as.AL	Acetatifactor	1D	-0.0973388469862327	0.127216899805158	-0.765140851060782	4	27.208	1.80438701236074e-05	27.208	1.80438701236074e-05	A
Diet.5mo.as.AL	Acetatifactor	2D	0.275852220664676	0.12787508241377	2.15720072634706	4	27.208	1.80438701236074e-05	27.208	1.80438701236074e-05	A
Diet.5mo.as.AL	Acetatifactor	20	-0.185815111042343	0.124399509880008	-1.49369648820621	4	27.208	1.80438701236074e-05	27.208	1.80438701236074e-05	A
Diet.5mo.as.AL	Acetatifactor	40	0.355328428778357	0.128371039394536	2.7679796818213	4	27.208	1.80438701236074e-05	27.208	1.80438701236074e-05	A
Diet.5mo.as.AL	Acutalibacter	AL	0	NA	NA	4	13.54	0.00891758743750404	13.54	0.00891758743750404	A
Diet.5mo.as.AL	Acutalibacter	1D	-0.147840158936633	0.133121437020108	-1.11056612853648	4	13.54	0.00891758743750404	13.54	0.00891758743750404	A
Diet.5mo.as.AL	Acutalibacter	2D	-0.211543763684896	0.131852036615117	-1.604402701055	4	13.54	0.00891758743750404	13.54	0.00891758743750404	A
Diet.5mo.as.AL	Acutalibacter	20	-0.435671358268182	0.136430832460667	-3.19334970263255	4	13.54	0.00891758743750404	13.54	0.00891758743750404	A
Diet.5mo.as.AL	Acutalibacter	40	-0.381010556512694	0.134893460175663	-2.82452949176727	4	13.54	0.00891758743750404	13.54	0.00891758743750404	A
Diet.5mo.as.AL	Adlercreutzia	AL	0	NA	NA	4	57.52	9.62330215514839e-12	57.52	9.62330215514839e-12	A
Diet.5mo.as.AL	Adlercreutzia	1D	0.444771202407142	0.129768909456374	3.42740957191034	4	57.52	9.62330215514839e-12	57.52	9.62330215514839e-12	A
Diet.5mo.as.AL	Adlercreutzia	2D	0.716961703838753	0.131835093131753	5.43832212506756	4	57.52	9.62330215514839e-12	57.52	9.62330215514839e-12	A
Diet.5mo.as.AL	Adlercreutzia	20	0.328102233035614	0.12256994201876	2.67685721010944	4	57.52	9.62330215514839e-12	57.52	9.62330215514839e-12	A
Diet.5mo.as.AL	Adlercreutzia	40	-0.148522299998544	0.130259431891024	-1.14020380591556	4	57.52	9.62330215514839e-12	57.52	9.62330215514839e-12	A
Diet.5mo.as.AL	AF3328	AL	0	NA	NA	4	12.492	0.0140441350077112	12.492	0.0140441350077112	A
Diet.5mo.as.AL	AF3328	1D	-0.0918036517588828	0.156962895681523	-0.584874860776984	4	12.492	0.0140441350077112	12.492	0.0140441350077112	A
Diet.5mo.as.AL	AF3328	2D	0.0270206774537513	0.158303061078075	0.170689544912998	4	12.492	0.0140441350077112	12.492	0.0140441350077112	A
Diet.5mo.as.AL	AF3328	20	-0.0204232920440814	0.15147519436373	-0.134829284292186	4	12.492	0.0140441350077112	12.492	0.0140441350077112	A
Diet.5mo.as.AL	AF3328	40	-0.448459453041619	0.157583915167849	-2.84584535524419	4	12.492	0.0140441350077112	12.492	0.0140441350077112	A
Diet.5mo.as.AL	Akkermansia	AL	0	NA	NA	4	49.8	3.97527455398006e-10	49.8	3.97527455398006e-10	A
Diet.5mo.as.AL	Akkermansia	1D	-0.0211810736174836	0.136637320521406	-0.155016751914169	4	49.8	3.97527455398006e-10	49.8	3.97527455398006e-10	A
Diet.5mo.as.AL	Akkermansia	2D	-0.0856876447109915	0.137440194431319	-0.623454041705469	4	49.8	3.97527455398006e-10	49.8	3.97527455398006e-10	A
Diet.5mo.as.AL	Akkermansia	20	0.122074057259042	0.133405525931293	0.915059975266039	4	49.8	3.97527455398006e-10	49.8	3.97527455398006e-10	A
Diet.5mo.as.AL	Akkermansia	40	0.750971083842223	0.137890707233768	5.44613265757707	4	49.8	3.97527455398006e-10	49.8	3.97527455398006e-10	A
Diet.5mo.as.AL	Alistipes	AL	0	NA	NA	4	2.394	0.663711835358389	2.394	0.663711835358389	A
Diet.5mo.as.AL	Alistipes	1D	0.0911349489520513	0.119540147832856	0.762379423183235	4	2.394	0.663711835358389	2.394	0.663711835358389	A
Diet.5mo.as.AL	Alistipes	2D	0.0290223523235384	0.120027894493228	0.2417967293859	4	2.394	0.663711835358389	2.394	0.663711835358389	A
Diet.5mo.as.AL	Alistipes	20	0.15026456019691	0.11712646587443	1.28292575956324	4	2.394	0.663711835358389	2.394	0.663711835358389	A
Diet.5mo.as.AL	Alistipes	40	0.131334174835215	0.119985006614659	1.09458822015158	4	2.394	0.663711835358389	2.394	0.663711835358389	A
Diet.5mo.as.AL	AM0715	AL	0	NA	NA	4	18.184	0.00113598294815676	18.184	0.00113598294815676	A
Diet.5mo.as.AL	AM0715	1D	-0.223565171761372	0.144185264606197	-1.55054105127857	4	18.184	0.00113598294815676	18.184	0.00113598294815676	A
Diet.5mo.as.AL	AM0715	2D	-0.180788754861152	0.143205969095168	-1.26243868187512	4	18.184	0.00113598294815676	18.184	0.00113598294815676	A
Diet.5mo.as.AL	AM0715	20	-0.519707247788446	0.147091644161898	-3.53322073969359	4	18.184	0.00113598294815676	18.184	0.00113598294815676	A
Diet.5mo.as.AL	AM0715	40	-0.496730008069526	0.146062768222109	-3.40079826033544	4	18.184	0.00113598294815676	18.184	0.00113598294815676	A
Diet.5mo.as.AL	Anaerotignum	AL	0	NA	NA	4	1.728	0.78562532674231	1.728	0.78562532674231	A
Diet.5mo.as.AL	Anaerotignum	1D	-0.0525924525966524	0.14009288760215	-0.375411296724853	4	1.728	0.78562532674231	1.728	0.78562532674231	A
Diet.5mo.as.AL	Anaerotignum	2D	0.043217490359345	0.142099493228682	0.304135429179854	4	1.728	0.78562532674231	1.728	0.78562532674231	A
Diet.5mo.as.AL	Anaerotignum	20	-0.113352953110711	0.132420514612284	-0.856007495837024	4	1.728	0.78562532674231	1.728	0.78562532674231	A
Diet.5mo.as.AL	Anaerotignum	40	0.0228673102674434	0.139963644378512	0.163380357584874	4	1.728	0.78562532674231	1.728	0.78562532674231	A
Diet.5mo.as.AL	Anaerotruncus	AL	0	NA	NA	4	15.692	0.00346156451358859	15.692	0.00346156451358859	A
Diet.5mo.as.AL	Anaerotruncus	1D	-0.331689121427416	0.148167972752671	-2.23860200868839	4	15.692	0.00346156451358859	15.692	0.00346156451358859	A
Diet.5mo.as.AL	Anaerotruncus	2D	-0.253814296311978	0.146948222391766	-1.72723624812083	4	15.692	0.00346156451358859	15.692	0.00346156451358859	A
Diet.5mo.as.AL	Anaerotruncus	20	-0.462588965739565	0.151567057424906	-3.05204160850555	4	15.692	0.00346156451358859	15.692	0.00346156451358859	A
Diet.5mo.as.AL	Anaerotruncus	40	-0.53922823069489	0.149669716878334	-3.60278780465141	4	15.692	0.00346156451358859	15.692	0.00346156451358859	A
Diet.5mo.as.AL	AnaerovoracaceaeNOV	AL	0	NA	NA	4	6.888	0.141926618195885	6.888	0.141926618195885	A
Diet.5mo.as.AL	AnaerovoracaceaeNOV	1D	-0.135030422254596	0.13158122503668	-1.02621344509412	4	6.888	0.141926618195885	6.888	0.141926618195885	A
Diet.5mo.as.AL	AnaerovoracaceaeNOV	2D	-0.131750108039922	0.130361589149032	-1.01065128846583	4	6.888	0.141926618195885	6.888	0.141926618195885	A
Diet.5mo.as.AL	AnaerovoracaceaeNOV	20	0.131656837635738	0.134901035908511	0.975951272346247	4	6.888	0.141926618195885	6.888	0.141926618195885	A
Diet.5mo.as.AL	AnaerovoracaceaeNOV	40	-0.180300702301863	0.13355958596394	-1.3499645195856	4	6.888	0.141926618195885	6.888	0.141926618195885	A
Diet.5mo.as.AL	Angelakisella	AL	0	NA	NA	4	11.904	0.0180796078848722	11.904	0.0180796078848722	A
Diet.5mo.as.AL	Angelakisella	1D	-0.279836223249938	0.157956044783395	-1.77160819412563	4	11.904	0.0180796078848722	11.904	0.0180796078848722	A
Diet.5mo.as.AL	Angelakisella	2D	-0.492075192754088	0.15868803820243	-3.10089656616949	4	11.904	0.0180796078848722	11.904	0.0180796078848722	A
Diet.5mo.as.AL	Angelakisella	20	-0.416655255136472	0.15396665840854	-2.70613949437616	4	11.904	0.0180796078848722	11.904	0.0180796078848722	A
Diet.5mo.as.AL	Angelakisella	40	-0.250330887408789	0.158249193323059	-1.58187781025683	4	11.904	0.0180796078848722	11.904	0.0180796078848722	A
Diet.5mo.as.AL	ASF356	AL	0	NA	NA	4	28.848	8.39331281909939e-06	28.848	8.39331281909939e-06	A
Diet.5mo.as.AL	ASF356	1D	-0.368278699986817	0.144632265531131	-2.5463108016347	4	28.848	8.39331281909939e-06	28.848	8.39331281909939e-06	A
Diet.5mo.as.AL	ASF356	2D	-0.304873551371086	0.143677918149081	-2.12192350291955	4	28.848	8.39331281909939e-06	28.848	8.39331281909939e-06	A
Diet.5mo.as.AL	ASF356	20	-0.49354137346176	0.147311079954326	-3.35033436463017	4	28.848	8.39331281909939e-06	28.848	8.39331281909939e-06	A
Diet.5mo.as.AL	ASF356	40	-0.762978601407001	0.146643865584551	-5.2029356861647	4	28.848	8.39331281909939e-06	28.848	8.39331281909939e-06	A
Diet.5mo.as.AL	Bacteroides	AL	0	NA	NA	4	15.06	0.00457837732952693	15.06	0.00457837732952693	A
Diet.5mo.as.AL	Bacteroides	1D	0.356686452186054	0.163613063891093	2.18006095420032	4	15.06	0.00457837732952693	15.06	0.00457837732952693	A
Diet.5mo.as.AL	Bacteroides	2D	0.582397402953816	0.166239573394934	3.50336199173357	4	15.06	0.00457837732952693	15.06	0.00457837732952693	A
Diet.5mo.as.AL	Bacteroides	20	0.466110471654553	0.152958750075923	3.04729524413081	4	15.06	0.00457837732952693	15.06	0.00457837732952693	A
Diet.5mo.as.AL	Bacteroides	40	0.335791409990721	0.16254132200652	2.06588334489645	4	15.06	0.00457837732952693	15.06	0.00457837732952693	A
Diet.5mo.as.AL	Bifidobacterium	AL	0	NA	NA	4	25.144	4.70645189928343e-05	25.144	4.70645189928343e-05	A
Diet.5mo.as.AL	Bifidobacterium	1D	0.299048777268877	0.176864455240052	1.69083593909804	4	25.144	4.70645189928343e-05	25.144	4.70645189928343e-05	A
Diet.5mo.as.AL	Bifidobacterium	2D	0.512441072346874	0.176535055868219	2.90277231242618	4	25.144	4.70645189928343e-05	25.144	4.70645189928343e-05	A
Diet.5mo.as.AL	Bifidobacterium	20	0.0746785193485668	0.177948375076845	0.419663957686143	4	25.144	4.70645189928343e-05	25.144	4.70645189928343e-05	A
Diet.5mo.as.AL	Bifidobacterium	40	0.773037199514048	0.178003708741374	4.34281512997694	4	25.144	4.70645189928343e-05	25.144	4.70645189928343e-05	A
Diet.5mo.as.AL	BorkfalkiaceaeNOV	AL	0	NA	NA	4	18.64	0.000924815555358949	18.64	0.000924815555358949	A
Diet.5mo.as.AL	BorkfalkiaceaeNOV	1D	-0.16796603173874	0.154353796635922	-1.08818853438977	4	18.64	0.000924815555358949	18.64	0.000924815555358949	A
Diet.5mo.as.AL	BorkfalkiaceaeNOV	2D	-0.36317135948115	0.153997887736974	-2.35828792730873	4	18.64	0.000924815555358949	18.64	0.000924815555358949	A
Diet.5mo.as.AL	BorkfalkiaceaeNOV	20	0.226455819975684	0.154568634085281	1.46508262375366	4	18.64	0.000924815555358949	18.64	0.000924815555358949	A
Diet.5mo.as.AL	BorkfalkiaceaeNOV	40	0.158543444778152	0.155681422994571	1.01838383622483	4	18.64	0.000924815555358949	18.64	0.000924815555358949	A
Diet.5mo.as.AL	ButyricicoccaceaeNOV	AL	0	NA	NA	4	16.7	0.00221030744730777	16.7	0.00221030744730777	A
Diet.5mo.as.AL	ButyricicoccaceaeNOV	1D	-0.339979120117007	0.122934073854319	-2.7655401749713	4	16.7	0.00221030744730777	16.7	0.00221030744730777	A
Diet.5mo.as.AL	ButyricicoccaceaeNOV	2D	-0.431486363758449	0.122065155107026	-3.53488563857657	4	16.7	0.00221030744730777	16.7	0.00221030744730777	A
Diet.5mo.as.AL	ButyricicoccaceaeNOV	20	-0.333850189653883	0.126259560091922	-2.64415771297497	4	16.7	0.00221030744730777	16.7	0.00221030744730777	A
Diet.5mo.as.AL	ButyricicoccaceaeNOV	40	-0.127785373708536	0.125664319193604	-1.01687873318809	4	16.7	0.00221030744730777	16.7	0.00221030744730777	A
Diet.5mo.as.AL	CAG115	AL	0	NA	NA	4	8.552	0.0733266057598281	8.552	0.0733266057598281	A
Diet.5mo.as.AL	CAG115	1D	-0.130497420518107	0.129143683744076	-1.01048240792569	4	8.552	0.0733266057598281	8.552	0.0733266057598281	A
Diet.5mo.as.AL	CAG115	2D	-0.325468277247345	0.128151181619857	-2.53972123497699	4	8.552	0.0733266057598281	8.552	0.0733266057598281	A
Diet.5mo.as.AL	CAG115	20	-0.0720664835246267	0.131524861483644	-0.5479305031132	4	8.552	0.0733266057598281	8.552	0.0733266057598281	A
Diet.5mo.as.AL	CAG115	40	-0.00615307428238486	0.130384884939951	-0.0471916225965813	4	8.552	0.0733266057598281	8.552	0.0733266057598281	A
Diet.5mo.as.AL	CAG145	AL	0	NA	NA	4	7.68	0.104029030510235	7.68	0.104029030510235	A
Diet.5mo.as.AL	CAG145	1D	-0.0189377242255029	0.127477256298335	-0.148557670406577	4	7.68	0.104029030510235	7.68	0.104029030510235	A
Diet.5mo.as.AL	CAG145	2D	-0.164068608841165	0.12740517668523	-1.28777034897503	4	7.68	0.104029030510235	7.68	0.104029030510235	A
Diet.5mo.as.AL	CAG145	20	-0.00716514048405347	0.127005659048128	-0.0564159151470428	4	7.68	0.104029030510235	7.68	0.104029030510235	A
Diet.5mo.as.AL	CAG145	40	-0.288278220788566	0.128990231940011	-2.23488411837755	4	7.68	0.104029030510235	7.68	0.104029030510235	A
Diet.5mo.as.AL	CAG273	AL	0	NA	NA	4	9.256	0.0550096936692466	9.256	0.0550096936692466	A
Diet.5mo.as.AL	CAG273	1D	0.0168900385807626	0.152150803264247	0.111008540332376	4	9.256	0.0550096936692466	9.256	0.0550096936692466	A
Diet.5mo.as.AL	CAG273	2D	-0.033421802551862	0.152619439148062	-0.218987848064611	4	9.256	0.0550096936692466	9.256	0.0550096936692466	A
Diet.5mo.as.AL	CAG273	20	-0.0603996575227652	0.149271211753165	-0.404630315607286	4	9.256	0.0550096936692466	9.256	0.0550096936692466	A
Diet.5mo.as.AL	CAG273	40	-0.379189686692418	0.15290382089141	-2.47992289847167	4	9.256	0.0550096936692466	9.256	0.0550096936692466	A
Diet.5mo.as.AL	CAG274NOV	AL	0	NA	NA	4	62.68	7.92366172674974e-13	62.68	7.92366172674974e-13	A
Diet.5mo.as.AL	CAG274NOV	1D	-0.318902860034995	0.149252646028169	-2.13666469922957	4	62.68	7.92366172674974e-13	62.68	7.92366172674974e-13	A
Diet.5mo.as.AL	CAG274NOV	2D	-1.00929099934011	0.151536778984144	-6.66036988581975	4	62.68	7.92366172674974e-13	62.68	7.92366172674974e-13	A
Diet.5mo.as.AL	CAG274NOV	20	-0.213872766582485	0.140015712757316	-1.52749118203028	4	62.68	7.92366172674974e-13	62.68	7.92366172674974e-13	A
Diet.5mo.as.AL	CAG274NOV	40	-0.792235976919435	0.148564155247968	-5.3326185956304	4	62.68	7.92366172674974e-13	62.68	7.92366172674974e-13	A
Diet.5mo.as.AL	CAG303	AL	0	NA	NA	4	13.38	0.00956084452407191	13.38	0.00956084452407191	A
Diet.5mo.as.AL	CAG303	1D	-0.43764518635451	0.164828913709013	-2.65514815639156	4	13.38	0.00956084452407191	13.38	0.00956084452407191	A
Diet.5mo.as.AL	CAG303	2D	-0.566288208762134	0.164231341898457	-3.44811290108234	4	13.38	0.00956084452407191	13.38	0.00956084452407191	A
Diet.5mo.as.AL	CAG303	20	-0.307322290263205	0.165579913640881	-1.85603605839379	4	13.38	0.00956084452407191	13.38	0.00956084452407191	A
Diet.5mo.as.AL	CAG303	40	-0.413405603584415	0.165829367527009	-2.49295772968007	4	13.38	0.00956084452407191	13.38	0.00956084452407191	A
Diet.5mo.as.AL	CAG41	AL	0	NA	NA	4	36.8	1.98053837996426e-07	36.8	1.98053837996426e-07	A
Diet.5mo.as.AL	CAG41	1D	-0.24203297175841	0.16567316222332	-1.46090633214425	4	36.8	1.98053837996426e-07	36.8	1.98053837996426e-07	A
Diet.5mo.as.AL	CAG41	2D	-0.876799576384697	0.169436557966184	-5.17479572832027	4	36.8	1.98053837996426e-07	36.8	1.98053837996426e-07	A
Diet.5mo.as.AL	CAG41	20	0.0147467045221567	0.151149540117056	0.09756367442955	4	36.8	1.98053837996426e-07	36.8	1.98053837996426e-07	A
Diet.5mo.as.AL	CAG41	40	-0.172108882875189	0.163255462410369	-1.05423047005046	4	36.8	1.98053837996426e-07	36.8	1.98053837996426e-07	A
Diet.5mo.as.AL	CAG475	AL	0	NA	NA	4	24.844	5.40768244056133e-05	24.844	5.40768244056133e-05	A
Diet.5mo.as.AL	CAG475	1D	-0.214731818854545	0.143461735613112	-1.49678810127903	4	24.844	5.40768244056133e-05	24.844	5.40768244056133e-05	A
Diet.5mo.as.AL	CAG475	2D	-0.556034235134425	0.142299537637756	-3.90749150956409	4	24.844	5.40768244056133e-05	24.844	5.40768244056133e-05	A
Diet.5mo.as.AL	CAG475	20	0.0547079989482326	0.146797257959109	0.372677253709138	4	24.844	5.40768244056133e-05	24.844	5.40768244056133e-05	A
Diet.5mo.as.AL	CAG475	40	0.0117427097464619	0.145309593287128	0.0808116620577043	4	24.844	5.40768244056133e-05	24.844	5.40768244056133e-05	A
Diet.5mo.as.AL	CAG485	AL	0	NA	NA	4	31.396	2.54161450186086e-06	31.396	2.54161450186086e-06	A
Diet.5mo.as.AL	CAG485	1D	0.303714464332358	0.143531433503333	2.11601359311516	4	31.396	2.54161450186086e-06	31.396	2.54161450186086e-06	A
Diet.5mo.as.AL	CAG485	2D	0.575629136972238	0.143526379554036	4.01061560084513	4	31.396	2.54161450186086e-06	31.396	2.54161450186086e-06	A
Diet.5mo.as.AL	CAG485	20	0.60728183048411	0.142549482351548	4.2601475674704	4	31.396	2.54161450186086e-06	31.396	2.54161450186086e-06	A
Diet.5mo.as.AL	CAG485	40	0.68066350105674	0.144783869604515	4.70123849373559	4	31.396	2.54161450186086e-06	31.396	2.54161450186086e-06	A
Diet.5mo.as.AL	CAG510	AL	0	NA	NA	4	11.032	0.0262067227069664	11.032	0.0262067227069664	A
Diet.5mo.as.AL	CAG510	1D	0.133870808554268	0.174416458129043	0.767535414893146	4	11.032	0.0262067227069664	11.032	0.0262067227069664	A
Diet.5mo.as.AL	CAG510	2D	-0.130294872309914	0.17366250913802	-0.750276343216723	4	11.032	0.0262067227069664	11.032	0.0262067227069664	A
Diet.5mo.as.AL	CAG510	20	0.0911060472098923	0.177056911455129	0.514557982860675	4	11.032	0.0262067227069664	11.032	0.0262067227069664	A
Diet.5mo.as.AL	CAG510	40	0.423517714417639	0.175013031387089	2.4199210256573	4	11.032	0.0262067227069664	11.032	0.0262067227069664	A
Diet.5mo.as.AL	CAG552NOV	AL	0	NA	NA	4	0.7112	0.949940584239489	0.7112	0.949940584239489	A
Diet.5mo.as.AL	CAG552NOV	1D	0.0383624800853588	0.131935518690268	0.290766887235412	4	0.7112	0.949940584239489	0.7112	0.949940584239489	A
Diet.5mo.as.AL	CAG552NOV	2D	-0.0523684584305985	0.130932209544886	-0.399966200926638	4	0.7112	0.949940584239489	0.7112	0.949940584239489	A
Diet.5mo.as.AL	CAG552NOV	20	-0.0602044431817424	0.135302954917793	-0.444960298304802	4	0.7112	0.949940584239489	0.7112	0.949940584239489	A
Diet.5mo.as.AL	CAG552NOV	40	-0.0191312745983479	0.134467634204678	-0.142274196400507	4	0.7112	0.949940584239489	0.7112	0.949940584239489	A
Diet.5mo.as.AL	CAG56	AL	0	NA	NA	4	28.64	9.25042708932455e-06	28.64	9.25042708932455e-06	A
Diet.5mo.as.AL	CAG56	1D	0.282814248807815	0.155282668587148	1.82128663411714	4	28.64	9.25042708932455e-06	28.64	9.25042708932455e-06	A
Diet.5mo.as.AL	CAG56	2D	0.36629558508155	0.154156220207479	2.37613237136037	4	28.64	9.25042708932455e-06	28.64	9.25042708932455e-06	A
Diet.5mo.as.AL	CAG56	20	-0.0437584072620818	0.158442324294252	-0.276178776453795	4	28.64	9.25042708932455e-06	28.64	9.25042708932455e-06	A
Diet.5mo.as.AL	CAG56	40	-0.383802059245327	0.157097727786081	-2.44307836054732	4	28.64	9.25042708932455e-06	28.64	9.25042708932455e-06	A
Diet.5mo.as.AL	CAG582	AL	0	NA	NA	4	4.252	0.372974297954484	4.252	0.372974297954484	A
Diet.5mo.as.AL	CAG582	1D	-0.0430155540710766	0.140545476200702	-0.306061463050219	4	4.252	0.372974297954484	4.252	0.372974297954484	A
Diet.5mo.as.AL	CAG582	2D	-0.0485334717063087	0.139411697739636	-0.348130554990795	4	4.252	0.372974297954484	4.252	0.372974297954484	A
Diet.5mo.as.AL	CAG582	20	0.00734372654866214	0.143924384002087	0.0510248947708241	4	4.252	0.372974297954484	4.252	0.372974297954484	A
Diet.5mo.as.AL	CAG582	40	0.207635070085881	0.142673838588358	1.45531284600079	4	4.252	0.372974297954484	4.252	0.372974297954484	A
Diet.5mo.as.AL	CAG776	AL	0	NA	NA	4	2.3516	0.671391008296131	2.3516	0.671391008296131	A
Diet.5mo.as.AL	CAG776	1D	0.0603671393511397	0.138787890437174	0.434959701174121	4	2.3516	0.671391008296131	2.3516	0.671391008296131	A
Diet.5mo.as.AL	CAG776	2D	-0.0719837767492808	0.137467930942203	-0.523640504777406	4	2.3516	0.671391008296131	2.3516	0.671391008296131	A
Diet.5mo.as.AL	CAG776	20	0.077965130516903	0.142087793969643	0.548710964810673	4	2.3516	0.671391008296131	2.3516	0.671391008296131	A
Diet.5mo.as.AL	CAG776	40	0.125135526357543	0.140423635138751	0.891128663874126	4	2.3516	0.671391008296131	2.3516	0.671391008296131	A
Diet.5mo.as.AL	CAG81	AL	0	NA	NA	4	1.9568	0.743704453659262	1.9568	0.743704453659262	A
Diet.5mo.as.AL	CAG81	1D	-0.147679142819241	0.158449239671262	-0.932028093827615	4	1.9568	0.743704453659262	1.9568	0.743704453659262	A
Diet.5mo.as.AL	CAG81	2D	-0.121812659520631	0.157200703166103	-0.77488622548921	4	1.9568	0.743704453659262	1.9568	0.743704453659262	A
Diet.5mo.as.AL	CAG81	20	-0.202271261934798	0.161873058983193	-1.24956718063752	4	1.9568	0.743704453659262	1.9568	0.743704453659262	A
Diet.5mo.as.AL	CAG81	40	-0.17890862665117	0.159908910538199	-1.11881586866563	4	1.9568	0.743704453659262	1.9568	0.743704453659262	A
Diet.5mo.as.AL	CAG873	AL	0	NA	NA	4	26.504	2.50383288730172e-05	26.504	2.50383288730172e-05	A
Diet.5mo.as.AL	CAG873	1D	0.500750918102767	0.148550999148919	3.3709023902342	4	26.504	2.50383288730172e-05	26.504	2.50383288730172e-05	A
Diet.5mo.as.AL	CAG873	2D	0.606811330375181	0.149697589441993	4.05358117413319	4	26.504	2.50383288730172e-05	26.504	2.50383288730172e-05	A
Diet.5mo.as.AL	CAG873	20	0.545587402655297	0.143739011739585	3.79568076928029	4	26.504	2.50383288730172e-05	26.504	2.50383288730172e-05	A
Diet.5mo.as.AL	CAG873	40	0.67751962903807	0.149344551502061	4.53662100306834	4	26.504	2.50383288730172e-05	26.504	2.50383288730172e-05	A
Diet.5mo.as.AL	CAG95	AL	0	NA	NA	4	10.752	0.029497225865612	10.752	0.029497225865612	A
Diet.5mo.as.AL	CAG95	1D	-0.457725040223225	0.142224510410378	-3.2183274099696	4	10.752	0.029497225865612	10.752	0.029497225865612	A
Diet.5mo.as.AL	CAG95	2D	-0.308320422605767	0.143959248646672	-2.14172014305588	4	10.752	0.029497225865612	10.752	0.029497225865612	A
Diet.5mo.as.AL	CAG95	20	-0.220897264089573	0.135330011752869	-1.63228585609644	4	10.752	0.029497225865612	10.752	0.029497225865612	A
Diet.5mo.as.AL	CAG95	40	-0.316426700537706	0.142437505030104	-2.22151251856615	4	10.752	0.029497225865612	10.752	0.029497225865612	A
Diet.5mo.as.AL	Chao1	AL	0	NA	NA	4	10.708	0.0300493134809819	10.708	0.0300493134809819	A
Diet.5mo.as.AL	Chao1	1D	0.15686762759039	0.144969054415929	1.08207664195921	4	10.708	0.0300493134809819	10.708	0.0300493134809819	A
Diet.5mo.as.AL	Chao1	2D	-0.268393288095792	0.144388996843541	-1.85882092100564	4	10.708	0.0300493134809819	10.708	0.0300493134809819	A
Diet.5mo.as.AL	Chao1	20	0.118865212272132	0.145969475985017	0.81431553734106	4	10.708	0.0300493134809819	10.708	0.0300493134809819	A
Diet.5mo.as.AL	Chao1	40	0.0372166711537284	0.146244234536623	0.254482997375246	4	10.708	0.0300493134809819	10.708	0.0300493134809819	A
Diet.5mo.as.AL	Clostridium	AL	0	NA	NA	4	23.22	0.000114434282692866	23.22	0.000114434282692866	A
Diet.5mo.as.AL	Clostridium	1D	-0.0155793890125833	0.181713188384354	-0.0857361490990418	4	23.22	0.000114434282692866	23.22	0.000114434282692866	A
Diet.5mo.as.AL	Clostridium	2D	-0.207585063982576	0.180567365528516	-1.14962669680083	4	23.22	0.000114434282692866	23.22	0.000114434282692866	A
Diet.5mo.as.AL	Clostridium	20	-0.107661360391488	0.184726263415882	-0.582815666817797	4	23.22	0.000114434282692866	23.22	0.000114434282692866	A
Diet.5mo.as.AL	Clostridium	40	0.594161182961982	0.182763711833246	3.25098006054995	4	23.22	0.000114434282692866	23.22	0.000114434282692866	A
Diet.5mo.as.AL	ClostridiumQ	AL	0	NA	NA	4	49.88	3.82530118692159e-10	49.88	3.82530118692159e-10	A
Diet.5mo.as.AL	ClostridiumQ	1D	0.0541075544521534	0.142074622457495	0.380838981066735	4	49.88	3.82530118692159e-10	49.88	3.82530118692159e-10	A
Diet.5mo.as.AL	ClostridiumQ	2D	0.291616887984567	0.140996940273771	2.06824976072771	4	49.88	3.82530118692159e-10	49.88	3.82530118692159e-10	A
Diet.5mo.as.AL	ClostridiumQ	20	-0.197105552459833	0.145277430428326	-1.35675274458462	4	49.88	3.82530118692159e-10	49.88	3.82530118692159e-10	A
Diet.5mo.as.AL	ClostridiumQ	40	-0.671373588647752	0.144117214279853	-4.65852460445184	4	49.88	3.82530118692159e-10	49.88	3.82530118692159e-10	A
Diet.5mo.as.AL	COE1	AL	0	NA	NA	4	79.48	2.22044604925031e-16	79.48	2.22044604925031e-16	A
Diet.5mo.as.AL	COE1	1D	-0.613200991063121	0.133756869232002	-4.58444485568455	4	79.48	2.22044604925031e-16	79.48	2.22044604925031e-16	A
Diet.5mo.as.AL	COE1	2D	-0.62332397347698	0.132719004638833	-4.69656907971264	4	79.48	2.22044604925031e-16	79.48	2.22044604925031e-16	A
Diet.5mo.as.AL	COE1	20	-0.680364498467969	0.136926918364615	-4.96881479985011	4	79.48	2.22044604925031e-16	79.48	2.22044604925031e-16	A
Diet.5mo.as.AL	COE1	40	-1.20259539903714	0.135569115119444	-8.87071806862193	4	79.48	2.22044604925031e-16	79.48	2.22044604925031e-16	A
Diet.5mo.as.AL	D1663	AL	0	NA	NA	4	144.4	0	144.4	0	A
Diet.5mo.as.AL	D1663	1D	0.31283239650054	0.114112457306253	2.74143948772365	4	144.4	0	144.4	0	A
Diet.5mo.as.AL	D1663	2D	0.423735062865818	0.113073188050741	3.74744066361398	4	144.4	0	144.4	0	A
Diet.5mo.as.AL	D1663	20	0.192835306274719	0.116943452152087	1.64896197885396	4	144.4	0	144.4	0	A
Diet.5mo.as.AL	D1663	40	-0.827551587247925	0.11599227593678	-7.13454047318608	4	144.4	0	144.4	0	A
Diet.5mo.as.AL	Desulfovibrio	AL	0	NA	NA	4	9.624	0.0472607444894024	9.624	0.0472607444894024	A
Diet.5mo.as.AL	Desulfovibrio	1D	0.324361402722355	0.177958898249718	1.8226759432237	4	9.624	0.0472607444894024	9.624	0.0472607444894024	A
Diet.5mo.as.AL	Desulfovibrio	2D	0.0284729578679693	0.179375857315272	0.158733501231022	4	9.624	0.0472607444894024	9.624	0.0472607444894024	A
Diet.5mo.as.AL	Desulfovibrio	20	0.0411615667072729	0.172328527874098	0.238855209958883	4	9.624	0.0472607444894024	9.624	0.0472607444894024	A
Diet.5mo.as.AL	Desulfovibrio	40	0.424690038575781	0.17842745516547	2.38018324131751	4	9.624	0.0472607444894024	9.624	0.0472607444894024	A
Diet.5mo.as.AL	Dorea	AL	0	NA	NA	4	20.752	0.000354609232976921	20.752	0.000354609232976921	A
Diet.5mo.as.AL	Dorea	1D	-0.248825759202421	0.138533513246469	-1.7961412612104	4	20.752	0.000354609232976921	20.752	0.000354609232976921	A
Diet.5mo.as.AL	Dorea	2D	-0.148998814527441	0.140909720019342	-1.05740622085537	4	20.752	0.000354609232976921	20.752	0.000354609232976921	A
Diet.5mo.as.AL	Dorea	20	-0.101977151432404	0.12977362509255	-0.785807989563963	4	20.752	0.000354609232976921	20.752	0.000354609232976921	A
Diet.5mo.as.AL	Dorea	40	-0.58446179010673	0.138279683233303	-4.2266642245675	4	20.752	0.000354609232976921	20.752	0.000354609232976921	A
Diet.5mo.as.AL	Dubosiella	AL	0	NA	NA	4	22.1	0.000191440148232247	22.1	0.000191440148232247	A
Diet.5mo.as.AL	Dubosiella	1D	-0.0866296801113943	0.176064922516537	-0.492032591575743	4	22.1	0.000191440148232247	22.1	0.000191440148232247	A
Diet.5mo.as.AL	Dubosiella	2D	0.00707057804560185	0.174865554194162	0.0404343672954081	4	22.1	0.000191440148232247	22.1	0.000191440148232247	A
Diet.5mo.as.AL	Dubosiella	20	0.168162555787039	0.17917695084757	0.938527835146042	4	22.1	0.000191440148232247	22.1	0.000191440148232247	A
Diet.5mo.as.AL	Dubosiella	40	0.65180205355198	0.177092675983049	3.68057035636171	4	22.1	0.000191440148232247	22.1	0.000191440148232247	A
Diet.5mo.as.AL	Duncaniella	AL	0	NA	NA	4	14.196	0.00669507644025724	14.196	0.00669507644025724	A
Diet.5mo.as.AL	Duncaniella	1D	0.290998246970093	0.14717262783526	1.97725794021852	4	14.196	0.00669507644025724	14.196	0.00669507644025724	A
Diet.5mo.as.AL	Duncaniella	2D	0.517483325431118	0.148032200605422	3.49574837984381	4	14.196	0.00669507644025724	14.196	0.00669507644025724	A
Diet.5mo.as.AL	Duncaniella	20	0.375943002347981	0.143250561152188	2.62437368010436	4	14.196	0.00669507644025724	14.196	0.00669507644025724	A
Diet.5mo.as.AL	Duncaniella	40	0.38931836809777	0.148054986377836	2.62955255761687	4	14.196	0.00669507644025724	14.196	0.00669507644025724	A
Diet.5mo.as.AL	Emergencia	AL	0	NA	NA	4	253.12	0	253.12	0	A
Diet.5mo.as.AL	Emergencia	1D	0.355406827436816	0.118138037631862	3.00840300517199	4	253.12	0	253.12	0	A
Diet.5mo.as.AL	Emergencia	2D	0.619553268881777	0.11954004838706	5.18280925297705	4	253.12	0	253.12	0	A
Diet.5mo.as.AL	Emergencia	20	-0.264554915676414	0.112539105515501	-2.35078210782451	4	253.12	0	253.12	0	A
Diet.5mo.as.AL	Emergencia	40	-1.10655991468449	0.118176630689208	-9.36361028598471	4	253.12	0	253.12	0	A
Diet.5mo.as.AL	EnterococcusD	AL	0	NA	NA	4	4.152	0.385825552439539	4.152	0.385825552439539	A
Diet.5mo.as.AL	EnterococcusD	1D	0.0633832907082231	0.163543928510372	0.387561258223067	4	4.152	0.385825552439539	4.152	0.385825552439539	A
Diet.5mo.as.AL	EnterococcusD	2D	0.13869757832602	0.162464657332227	0.853709235002382	4	4.152	0.385825552439539	4.152	0.385825552439539	A
Diet.5mo.as.AL	EnterococcusD	20	0.125139411427404	0.166936091449994	0.749624663788711	4	4.152	0.385825552439539	4.152	0.385825552439539	A
Diet.5mo.as.AL	EnterococcusD	40	0.319594707254131	0.1654751548549	1.93137578589591	4	4.152	0.385825552439539	4.152	0.385825552439539	A
Diet.5mo.as.AL	ErysipelatoclostridiaceaeNOV	AL	0	NA	NA	4	33.632	8.86572378067108e-07	33.632	8.86572378067108e-07	A
Diet.5mo.as.AL	ErysipelatoclostridiaceaeNOV	1D	0.364194873949714	0.135309845831699	2.69156225632468	4	33.632	8.86572378067108e-07	33.632	8.86572378067108e-07	A
Diet.5mo.as.AL	ErysipelatoclostridiaceaeNOV	2D	0.315763827732713	0.135618126889243	2.32833054825033	4	33.632	8.86572378067108e-07	33.632	8.86572378067108e-07	A
Diet.5mo.as.AL	ErysipelatoclostridiaceaeNOV	20	0.16129392698926	0.134728157899647	1.1971805263559	4	33.632	8.86572378067108e-07	33.632	8.86572378067108e-07	A
Diet.5mo.as.AL	ErysipelatoclostridiaceaeNOV	40	-0.326880172973279	0.13768715198642	-2.37407897728554	4	33.632	8.86572378067108e-07	33.632	8.86572378067108e-07	A
Diet.5mo.as.AL	Erysipelatoclostridium	AL	0	NA	NA	4	12.58	0.0135212000125766	12.58	0.0135212000125766	A
Diet.5mo.as.AL	Erysipelatoclostridium	1D	0.134529414729936	0.15954874843217	0.843186900880828	4	12.58	0.0135212000125766	12.58	0.0135212000125766	A
Diet.5mo.as.AL	Erysipelatoclostridium	2D	0.0992127979093369	0.159122513022681	0.623499440932004	4	12.58	0.0135212000125766	12.58	0.0135212000125766	A
Diet.5mo.as.AL	Erysipelatoclostridium	20	0.441380502640995	0.160441829647277	2.75103134644716	4	12.58	0.0135212000125766	12.58	0.0135212000125766	A
Diet.5mo.as.AL	Erysipelatoclostridium	40	0.431050649216911	0.161225848102318	2.67358276784102	4	12.58	0.0135212000125766	12.58	0.0135212000125766	A
Diet.5mo.as.AL	ErysipelotrichaceaeNOV	AL	0	NA	NA	4	109.04	0	109.04	0	A
Diet.5mo.as.AL	ErysipelotrichaceaeNOV	1D	0.0932614087988175	0.144286037098399	0.646364753473797	4	109.04	0	109.04	0	A
Diet.5mo.as.AL	ErysipelotrichaceaeNOV	2D	-0.0263097582703491	0.144694430135118	-0.181829792935226	4	109.04	0	109.04	0	A
Diet.5mo.as.AL	ErysipelotrichaceaeNOV	20	-0.0334074511946544	0.141739012780654	-0.235696937203547	4	109.04	0	109.04	0	A
Diet.5mo.as.AL	ErysipelotrichaceaeNOV	40	-1.17771691834939	0.144960362043679	-8.1244065739469	4	109.04	0	109.04	0	A
Diet.5mo.as.AL	Escherichia	AL	0	NA	NA	4	11.38	0.0226094769651302	11.38	0.0226094769651302	A
Diet.5mo.as.AL	Escherichia	1D	0.130628458984647	0.165118793160368	0.791118058001897	4	11.38	0.0226094769651302	11.38	0.0226094769651302	A
Diet.5mo.as.AL	Escherichia	2D	0.299951961381663	0.165381591363381	1.81369618534267	4	11.38	0.0226094769651302	11.38	0.0226094769651302	A
Diet.5mo.as.AL	Escherichia	20	0.0701456372042932	0.163146839966742	0.429954004739488	4	11.38	0.0226094769651302	11.38	0.0226094769651302	A
Diet.5mo.as.AL	Escherichia	40	0.494957204519369	0.166105256987302	2.97978049278239	4	11.38	0.0226094769651302	11.38	0.0226094769651302	A
Diet.5mo.as.AL	EubacteriumF	AL	0	NA	NA	4	6.276	0.179462784601132	6.276	0.179462784601132	A
Diet.5mo.as.AL	EubacteriumF	1D	0.143020921433635	0.137959333950528	1.03668898173227	4	6.276	0.179462784601132	6.276	0.179462784601132	A
Diet.5mo.as.AL	EubacteriumF	2D	0.308377047792982	0.136642203627357	2.25682138904881	4	6.276	0.179462784601132	6.276	0.179462784601132	A
Diet.5mo.as.AL	EubacteriumF	20	0.274032202109234	0.141191505228634	1.94085473956446	4	6.276	0.179462784601132	6.276	0.179462784601132	A
Diet.5mo.as.AL	EubacteriumF	40	0.202323162150327	0.13956500567562	1.44966971606458	4	6.276	0.179462784601132	6.276	0.179462784601132	A
Diet.5mo.as.AL	EubacteriumG	AL	0	NA	NA	4	6.52	0.163534575554772	6.52	0.163534575554772	A
Diet.5mo.as.AL	EubacteriumG	1D	-0.313609402017619	0.171920106556356	-1.82415779224065	4	6.52	0.163534575554772	6.52	0.163534575554772	A
Diet.5mo.as.AL	EubacteriumG	2D	-0.264814594498565	0.170667425949426	-1.55164111150911	4	6.52	0.163534575554772	6.52	0.163534575554772	A
Diet.5mo.as.AL	EubacteriumG	20	-0.427133583627775	0.175294847625182	-2.43665794753465	4	6.52	0.163534575554772	6.52	0.163534575554772	A
Diet.5mo.as.AL	EubacteriumG	40	-0.256168298009914	0.173225624640546	-1.47881295588617	4	6.52	0.163534575554772	6.52	0.163534575554772	A
Diet.5mo.as.AL	EubacteriumJ	AL	0	NA	NA	4	58.64	5.60029800311668e-12	58.64	5.60029800311668e-12	A
Diet.5mo.as.AL	EubacteriumJ	1D	-0.169669862923938	0.133047681570077	-1.27525606550741	4	58.64	5.60029800311668e-12	58.64	5.60029800311668e-12	A
Diet.5mo.as.AL	EubacteriumJ	2D	-0.348148794385558	0.13191276483333	-2.63923506436575	4	58.64	5.60029800311668e-12	58.64	5.60029800311668e-12	A
Diet.5mo.as.AL	EubacteriumJ	20	-0.592079850925197	0.136244919983689	-4.34570221771263	4	58.64	5.60029800311668e-12	58.64	5.60029800311668e-12	A
Diet.5mo.as.AL	EubacteriumJ	40	-0.93668506325803	0.134963399810948	-6.94028947529558	4	58.64	5.60029800311668e-12	58.64	5.60029800311668e-12	A
Diet.5mo.as.AL	Evtepia	AL	0	NA	NA	4	51.4	1.84137816106045e-10	51.4	1.84137816106045e-10	A
Diet.5mo.as.AL	Evtepia	1D	-0.151165792246023	0.134416670066375	-1.12460598950545	4	51.4	1.84137816106045e-10	51.4	1.84137816106045e-10	A
Diet.5mo.as.AL	Evtepia	2D	0.0382380812838383	0.13317160530501	0.287133891614955	4	51.4	1.84137816106045e-10	51.4	1.84137816106045e-10	A
Diet.5mo.as.AL	Evtepia	20	-0.515863426541901	0.137624599497628	-3.74833734975405	4	51.4	1.84137816106045e-10	51.4	1.84137816106045e-10	A
Diet.5mo.as.AL	Evtepia	40	-0.762836971082226	0.136040492849768	-5.60742581199436	4	51.4	1.84137816106045e-10	51.4	1.84137816106045e-10	A
Diet.5mo.as.AL	Flavonifractor	AL	0	NA	NA	4	17.468	0.00156734043171369	17.468	0.00156734043171369	A
Diet.5mo.as.AL	Flavonifractor	1D	-0.048661607130826	0.140637826316415	-0.346006536117418	4	17.468	0.00156734043171369	17.468	0.00156734043171369	A
Diet.5mo.as.AL	Flavonifractor	2D	-0.192689195583796	0.139337237166153	-1.38289806445655	4	17.468	0.00156734043171369	17.468	0.00156734043171369	A
Diet.5mo.as.AL	Flavonifractor	20	-0.293864364394167	0.143924369160874	-2.04179713350486	4	17.468	0.00156734043171369	17.468	0.00156734043171369	A
Diet.5mo.as.AL	Flavonifractor	40	-0.529607532509298	0.142232021103324	-3.72354641662983	4	17.468	0.00156734043171369	17.468	0.00156734043171369	A
Diet.5mo.as.AL	HungatellaA	AL	0	NA	NA	4	3.1736	0.529205523464727	3.1736	0.529205523464727	A
Diet.5mo.as.AL	HungatellaA	1D	-0.167783292521334	0.136189750346745	-1.23198179080401	4	3.1736	0.529205523464727	3.1736	0.529205523464727	A
Diet.5mo.as.AL	HungatellaA	2D	0.0169511659272075	0.135331812499922	0.12525632823559	4	3.1736	0.529205523464727	3.1736	0.529205523464727	A
Diet.5mo.as.AL	HungatellaA	20	-0.0014621771785499	0.139094552022643	-0.0105121096210286	4	3.1736	0.529205523464727	3.1736	0.529205523464727	A
Diet.5mo.as.AL	HungatellaA	40	0.0585013490834062	0.138792224669677	0.421503072111123	4	3.1736	0.529205523464727	3.1736	0.529205523464727	A
Diet.5mo.as.AL	Ileibacterium	AL	0	NA	NA	4	62.4	9.07496300328603e-13	62.4	9.07496300328603e-13	A
Diet.5mo.as.AL	Ileibacterium	1D	0.257903200462314	0.134469232039017	1.91793465725663	4	62.4	9.07496300328603e-13	62.4	9.07496300328603e-13	A
Diet.5mo.as.AL	Ileibacterium	2D	1.01000370282152	0.135028421529629	7.47993416037893	4	62.4	9.07496300328603e-13	62.4	9.07496300328603e-13	A
Diet.5mo.as.AL	Ileibacterium	20	0.456457136436396	0.132542154284625	3.44386387032904	4	62.4	9.07496300328603e-13	62.4	9.07496300328603e-13	A
Diet.5mo.as.AL	Ileibacterium	40	0.385627682083426	0.136230704877095	2.83069578500186	4	62.4	9.07496300328603e-13	62.4	9.07496300328603e-13	A
Diet.5mo.as.AL	Kineothrix	AL	0	NA	NA	4	102.48	0	102.48	0	A
Diet.5mo.as.AL	Kineothrix	1D	0.179121725569649	0.134889643790551	1.32791310389832	4	102.48	0	102.48	0	A
Diet.5mo.as.AL	Kineothrix	2D	0.527103214107693	0.133967981838931	3.93454620180385	4	102.48	0	102.48	0	A
Diet.5mo.as.AL	Kineothrix	20	0.407348823205094	0.13786779383166	2.95463365216735	4	102.48	0	102.48	0	A
Diet.5mo.as.AL	Kineothrix	40	1.28389470692416	0.137020618744739	9.37008399674487	4	102.48	0	102.48	0	A
Diet.5mo.as.AL	Lachnospira	AL	0	NA	NA	4	40.52	3.37875776246221e-08	40.52	3.37875776246221e-08	A
Diet.5mo.as.AL	Lachnospira	1D	-0.00173890898770784	0.14189279626203	-0.0122550899941153	4	40.52	3.37875776246221e-08	40.52	3.37875776246221e-08	A
Diet.5mo.as.AL	Lachnospira	2D	-0.07656808136749	0.142974410060744	-0.535536963117802	4	40.52	3.37875776246221e-08	40.52	3.37875776246221e-08	A
Diet.5mo.as.AL	Lachnospira	20	-0.377873901781365	0.137395636364997	-2.75026130216777	4	40.52	3.37875776246221e-08	40.52	3.37875776246221e-08	A
Diet.5mo.as.AL	Lachnospira	40	-0.731085134175312	0.142667692269592	-5.1243916723193	4	40.52	3.37875776246221e-08	40.52	3.37875776246221e-08	A
Diet.5mo.as.AL	LachnospiraceaeNOV	AL	0	NA	NA	4	3.66	0.453970396803739	3.66	0.453970396803739	A
Diet.5mo.as.AL	LachnospiraceaeNOV	1D	-0.115123451965464	0.142197488810296	-0.809602567025984	4	3.66	0.453970396803739	3.66	0.453970396803739	A
Diet.5mo.as.AL	LachnospiraceaeNOV	2D	-0.00649891631703486	0.141643877897443	-0.0458820840936056	4	3.66	0.453970396803739	3.66	0.453970396803739	A
Diet.5mo.as.AL	LachnospiraceaeNOV	20	-0.153145069206785	0.143061437006406	-1.07048462822254	4	3.66	0.453970396803739	3.66	0.453970396803739	A
Diet.5mo.as.AL	LachnospiraceaeNOV	40	0.0915313683816273	0.143715879473391	0.636891126554839	4	3.66	0.453970396803739	3.66	0.453970396803739	A
Diet.5mo.as.AL	Lactobacillus	AL	0	NA	NA	4	71.04	1.36557432028894e-14	71.04	1.36557432028894e-14	A
Diet.5mo.as.AL	Lactobacillus	1D	0.394064269249374	0.134543497127941	2.92889866594331	4	71.04	1.36557432028894e-14	71.04	1.36557432028894e-14	A
Diet.5mo.as.AL	Lactobacillus	2D	1.07926943394394	0.133759900050351	8.06870694085202	4	71.04	1.36557432028894e-14	71.04	1.36557432028894e-14	A
Diet.5mo.as.AL	Lactobacillus	20	0.680686915946636	0.137684978826778	4.94379940169806	4	71.04	1.36557432028894e-14	71.04	1.36557432028894e-14	A
Diet.5mo.as.AL	Lactobacillus	40	0.68485692379457	0.137015331333362	4.99839628988886	4	71.04	1.36557432028894e-14	71.04	1.36557432028894e-14	A
Diet.5mo.as.AL	Lawsonibacter	AL	0	NA	NA	4	5.18	0.269321943906324	5.18	0.269321943906324	A
Diet.5mo.as.AL	Lawsonibacter	1D	-0.106714228651009	0.145502210622772	-0.733419981691381	4	5.18	0.269321943906324	5.18	0.269321943906324	A
Diet.5mo.as.AL	Lawsonibacter	2D	-0.202108705338351	0.147548579856924	-1.36977736779529	4	5.18	0.269321943906324	5.18	0.269321943906324	A
Diet.5mo.as.AL	Lawsonibacter	20	-0.296719602869752	0.137560729749474	-2.15700806044093	4	5.18	0.269321943906324	5.18	0.269321943906324	A
Diet.5mo.as.AL	Lawsonibacter	40	-0.157909346131972	0.145393839454357	-1.0860800342338	4	5.18	0.269321943906324	5.18	0.269321943906324	A
Diet.5mo.as.AL	Ligilactobacillus	AL	0	NA	NA	4	67.68	7.00550728538474e-14	67.68	7.00550728538474e-14	A
Diet.5mo.as.AL	Ligilactobacillus	1D	0.950220046962587	0.192590163733368	4.9338970825017	4	67.68	7.00550728538474e-14	67.68	7.00550728538474e-14	A
Diet.5mo.as.AL	Ligilactobacillus	2D	1.08326785419516	0.192809857665681	5.61832194323525	4	67.68	7.00550728538474e-14	67.68	7.00550728538474e-14	A
Diet.5mo.as.AL	Ligilactobacillus	20	1.05487915532073	0.191227436704923	5.51635881073114	4	67.68	7.00550728538474e-14	67.68	7.00550728538474e-14	A
Diet.5mo.as.AL	Ligilactobacillus	40	1.51852207969383	0.192448438169979	7.89053989803029	4	67.68	7.00550728538474e-14	67.68	7.00550728538474e-14	A
Diet.5mo.as.AL	Limosilactobacillus	AL	0	NA	NA	4	60.8	1.96964666798749e-12	60.8	1.96964666798749e-12	A
Diet.5mo.as.AL	Limosilactobacillus	1D	0.375711311597601	0.145480554826283	2.58255346940513	4	60.8	1.96964666798749e-12	60.8	1.96964666798749e-12	A
Diet.5mo.as.AL	Limosilactobacillus	2D	0.998834367032936	0.144445577628209	6.91495290775776	4	60.8	1.96964666798749e-12	60.8	1.96964666798749e-12	A
Diet.5mo.as.AL	Limosilactobacillus	20	0.702146717630801	0.148604199769427	4.72494531594833	4	60.8	1.96964666798749e-12	60.8	1.96964666798749e-12	A
Diet.5mo.as.AL	Limosilactobacillus	40	0.853195895913754	0.147442112682662	5.78664996309486	4	60.8	1.96964666798749e-12	60.8	1.96964666798749e-12	A
Diet.5mo.as.AL	Mailhella	AL	0	NA	NA	4	21.804	0.00021925096030273	21.804	0.00021925096030273	A
Diet.5mo.as.AL	Mailhella	1D	0.255407721636542	0.131127397989222	1.94778303812247	4	21.804	0.00021925096030273	21.804	0.00021925096030273	A
Diet.5mo.as.AL	Mailhella	2D	0.380291703785972	0.129944563435499	2.92656879004206	4	21.804	0.00021925096030273	21.804	0.00021925096030273	A
Diet.5mo.as.AL	Mailhella	20	-0.0386936011730286	0.134253866560195	-0.288212192053923	4	21.804	0.00021925096030273	21.804	0.00021925096030273	A
Diet.5mo.as.AL	Mailhella	40	-0.147408176646784	0.133077782999264	-1.10768434313036	4	21.804	0.00021925096030273	21.804	0.00021925096030273	A
Diet.5mo.as.AL	MarseilleP3106	AL	0	NA	NA	4	1.728	0.78562532674231	1.728	0.78562532674231	A
Diet.5mo.as.AL	MarseilleP3106	1D	0.0722294550983074	0.145213546819979	0.497401631459703	4	1.728	0.78562532674231	1.728	0.78562532674231	A
Diet.5mo.as.AL	MarseilleP3106	2D	0.113568928644382	0.147701611453332	0.768907850949651	4	1.728	0.78562532674231	1.728	0.78562532674231	A
Diet.5mo.as.AL	MarseilleP3106	20	0.17207696868916	0.135952502030718	1.26571387888308	4	1.728	0.78562532674231	1.728	0.78562532674231	A
Diet.5mo.as.AL	MarseilleP3106	40	0.075063530411335	0.145012281792576	0.517635675292006	4	1.728	0.78562532674231	1.728	0.78562532674231	A
Diet.5mo.as.AL	MuribaculaceaeNOV	AL	0	NA	NA	4	7.868	0.0965349671975595	7.868	0.0965349671975595	A
Diet.5mo.as.AL	MuribaculaceaeNOV	1D	0.199838111024611	0.154273296643702	1.29535127188047	4	7.868	0.0965349671975595	7.868	0.0965349671975595	A
Diet.5mo.as.AL	MuribaculaceaeNOV	2D	-0.164681908582034	0.153102665123209	-1.0756305806271	4	7.868	0.0965349671975595	7.868	0.0965349671975595	A
Diet.5mo.as.AL	MuribaculaceaeNOV	20	0.131892569473986	0.157151868837263	0.839268221560679	4	7.868	0.0965349671975595	7.868	0.0965349671975595	A
Diet.5mo.as.AL	MuribaculaceaeNOV	40	0.184611199306391	0.155358806050995	1.18828925117894	4	7.868	0.0965349671975595	7.868	0.0965349671975595	A
Diet.5mo.as.AL	Muribaculum	AL	0	NA	NA	4	29.972	4.95909813791329e-06	29.972	4.95909813791329e-06	A
Diet.5mo.as.AL	Muribaculum	1D	0.586380837604646	0.162772118802271	3.60246485650873	4	29.972	4.95909813791329e-06	29.972	4.95909813791329e-06	A
Diet.5mo.as.AL	Muribaculum	2D	0.738438637778614	0.164439969678478	4.4906274260598	4	29.972	4.95909813791329e-06	29.972	4.95909813791329e-06	A
Diet.5mo.as.AL	Muribaculum	20	0.461626115424628	0.155914908429097	2.96075673632297	4	29.972	4.95909813791329e-06	29.972	4.95909813791329e-06	A
Diet.5mo.as.AL	Muribaculum	40	0.811530009278855	0.162887355084278	4.98215474650546	4	29.972	4.95909813791329e-06	29.972	4.95909813791329e-06	A
Diet.5mo.as.AL	Oscillibacter	AL	0	NA	NA	4	6.664	0.154745929595601	6.664	0.154745929595601	A
Diet.5mo.as.AL	Oscillibacter	1D	-0.121437089892674	0.1426515588039	-0.851284703166902	4	6.664	0.154745929595601	6.664	0.154745929595601	A
Diet.5mo.as.AL	Oscillibacter	2D	-0.317478610832169	0.143531631267593	-2.21190693666874	4	6.664	0.154745929595601	6.664	0.154745929595601	A
Diet.5mo.as.AL	Oscillibacter	20	-0.234303326064594	0.138709983036693	-1.68915979178379	4	6.664	0.154745929595601	6.664	0.154745929595601	A
Diet.5mo.as.AL	Oscillibacter	40	-0.0699252490934023	0.143503028793418	-0.487273681129505	4	6.664	0.154745929595601	6.664	0.154745929595601	A
Diet.5mo.as.AL	OscillospiraceaeNOV	AL	0	NA	NA	4	13.208	0.0103029442469643	13.208	0.0103029442469643	A
Diet.5mo.as.AL	OscillospiraceaeNOV	1D	-0.193120851563934	0.12443359145981	-1.55199933794652	4	13.208	0.0103029442469643	13.208	0.0103029442469643	A
Diet.5mo.as.AL	OscillospiraceaeNOV	2D	-0.367392954973696	0.123317492328427	-2.97924445297048	4	13.208	0.0103029442469643	13.208	0.0103029442469643	A
Diet.5mo.as.AL	OscillospiraceaeNOV	20	-0.267707181519133	0.127649598410695	-2.09720347617407	4	13.208	0.0103029442469643	13.208	0.0103029442469643	A
Diet.5mo.as.AL	OscillospiraceaeNOV	40	-0.402060478953094	0.126683169336675	-3.17374818658484	4	13.208	0.0103029442469643	13.208	0.0103029442469643	A
Diet.5mo.as.AL	Paramuribaculum	AL	0	NA	NA	4	42.4	1.378192737711e-08	42.4	1.378192737711e-08	A
Diet.5mo.as.AL	Paramuribaculum	1D	0.452137713609193	0.143482260005757	3.15117502045934	4	42.4	1.378192737711e-08	42.4	1.378192737711e-08	A
Diet.5mo.as.AL	Paramuribaculum	2D	0.450566831172394	0.14261126473768	3.15940561919263	4	42.4	1.378192737711e-08	42.4	1.378192737711e-08	A
Diet.5mo.as.AL	Paramuribaculum	20	0.808448562054508	0.145624641292454	5.55159178336391	4	42.4	1.378192737711e-08	42.4	1.378192737711e-08	A
Diet.5mo.as.AL	Paramuribaculum	40	0.805024634682386	0.145035005561708	5.55055403048799	4	42.4	1.378192737711e-08	42.4	1.378192737711e-08	A
Diet.5mo.as.AL	Parvibacter	AL	0	NA	NA	4	86.8	0	86.8	0	A
Diet.5mo.as.AL	Parvibacter	1D	0.44217770622972	0.128490738778486	3.44131966578557	4	86.8	0	86.8	0	A
Diet.5mo.as.AL	Parvibacter	2D	0.676934306418541	0.131950267299925	5.13022307775898	4	86.8	0	86.8	0	A
Diet.5mo.as.AL	Parvibacter	20	0.439306205801384	0.116811906022291	3.76079991124835	4	86.8	0	86.8	0	A
Diet.5mo.as.AL	Parvibacter	40	-0.336126968787803	0.127873046675014	-2.62859904825809	4	86.8	0	86.8	0	A
Diet.5mo.as.AL	PCoA1	AL	0	NA	NA	4	62.52	8.56315018893383e-13	62.52	8.56315018893383e-13	A
Diet.5mo.as.AL	PCoA1	1D	0.514704362137133	0.133233824887198	3.86316584825893	4	62.52	8.56315018893383e-13	62.52	8.56315018893383e-13	A
Diet.5mo.as.AL	PCoA1	2D	0.733573550505255	0.134386455811244	5.4586866368112	4	62.52	8.56315018893383e-13	62.52	8.56315018893383e-13	A
Diet.5mo.as.AL	PCoA1	20	0.740338070823849	0.128499070135636	5.76142745657531	4	62.52	8.56315018893383e-13	62.52	8.56315018893383e-13	A
Diet.5mo.as.AL	PCoA1	40	0.962954599853854	0.133965190206153	7.18809564165143	4	62.52	8.56315018893383e-13	62.52	8.56315018893383e-13	A
Diet.5mo.as.AL	PCoA2	AL	0	NA	NA	4	160.8	0	160.8	0	A
Diet.5mo.as.AL	PCoA2	1D	0.439234281846726	0.117690727964278	3.73210608383732	4	160.8	0	160.8	0	A
Diet.5mo.as.AL	PCoA2	2D	0.436493908398988	0.117155436435266	3.72576742215603	4	160.8	0	160.8	0	A
Diet.5mo.as.AL	PCoA2	20	0.7011332008162	0.118961463743315	5.89378424536745	4	160.8	0	160.8	0	A
Diet.5mo.as.AL	PCoA2	40	1.45480538160786	0.119422386001288	12.1820157034224	4	160.8	0	160.8	0	A
Diet.5mo.as.AL	PCoA3	AL	0	NA	NA	4	2.3128	0.678439591968583	2.3128	0.678439591968583	A
Diet.5mo.as.AL	PCoA3	1D	-0.0853910414142384	0.151492606451771	-0.56366474519285	4	2.3128	0.678439591968583	2.3128	0.678439591968583	A
Diet.5mo.as.AL	PCoA3	2D	-0.0827285273040223	0.15030924729365	-0.55038880703328	4	2.3128	0.678439591968583	2.3128	0.678439591968583	A
Diet.5mo.as.AL	PCoA3	20	-0.169794932078605	0.154614171478676	-1.09818479415403	4	2.3128	0.678439591968583	2.3128	0.678439591968583	A
Diet.5mo.as.AL	PCoA3	40	-0.211198452296653	0.153221393592859	-1.37838749109573	4	2.3128	0.678439591968583	2.3128	0.678439591968583	A
Diet.5mo.as.AL	Prevotella	AL	0	NA	NA	4	13.928	0.00752843108746137	13.928	0.00752843108746137	A
Diet.5mo.as.AL	Prevotella	1D	0.351473968129571	0.159838803301052	2.19892767507512	4	13.928	0.00752843108746137	13.928	0.00752843108746137	A
Diet.5mo.as.AL	Prevotella	2D	0.550326843334848	0.15989161350008	3.44187435030526	4	13.928	0.00752843108746137	13.928	0.00752843108746137	A
Diet.5mo.as.AL	Prevotella	20	0.356115725009509	0.158689825524821	2.24409929138027	4	13.928	0.00752843108746137	13.928	0.00752843108746137	A
Diet.5mo.as.AL	Prevotella	40	0.160941370557815	0.161044841284731	0.999357503623895	4	13.928	0.00752843108746137	13.928	0.00752843108746137	A
Diet.5mo.as.AL	Romboutsia	AL	0	NA	NA	4	47.2	1.3854324354412e-09	47.2	1.3854324354412e-09	A
Diet.5mo.as.AL	Romboutsia	1D	0.049386237562702	0.185402822651304	0.266372630451183	4	47.2	1.3854324354412e-09	47.2	1.3854324354412e-09	A
Diet.5mo.as.AL	Romboutsia	2D	-0.0893221060909355	0.184596356341272	-0.48387794787131	4	47.2	1.3854324354412e-09	47.2	1.3854324354412e-09	A
Diet.5mo.as.AL	Romboutsia	20	0.0299639002054717	0.187403723249004	0.159889567218782	4	47.2	1.3854324354412e-09	47.2	1.3854324354412e-09	A
Diet.5mo.as.AL	Romboutsia	40	1.00586932062287	0.186062493680369	5.40608319670715	4	47.2	1.3854324354412e-09	47.2	1.3854324354412e-09	A
Diet.5mo.as.AL	Roseburia	AL	0	NA	NA	4	29.788	5.40569072959851e-06	29.788	5.40569072959851e-06	A
Diet.5mo.as.AL	Roseburia	1D	-0.466954760350337	0.167258876493233	-2.79180854338232	4	29.788	5.40569072959851e-06	29.788	5.40569072959851e-06	A
Diet.5mo.as.AL	Roseburia	2D	-0.545593469536479	0.170218438047459	-3.20525482312534	4	29.788	5.40569072959851e-06	29.788	5.40569072959851e-06	A
Diet.5mo.as.AL	Roseburia	20	-0.0136056901021788	0.155585907558664	-0.0874480877842276	4	29.788	5.40569072959851e-06	29.788	5.40569072959851e-06	A
Diet.5mo.as.AL	Roseburia	40	0.211600446249891	0.165635046718177	1.27751010696379	4	29.788	5.40569072959851e-06	29.788	5.40569072959851e-06	A
Diet.5mo.as.AL	RuminiclostridiumE	AL	0	NA	NA	4	58.32	6.53743725820277e-12	58.32	6.53743725820277e-12	A
Diet.5mo.as.AL	RuminiclostridiumE	1D	0.151897208505079	0.150762365981639	1.00752735947098	4	58.32	6.53743725820277e-12	58.32	6.53743725820277e-12	A
Diet.5mo.as.AL	RuminiclostridiumE	2D	-0.76327970357905	0.153060477039284	-4.98678508223355	4	58.32	6.53743725820277e-12	58.32	6.53743725820277e-12	A
Diet.5mo.as.AL	RuminiclostridiumE	20	-0.28248650023874	0.141590604497501	-1.99509353916012	4	58.32	6.53743725820277e-12	58.32	6.53743725820277e-12	A
Diet.5mo.as.AL	RuminiclostridiumE	40	-0.56125566521016	0.149856210528961	-3.745294660989	4	58.32	6.53743725820277e-12	58.32	6.53743725820277e-12	A
Diet.5mo.as.AL	Schaedlerella	AL	0	NA	NA	4	47.44	1.23476229241248e-09	47.44	1.23476229241248e-09	A
Diet.5mo.as.AL	Schaedlerella	1D	-0.0561184905759951	0.121624137112262	-0.461409157001432	4	47.44	1.23476229241248e-09	47.44	1.23476229241248e-09	A
Diet.5mo.as.AL	Schaedlerella	2D	-0.323856733493197	0.121496492374353	-2.66556447156791	4	47.44	1.23476229241248e-09	47.44	1.23476229241248e-09	A
Diet.5mo.as.AL	Schaedlerella	20	-0.466105106991038	0.121488780875483	-3.83661029135488	4	47.44	1.23476229241248e-09	47.44	1.23476229241248e-09	A
Diet.5mo.as.AL	Schaedlerella	40	-0.720210961025113	0.123268402180227	-5.84262429208837	4	47.44	1.23476229241248e-09	47.44	1.23476229241248e-09	A
Diet.5mo.as.AL	Shannon	AL	0	NA	NA	4	14.832	0.00506264935883649	14.832	0.00506264935883649	A
Diet.5mo.as.AL	Shannon	1D	0.243984605808126	0.138170003023418	1.76582905456529	4	14.832	0.00506264935883649	14.832	0.00506264935883649	A
Diet.5mo.as.AL	Shannon	2D	-0.184252413650262	0.136996727936025	-1.34494025095479	4	14.832	0.00506264935883649	14.832	0.00506264935883649	A
Diet.5mo.as.AL	Shannon	20	0.208520857888868	0.141448480154863	1.47418238542098	4	14.832	0.00506264935883649	14.832	0.00506264935883649	A
Diet.5mo.as.AL	Shannon	40	0.245106278967932	0.140187400183632	1.74841874980824	4	14.832	0.00506264935883649	14.832	0.00506264935883649	A
Diet.5mo.as.AL	Simpson	AL	0	NA	NA	4	15.112	0.00447447072148033	15.112	0.00447447072148033	A
Diet.5mo.as.AL	Simpson	1D	0.34665671239328	0.134707964060554	2.57339434094224	4	15.112	0.00447447072148033	15.112	0.00447447072148033	A
Diet.5mo.as.AL	Simpson	2D	0.116401236830537	0.133595037502753	0.87129910666134	4	15.112	0.00447447072148033	15.112	0.00447447072148033	A
Diet.5mo.as.AL	Simpson	20	0.362955790386595	0.138017565251627	2.62977969307654	4	15.112	0.00447447072148033	15.112	0.00447447072148033	A
Diet.5mo.as.AL	Simpson	40	0.445027867172537	0.136857343550916	3.25176461580938	4	15.112	0.00447447072148033	15.112	0.00447447072148033	A
Diet.5mo.as.AL	Staphylococcus	AL	0	NA	NA	4	6.156	0.18779706740575	6.156	0.18779706740575	A
Diet.5mo.as.AL	Staphylococcus	1D	-0.168354667546997	0.211111767484448	-0.79746699842016	4	6.156	0.18779706740575	6.156	0.18779706740575	A
Diet.5mo.as.AL	Staphylococcus	2D	0.0301494880135864	0.21068935683645	0.143099245573141	4	6.156	0.18779706740575	6.156	0.18779706740575	A
Diet.5mo.as.AL	Staphylococcus	20	-0.186902444193658	0.211790052812279	-0.882489246835966	4	6.156	0.18779706740575	6.156	0.18779706740575	A
Diet.5mo.as.AL	Staphylococcus	40	0.272965175014414	0.211493757160279	1.29065358088821	4	6.156	0.18779706740575	6.156	0.18779706740575	A
Diet.5mo.as.AL	TF0111	AL	0	NA	NA	4	73.88	3.44169137633799e-15	73.88	3.44169137633799e-15	A
Diet.5mo.as.AL	TF0111	1D	-0.267756275102701	0.129099242057999	-2.07403444694438	4	73.88	3.44169137633799e-15	73.88	3.44169137633799e-15	A
Diet.5mo.as.AL	TF0111	2D	-0.336218878625598	0.128071120125021	-2.6252513314273	4	73.88	3.44169137633799e-15	73.88	3.44169137633799e-15	A
Diet.5mo.as.AL	TF0111	20	-0.596102543563949	0.132171252416938	-4.51007713601385	4	73.88	3.44169137633799e-15	73.88	3.44169137633799e-15	A
Diet.5mo.as.AL	TF0111	40	-1.06071921935968	0.131278921229405	-8.07988982104836	4	73.88	3.44169137633799e-15	73.88	3.44169137633799e-15	A
Diet.5mo.as.AL	Turicibacter	AL	0	NA	NA	4	31.884	2.02042180497131e-06	31.884	2.02042180497131e-06	A
Diet.5mo.as.AL	Turicibacter	1D	-0.0532085060578079	0.182333851060227	-0.291819131491017	4	31.884	2.02042180497131e-06	31.884	2.02042180497131e-06	A
Diet.5mo.as.AL	Turicibacter	2D	-0.119072119363166	0.181307445674039	-0.656741475345902	4	31.884	2.02042180497131e-06	31.884	2.02042180497131e-06	A
Diet.5mo.as.AL	Turicibacter	20	-0.302067089568406	0.185477605908158	-1.62859062197502	4	31.884	2.02042180497131e-06	31.884	2.02042180497131e-06	A
Diet.5mo.as.AL	Turicibacter	40	0.671364110747492	0.183638962778546	3.65589143278436	4	31.884	2.02042180497131e-06	31.884	2.02042180497131e-06	A
Diet.5mo.as.AL	UBA11940	AL	0	NA	NA	4	15.844	0.00323579748610503	15.844	0.00323579748610503	A
Diet.5mo.as.AL	UBA11940	1D	-0.21647092397148	0.144600886232391	-1.49702349419619	4	15.844	0.00323579748610503	15.844	0.00323579748610503	A
Diet.5mo.as.AL	UBA11940	2D	-0.484271717992163	0.143346294722301	-3.37833439594881	4	15.844	0.00323579748610503	15.844	0.00323579748610503	A
Diet.5mo.as.AL	UBA11940	20	-0.281495972012552	0.147806942352695	-1.90448410292427	4	15.844	0.00323579748610503	15.844	0.00323579748610503	A
Diet.5mo.as.AL	UBA11940	40	-0.486513697799695	0.146314137424466	-3.32513116205778	4	15.844	0.00323579748610503	15.844	0.00323579748610503	A
Diet.5mo.as.AL	UBA11957	AL	0	NA	NA	4	118.56	0	118.56	0	A
Diet.5mo.as.AL	UBA11957	1D	-0.629057753042746	0.128812208608325	-4.88352586947332	4	118.56	0	118.56	0	A
Diet.5mo.as.AL	UBA11957	2D	-0.927252533680431	0.127901278763602	-7.24975186052877	4	118.56	0	118.56	0	A
Diet.5mo.as.AL	UBA11957	20	-0.814888244101217	0.131785704375174	-6.18343429558455	4	118.56	0	118.56	0	A
Diet.5mo.as.AL	UBA11957	40	-1.37748719929481	0.131019482521254	-10.5136058606502	4	118.56	0	118.56	0	A
Diet.5mo.as.AL	UBA1394	AL	0	NA	NA	4	26.316	2.73246819184614e-05	26.316	2.73246819184614e-05	A
Diet.5mo.as.AL	UBA1394	1D	0.13106253736519	0.145298229632979	0.902024324014487	4	26.316	2.73246819184614e-05	26.316	2.73246819184614e-05	A
Diet.5mo.as.AL	UBA1394	2D	-0.451862717903662	0.144137502037124	-3.13494206238763	4	26.316	2.73246819184614e-05	26.316	2.73246819184614e-05	A
Diet.5mo.as.AL	UBA1394	20	0.114909874003093	0.14864315415274	0.773058636020439	4	26.316	2.73246819184614e-05	26.316	2.73246819184614e-05	A
Diet.5mo.as.AL	UBA1394	40	0.214997585095432	0.147072706923651	1.46184557007605	4	26.316	2.73246819184614e-05	26.316	2.73246819184614e-05	A
Diet.5mo.as.AL	UBA1405	AL	0	NA	NA	4	7.652	0.10519052673328	7.652	0.10519052673328	A
Diet.5mo.as.AL	UBA1405	1D	-0.138393855489161	0.140552555298029	-0.984641333597313	4	7.652	0.10519052673328	7.652	0.10519052673328	A
Diet.5mo.as.AL	UBA1405	2D	-0.324666283727246	0.139441639601105	-2.32833093942388	4	7.652	0.10519052673328	7.652	0.10519052673328	A
Diet.5mo.as.AL	UBA1405	20	-0.253119601061346	0.143311703103699	-1.76621724241315	4	7.652	0.10519052673328	7.652	0.10519052673328	A
Diet.5mo.as.AL	UBA1405	40	-0.316414751337322	0.141832191832536	-2.23090926854546	4	7.652	0.10519052673328	7.652	0.10519052673328	A
Diet.5mo.as.AL	UBA2882	AL	0	NA	NA	4	70.28	1.97619698383278e-14	70.28	1.97619698383278e-14	A
Diet.5mo.as.AL	UBA2882	1D	-0.271174026289732	0.126496710277297	-2.1437239410834	4	70.28	1.97619698383278e-14	70.28	1.97619698383278e-14	A
Diet.5mo.as.AL	UBA2882	2D	-0.763041630927614	0.126028207916705	-6.05453051773877	4	70.28	1.97619698383278e-14	70.28	1.97619698383278e-14	A
Diet.5mo.as.AL	UBA2882	20	0.0261456779419991	0.128181995307929	0.203973092158457	4	70.28	1.97619698383278e-14	70.28	1.97619698383278e-14	A
Diet.5mo.as.AL	UBA2882	40	0.215298854602583	0.128661549220734	1.67337371504218	4	70.28	1.97619698383278e-14	70.28	1.97619698383278e-14	A
Diet.5mo.as.AL	UBA3282	AL	0	NA	NA	4	2.0164	0.732742304593173	2.0164	0.732742304593173	A
Diet.5mo.as.AL	UBA3282	1D	-0.132116994473966	0.130522592139231	-1.01221552766156	4	2.0164	0.732742304593173	2.0164	0.732742304593173	A
Diet.5mo.as.AL	UBA3282	2D	-0.172904605172398	0.129275858772805	-1.33748564359776	4	2.0164	0.732742304593173	2.0164	0.732742304593173	A
Diet.5mo.as.AL	UBA3282	20	-0.0768671837963838	0.133971274131852	-0.573758697858859	4	2.0164	0.732742304593173	2.0164	0.732742304593173	A
Diet.5mo.as.AL	UBA3282	40	-0.0818211516923015	0.132171036017248	-0.619055083154709	4	2.0164	0.732742304593173	2.0164	0.732742304593173	A
Diet.5mo.as.AL	UBA3700	AL	0	NA	NA	4	17.064	0.00187838025354958	17.064	0.00187838025354958	A
Diet.5mo.as.AL	UBA3700	1D	0.174245600075191	0.15070734303816	1.15618520347128	4	17.064	0.00187838025354958	17.064	0.00187838025354958	A
Diet.5mo.as.AL	UBA3700	2D	-0.225601281763459	0.151805532681616	-1.48612028677912	4	17.064	0.00187838025354958	17.064	0.00187838025354958	A
Diet.5mo.as.AL	UBA3700	20	0.232082900089409	0.145986143186525	1.58975978831688	4	17.064	0.00187838025354958	17.064	0.00187838025354958	A
Diet.5mo.as.AL	UBA3700	40	0.329788933836233	0.151494001293282	2.17691084149124	4	17.064	0.00187838025354958	17.064	0.00187838025354958	A
Diet.5mo.as.AL	UBA3700NOV	AL	0	NA	NA	4	77.32	6.66133814775094e-16	77.32	6.66133814775094e-16	A
Diet.5mo.as.AL	UBA3700NOV	1D	0.235554432143	0.137298268429319	1.71564022502048	4	77.32	6.66133814775094e-16	77.32	6.66133814775094e-16	A
Diet.5mo.as.AL	UBA3700NOV	2D	0.270759673785428	0.13624706768684	1.98726973271646	4	77.32	6.66133814775094e-16	77.32	6.66133814775094e-16	A
Diet.5mo.as.AL	UBA3700NOV	20	0.709746268160302	0.140412423328972	5.05472558149245	4	77.32	6.66133814775094e-16	77.32	6.66133814775094e-16	A
Diet.5mo.as.AL	UBA3700NOV	40	1.09060391886393	0.139230639298307	7.83307413052433	4	77.32	6.66133814775094e-16	77.32	6.66133814775094e-16	A
Diet.5mo.as.AL	UBA3818	AL	0	NA	NA	4	21.464	0.000256167290374032	21.464	0.000256167290374032	A
Diet.5mo.as.AL	UBA3818	1D	-0.327082735613011	0.133556556898317	-2.44902042407423	4	21.464	0.000256167290374032	21.464	0.000256167290374032	A
Diet.5mo.as.AL	UBA3818	2D	-0.484995185153043	0.13236953607623	-3.66394866620777	4	21.464	0.000256167290374032	21.464	0.000256167290374032	A
Diet.5mo.as.AL	UBA3818	20	-0.566863469304562	0.136850189751204	-4.14221909618927	4	21.464	0.000256167290374032	21.464	0.000256167290374032	A
Diet.5mo.as.AL	UBA3818	40	-0.421564267613926	0.135533677361743	-3.11040234294507	4	21.464	0.000256167290374032	21.464	0.000256167290374032	A
Diet.5mo.as.AL	UBA7160	AL	0	NA	NA	4	36.276	2.5390031366257e-07	36.276	2.5390031366257e-07	A
Diet.5mo.as.AL	UBA7160	1D	0.34466190147798	0.142129752091907	2.42498067016333	4	36.276	2.5390031366257e-07	36.276	2.5390031366257e-07	A
Diet.5mo.as.AL	UBA7160	2D	0.578007614023976	0.140932343590301	4.10131272424078	4	36.276	2.5390031366257e-07	36.276	2.5390031366257e-07	A
Diet.5mo.as.AL	UBA7160	20	0.0384482759115447	0.145318637792116	0.264579110399772	4	36.276	2.5390031366257e-07	36.276	2.5390031366257e-07	A
Diet.5mo.as.AL	UBA7160	40	-0.191730998444179	0.143960400004784	-1.33183152059738	4	36.276	2.5390031366257e-07	36.276	2.5390031366257e-07	A
Diet.5mo.as.AL	UBA7173	AL	0	NA	NA	4	15.48	0.0038025255661881	15.48	0.0038025255661881	A
Diet.5mo.as.AL	UBA7173	1D	0.197104393379066	0.147265465620066	1.33842915953955	4	15.48	0.0038025255661881	15.48	0.0038025255661881	A
Diet.5mo.as.AL	UBA7173	2D	0.2244379671159	0.146027611697822	1.53695567917891	4	15.48	0.0038025255661881	15.48	0.0038025255661881	A
Diet.5mo.as.AL	UBA7173	20	0.536393029796538	0.150608412055448	3.56150777022375	4	15.48	0.0038025255661881	15.48	0.0038025255661881	A
Diet.5mo.as.AL	UBA7173	40	0.424239898484686	0.148970154636871	2.84781807147083	4	15.48	0.0038025255661881	15.48	0.0038025255661881	A
Diet.5mo.as.AL	UBA7182	AL	0	NA	NA	4	140.24	0	140.24	0	A
Diet.5mo.as.AL	UBA7182	1D	-0.251832471885462	0.12286916258896	-2.04959866722562	4	140.24	0	140.24	0	A
Diet.5mo.as.AL	UBA7182	2D	-0.35210422283345	0.12191342690051	-2.88814966312768	4	140.24	0	140.24	0	A
Diet.5mo.as.AL	UBA7182	20	-0.52774113139962	0.125523800337849	-4.20431129378808	4	140.24	0	140.24	0	A
Diet.5mo.as.AL	UBA7182	40	-1.38051001127833	0.124761310339239	-11.0652092986566	4	140.24	0	140.24	0	A
Diet.5mo.as.AL	UBA946	AL	0	NA	NA	4	38.444	9.07435101504817e-08	38.444	9.07435101504817e-08	A
Diet.5mo.as.AL	UBA946	1D	-0.217198396091812	0.138016261609375	-1.57371597780662	4	38.444	9.07435101504817e-08	38.444	9.07435101504817e-08	A
Diet.5mo.as.AL	UBA946	2D	-0.56044508320084	0.137066315001275	-4.08886080577586	4	38.444	9.07435101504817e-08	38.444	9.07435101504817e-08	A
Diet.5mo.as.AL	UBA946	20	-0.151216205950444	0.141168836574997	-1.07117271502134	4	38.444	9.07435101504817e-08	38.444	9.07435101504817e-08	A
Diet.5mo.as.AL	UBA946	40	0.273964557882873	0.140438872317394	1.9507744071293	4	38.444	9.07435101504817e-08	38.444	9.07435101504817e-08	A
Diet.5mo.as.AL	UBA9475	AL	0	NA	NA	4	4.516	0.34065450749097	4.516	0.34065450749097	A
Diet.5mo.as.AL	UBA9475	1D	-0.202304343526289	0.125059893502703	-1.61765964978945	4	4.516	0.34065450749097	4.516	0.34065450749097	A
Diet.5mo.as.AL	UBA9475	2D	-0.146370318896886	0.125333821899966	-1.16784373665481	4	4.516	0.34065450749097	4.516	0.34065450749097	A
Diet.5mo.as.AL	UBA9475	20	-0.146866674144089	0.123406082552648	-1.19010887556076	4	4.516	0.34065450749097	4.516	0.34065450749097	A
Diet.5mo.as.AL	UBA9475	40	0.000174717944321644	0.126326361604491	0.00138306796857381	4	4.516	0.34065450749097	4.516	0.34065450749097	A
Diet.5mo.as.AL	UBA9502	AL	0	NA	NA	4	60.36	2.43705056135468e-12	60.36	2.43705056135468e-12	A
Diet.5mo.as.AL	UBA9502	1D	-0.40997285773717	0.128079624256222	-3.20092177126491	4	60.36	2.43705056135468e-12	60.36	2.43705056135468e-12	A
Diet.5mo.as.AL	UBA9502	2D	-0.369986190155688	0.130660711248558	-2.83165602437184	4	60.36	2.43705056135468e-12	60.36	2.43705056135468e-12	A
Diet.5mo.as.AL	UBA9502	20	-0.558633185924643	0.119039280006372	-4.69284748609652	4	60.36	2.43705056135468e-12	60.36	2.43705056135468e-12	A
Diet.5mo.as.AL	UBA9502	40	-0.948473199717179	0.127781072723883	-7.42264233269268	4	60.36	2.43705056135468e-12	60.36	2.43705056135468e-12	A
Diet.5mo.as.AL	UMGS1004	AL	0	NA	NA	4	51.64	1.64049662743082e-10	51.64	1.64049662743082e-10	A
Diet.5mo.as.AL	UMGS1004	1D	-0.00429399741094864	0.143378701479639	-0.029948642069118	4	51.64	1.64049662743082e-10	51.64	1.64049662743082e-10	A
Diet.5mo.as.AL	UMGS1004	2D	-0.0157487331728343	0.143101853537848	-0.110052614857773	4	51.64	1.64049662743082e-10	51.64	1.64049662743082e-10	A
Diet.5mo.as.AL	UMGS1004	20	0.537166401427335	0.144064489891794	3.72865236833031	4	51.64	1.64049662743082e-10	51.64	1.64049662743082e-10	A
Diet.5mo.as.AL	UMGS1004	40	0.766234022860314	0.145226563079736	5.27612859941894	4	51.64	1.64049662743082e-10	51.64	1.64049662743082e-10	A
Diet.5mo.as.AL	UMGS1217	AL	0	NA	NA	4	27.268	1.75465639852268e-05	27.268	1.75465639852268e-05	A
Diet.5mo.as.AL	UMGS1217	1D	-0.249754499355337	0.156145874451525	-1.59949470476002	4	27.268	1.75465639852268e-05	27.268	1.75465639852268e-05	A
Diet.5mo.as.AL	UMGS1217	2D	-0.59846488512219	0.154876298378284	-3.86414765453939	4	27.268	1.75465639852268e-05	27.268	1.75465639852268e-05	A
Diet.5mo.as.AL	UMGS1217	20	-0.380183057955796	0.159393081884808	-2.38519171258983	4	27.268	1.75465639852268e-05	27.268	1.75465639852268e-05	A
Diet.5mo.as.AL	UMGS1217	40	-0.736483138405309	0.157537575545678	-4.67496808843401	4	27.268	1.75465639852268e-05	27.268	1.75465639852268e-05	A
Diet.5mo.as.AL	UMGS1370	AL	0	NA	NA	4	58.76	5.28466159721575e-12	58.76	5.28466159721575e-12	A
Diet.5mo.as.AL	UMGS1370	1D	-0.211263832219086	0.145533363968964	-1.45165222913517	4	58.76	5.28466159721575e-12	58.76	5.28466159721575e-12	A
Diet.5mo.as.AL	UMGS1370	2D	-0.394215900976765	0.14595986664133	-2.7008513370698	4	58.76	5.28466159721575e-12	58.76	5.28466159721575e-12	A
Diet.5mo.as.AL	UMGS1370	20	-0.61959567878527	0.142983782146374	-4.33332836412861	4	58.76	5.28466159721575e-12	58.76	5.28466159721575e-12	A
Diet.5mo.as.AL	UMGS1370	40	-1.01813260073705	0.146412574452616	-6.95386038080051	4	58.76	5.28466159721575e-12	58.76	5.28466159721575e-12	A
Diet.5mo.as.AL	UMGS1815	AL	0	NA	NA	4	152.4	0	152.4	0	A
Diet.5mo.as.AL	UMGS1815	1D	0.237595825167193	0.126291252273091	1.88133240339892	4	152.4	0	152.4	0	A
Diet.5mo.as.AL	UMGS1815	2D	0.368931094089362	0.127500796226676	2.89355913851285	4	152.4	0	152.4	0	A
Diet.5mo.as.AL	UMGS1815	20	1.02899052048918	0.121353348014365	8.47929239140054	4	152.4	0	152.4	0	A
Diet.5mo.as.AL	UMGS1815	40	1.26575896710812	0.126785626838331	9.98345789402564	4	152.4	0	152.4	0	A
Diet.5mo.as.AL	UMGS1872	AL	0	NA	NA	4	52.36	1.15989884363898e-10	52.36	1.15989884363898e-10	A
Diet.5mo.as.AL	UMGS1872	1D	-0.0667675082865829	0.129375622967134	-0.51607487373061	4	52.36	1.15989884363898e-10	52.36	1.15989884363898e-10	A
Diet.5mo.as.AL	UMGS1872	2D	0.00873191761855183	0.132134475027427	0.0660835684005962	4	52.36	1.15989884363898e-10	52.36	1.15989884363898e-10	A
Diet.5mo.as.AL	UMGS1872	20	-0.451155645239232	0.119681894296112	-3.76962319900285	4	52.36	1.15989884363898e-10	52.36	1.15989884363898e-10	A
Diet.5mo.as.AL	UMGS1872	40	-0.711186766829088	0.128794824029533	-5.52185829040776	4	52.36	1.15989884363898e-10	52.36	1.15989884363898e-10	A
Diet.5mo.as.AL	UMGS268	AL	0	NA	NA	4	3.64	0.456912617633544	3.64	0.456912617633544	A
Diet.5mo.as.AL	UMGS268	1D	-0.17770269664242	0.141908871839939	-1.25223105742715	4	3.64	0.456912617633544	3.64	0.456912617633544	A
Diet.5mo.as.AL	UMGS268	2D	-0.221174193019153	0.143048343446146	-1.5461499776292	4	3.64	0.456912617633544	3.64	0.456912617633544	A
Diet.5mo.as.AL	UMGS268	20	-0.0589660803797333	0.137374990300093	-0.429234464373197	4	3.64	0.456912617633544	3.64	0.456912617633544	A
Diet.5mo.as.AL	UMGS268	40	-0.0201413634602892	0.142902866094597	-0.140944433171524	4	3.64	0.456912617633544	3.64	0.456912617633544	A
Diet.5mo.as.AL	uniq	AL	0	NA	NA	4	18.076	0.00119259686645712	18.076	0.00119259686645712	A
Diet.5mo.as.AL	uniq	1D	0.374682671369444	0.13588518023894	2.75734756881216	4	18.076	0.00119259686645712	18.076	0.00119259686645712	A
Diet.5mo.as.AL	uniq	2D	0.331215868704034	0.135841126782577	2.43825913807508	4	18.076	0.00119259686645712	18.076	0.00119259686645712	A
Diet.5mo.as.AL	uniq	20	0.500638007216261	0.135316678065024	3.69975094256812	4	18.076	0.00119259686645712	18.076	0.00119259686645712	A
Diet.5mo.as.AL	uniq	40	0.48669152235274	0.137335267371039	3.54382040148394	4	18.076	0.00119259686645712	18.076	0.00119259686645712	A
Diet.5mo.as.AL	X142	AL	0	NA	NA	4	25.436	4.11086843420394e-05	25.436	4.11086843420394e-05	A
Diet.5mo.as.AL	X142	1D	-0.233905336944376	0.132981285353448	-1.7589342464444	4	25.436	4.11086843420394e-05	25.436	4.11086843420394e-05	A
Diet.5mo.as.AL	X142	2D	0.000494111205682365	0.131838160467618	0.00374786180215045	4	25.436	4.11086843420394e-05	25.436	4.11086843420394e-05	A
Diet.5mo.as.AL	X142	20	-0.464515338554708	0.136186251439421	-3.41088277006682	4	25.436	4.11086843420394e-05	25.436	4.11086843420394e-05	A
Diet.5mo.as.AL	X142	40	-0.502382824857778	0.13512608610778	-3.71788186373626	4	25.436	4.11086843420394e-05	25.436	4.11086843420394e-05	A
Diet.5mo.as.AL	X1XD4269	AL	0	NA	NA	4	18.34	0.00105886490396412	18.34	0.00105886490396412	A
Diet.5mo.as.AL	X1XD4269	1D	-0.454550639249564	0.155119508538663	-2.93032542155244	4	18.34	0.00105886490396412	18.34	0.00105886490396412	A
Diet.5mo.as.AL	X1XD4269	2D	-0.525836980430533	0.156445357554597	-3.3611542627401	4	18.34	0.00105886490396412	18.34	0.00105886490396412	A
Diet.5mo.as.AL	X1XD4269	20	-0.0387628279386401	0.149158813918647	-0.259876214621698	4	18.34	0.00105886490396412	18.34	0.00105886490396412	A
Diet.5mo.as.AL	X1XD4269	40	-0.103391301909466	0.155101403905993	-0.666604552284594	4	18.34	0.00105886490396412	18.34	0.00105886490396412	A
Diet.5mo.as.AL	X1XD876	AL	0	NA	NA	4	10.32	0.0353688700636299	10.32	0.0353688700636299	A
Diet.5mo.as.AL	X1XD876	1D	-0.287930807837808	0.137184542862847	-2.09885750849987	4	10.32	0.0353688700636299	10.32	0.0353688700636299	A
Diet.5mo.as.AL	X1XD876	2D	-0.345447849330474	0.135944114999064	-2.54110190303458	4	10.32	0.0353688700636299	10.32	0.0353688700636299	A
Diet.5mo.as.AL	X1XD876	20	-0.388545188954441	0.140501718973718	-2.76541235077075	4	10.32	0.0353688700636299	10.32	0.0353688700636299	A
Diet.5mo.as.AL	X1XD876	40	-0.333159250269209	0.13911833617663	-2.39479035923932	4	10.32	0.0353688700636299	10.32	0.0353688700636299	A
