fixef	feature	fixef.value	solution	std.error	z.ratio	Df	Wald(inc)	Pr(chisq)(inc)	Wald(con)	Pr(chisq)(con)	Margin
(Intercept)	Acetatifactor	NA	-0.0781487531302805	0.169738230180544	-0.460407493628023	1	0.1787	0.672492828388667	0.1787	0.672492828388667	 
(Intercept)	Acutalibacter	NA	0.381515699431775	0.219936370711638	1.73466397666435	1	0.02599	0.87192474208038	0.02599	0.87192474208038	 
(Intercept)	Adlercreutzia	NA	-0.120733293071935	0.184702091706551	-0.653665001605679	1	0.004025	0.949413836568328	0.004025	0.949413836568328	 
(Intercept)	AF3328	NA	0.136141489795968	0.142090425427843	0.958132748114716	1	0.002742	0.958238571058	0.002742	0.958238571058	 
(Intercept)	Akkermansia	NA	-0.0814928596075016	0.159828038363886	-0.509878369538415	1	0.09404	0.759102620407658	0.09404	0.759102620407658	 
(Intercept)	Alistipes	NA	-0.14286400590135	0.433166951551567	-0.329812801714496	1	0.01515	0.902039522956895	0.01515	0.902039522956895	 
(Intercept)	AM0715	NA	0.280376311488166	0.211579420447438	1.32515870822994	1	5.211e-06	0.998178621436536	5.211e-06	0.998178621436536	 
(Intercept)	Anaerotignum	NA	0.132731660527432	0.23595545523857	0.562528467049976	1	0.004696	0.945365835722793	0.004696	0.945365835722793	 
(Intercept)	Anaerotruncus	NA	0.355205219651708	0.157784388054614	2.25120637111931	1	0.002385	0.961049624524185	0.002385	0.961049624524185	 
(Intercept)	AnaerovoracaceaeNOV	NA	-0.0473253254009172	0.160784087680525	-0.294340852279809	1	0.04886	0.825058965621645	0.04886	0.825058965621645	 
(Intercept)	Angelakisella	NA	0.213524236859862	0.14950444076656	1.42821334112251	1	0.03265	0.856608467194103	0.03265	0.856608467194103	 
(Intercept)	ASF356	NA	0.36758613198223	0.14850158264041	2.4753011075466	1	0.06484	0.799003481750752	0.06484	0.799003481750752	 
(Intercept)	Bacteroides	NA	-0.55945900152455	0.308203078685042	-1.81522846530768	1	0.0001363	0.990685101568411	0.0001363	0.990685101568411	 
(Intercept)	Bifidobacterium	NA	-0.395505877420697	0.204252454651237	-1.93635801389035	1	0.005281	0.942068332648711	0.005281	0.942068332648711	 
(Intercept)	BorkfalkiaceaeNOV	NA	0.0161900595670422	0.253492459626581	0.0638680124485429	1	0.001224	0.972091134574567	0.001224	0.972091134574567	 
(Intercept)	ButyricicoccaceaeNOV	NA	0.256667416833197	0.197291080482798	1.30095803725692	1	0.001231	0.972011476235116	0.001231	0.972011476235116	 
(Intercept)	CAG115	NA	0.090389302799736	0.381018972291586	0.237230451428973	1	0.02018	0.88703551436721	0.02018	0.88703551436721	 
(Intercept)	CAG145	NA	-0.00570932093009443	0.187010374786784	-0.0305294341910378	1	4.499e-05	0.994648262521765	4.499e-05	0.994648262521765	 
(Intercept)	CAG273	NA	-0.40356597971513	0.191365797427678	-2.10887204056225	1	0.5537	0.456809804838135	0.5537	0.456809804838135	 
(Intercept)	CAG274NOV	NA	0.37604819537026	0.277128199496595	1.3569466985076	1	0.001049	0.974162417179351	0.001049	0.974162417179351	 
(Intercept)	CAG303	NA	0.559931880447762	0.191381936183679	2.92573004335355	1	0.001219	0.97214817310357	0.001219	0.97214817310357	 
(Intercept)	CAG41	NA	0.165885786209423	0.203104297742217	0.816751728316294	1	0.04665	0.828998574136632	0.04665	0.828998574136632	 
(Intercept)	CAG475	NA	-0.0519399405854438	0.311431804330447	-0.166777894432171	1	8.757e-05	0.992533597506684	8.757e-05	0.992533597506684	 
(Intercept)	CAG485	NA	-0.629208570438779	0.26627072855836	-2.36304070614684	1	0.007523	0.93088197300257	0.007523	0.93088197300257	 
(Intercept)	CAG510	NA	-0.196716526306167	0.221617804434305	-0.887638638999698	1	0.01911	0.890051593801917	0.01911	0.890051593801917	 
(Intercept)	CAG552NOV	NA	-0.228463662129219	0.275338255692563	-0.829756335728069	1	0.0001359	0.990698779220671	0.0001359	0.990698779220671	 
(Intercept)	CAG56	NA	0.0745338677687793	0.180597412048657	0.412707285908937	1	3.134e-05	0.995533294811705	3.134e-05	0.995533294811705	 
(Intercept)	CAG582	NA	-0.0692324952856125	0.262198175485083	-0.264046441808865	1	3.006e-05	0.995625460183279	3.006e-05	0.995625460183279	 
(Intercept)	CAG776	NA	-0.193650660170925	0.158999469943229	-1.21793274053094	1	0.002658	0.958882642930285	0.002658	0.958882642930285	 
(Intercept)	CAG81	NA	0.168929870562385	0.170319797517015	0.991839310667976	1	0.07739	0.78086606398941	0.07739	0.78086606398941	 
(Intercept)	CAG873	NA	-0.59020534591746	0.313946914385483	-1.87995268904847	1	5.664e-05	0.993995213314518	5.664e-05	0.993995213314518	 
(Intercept)	CAG95	NA	0.170052306137167	0.160709841639812	1.05813249768669	1	0.2386	0.625219101983277	0.2386	0.625219101983277	 
(Intercept)	Chao1	NA	-0.326914713713713	0.306245398143253	-1.06749265685551	1	0.0001479	0.990296834403176	0.0001479	0.990296834403176	 
(Intercept)	Clostridium	NA	-0.183105239934789	0.22617825649678	-0.809561638553861	1	0.006867	0.933957004592011	0.006867	0.933957004592011	 
(Intercept)	ClostridiumQ	NA	0.0384270736091608	0.138669964885549	0.27711172813	1	0.01925	0.889652155553674	0.01925	0.889652155553674	 
(Intercept)	COE1	NA	0.41222308925616	0.14334182899466	2.87580458647221	1	0.1111	0.738895260153896	0.1111	0.738895260153896	 
(Intercept)	D1663	NA	-0.109430655172251	0.136191889420136	-0.803503465868441	1	0.08361	0.772463578838286	0.08361	0.772463578838286	 
(Intercept)	Desulfovibrio	NA	0.224218335410571	0.327841739047374	0.683922480591073	1	0.03231	0.857348974845182	0.03231	0.857348974845182	 
(Intercept)	Dorea	NA	0.360582489343429	0.165013028909695	2.18517587202622	1	0.01145	0.914785272687515	0.01145	0.914785272687515	 
(Intercept)	Dubosiella	NA	-0.328090649127996	0.180393879800821	-1.8187460100656	1	0.04064	0.840234409335113	0.04064	0.840234409335113	 
(Intercept)	Duncaniella	NA	-0.400066711074318	0.325706714348677	-1.22830354257308	1	0.006289	0.936791448702887	0.006289	0.936791448702887	 
(Intercept)	Emergencia	NA	0.1915155623989	0.121584561398008	1.57516349277251	1	0.08692	0.768129874590933	0.08692	0.768129874590933	 
(Intercept)	EnterococcusD	NA	0.0238825897607176	0.18262597236112	0.13077323806656	1	0.0009304	0.975666332362609	0.0009304	0.975666332362609	 
(Intercept)	ErysipelatoclostridiaceaeNOV	NA	0.00910111026911027	0.272920730080157	0.0333470831125113	1	0.005253	0.9422218449239	0.005253	0.9422218449239	 
(Intercept)	Erysipelatoclostridium	NA	-0.179845136659735	0.24719728467374	-0.72753686148738	1	0.0002063	0.988540260560229	0.0002063	0.988540260560229	 
(Intercept)	ErysipelotrichaceaeNOV	NA	0.304423123857159	0.20962631480175	1.45221807741581	1	0.02021	0.886952141615879	0.02021	0.886952141615879	 
(Intercept)	Escherichia	NA	-0.0593818686038393	0.251164449031824	-0.236426249147687	1	0.0009208	0.975792158277028	0.0009208	0.975792158277028	 
(Intercept)	EubacteriumF	NA	-0.116774999291533	0.138177974980117	-0.845105736339935	1	0.003026	0.956131221861234	0.003026	0.956131221861234	 
(Intercept)	EubacteriumG	NA	0.28915034953208	0.24588552613884	1.17595514495152	1	0.0267	0.870202442870575	0.0267	0.870202442870575	 
(Intercept)	EubacteriumJ	NA	0.542633101905191	0.148558442268136	3.65265745669158	1	0.002606	0.9592864781965	0.002606	0.9592864781965	 
(Intercept)	Evtepia	NA	0.163263219620638	0.178202268335772	0.916168021570936	1	0.3215	0.570707591328543	0.3215	0.570707591328543	 
(Intercept)	Flavonifractor	NA	0.384274682684315	0.261772175505006	1.4679737521491	1	0.1869	0.665509342595957	0.1869	0.665509342595957	 
(Intercept)	HungatellaA	NA	0.0631843532479487	0.153674957311231	0.411155821048867	1	0.1182	0.730994993908443	0.1182	0.730994993908443	 
(Intercept)	Ileibacterium	NA	-0.387777088746246	0.310338734847562	-1.24952848356723	1	0.0006564	0.979560190777587	0.0006564	0.979560190777587	 
(Intercept)	Kineothrix	NA	-0.348863687559606	0.151455114593645	-2.30341305076167	1	0.03234	0.857283474621795	0.03234	0.857283474621795	 
(Intercept)	Lachnospira	NA	0.425016162154896	0.226896121498642	1.87317508711774	1	2.889e-06	0.998643831591864	2.889e-06	0.998643831591864	 
(Intercept)	LachnospiraceaeNOV	NA	0.198798605207486	0.156855788219176	1.26739731739898	1	0.1773	0.673703919563654	0.1773	0.673703919563654	 
(Intercept)	Lactobacillus	NA	-0.48606133043524	0.276264268808845	-1.75940715218427	1	0.0057	0.939818214794041	0.0057	0.939818214794041	 
(Intercept)	Lawsonibacter	NA	0.419983108099967	0.17240174468839	2.4360722616762	1	0.9117	0.339663760722664	0.9117	0.339663760722664	 
(Intercept)	Ligilactobacillus	NA	-0.51855475715945	0.301600403665513	-1.71934371060905	1	0.05425	0.815826405609781	0.05425	0.815826405609781	 
(Intercept)	Limosilactobacillus	NA	-0.551978287486063	0.230116506312816	-2.39869054302308	1	0.0001088	0.991677637395873	0.0001088	0.991677637395873	 
(Intercept)	Mailhella	NA	-0.0805695100913751	0.269342774292616	-0.299133735081542	1	0.003091	0.955663043671818	0.003091	0.955663043671818	 
(Intercept)	MarseilleP3106	NA	-0.35077241692232	0.277847417821121	-1.26246419589959	1	0.01265	0.91044899614726	0.01265	0.91044899614726	 
(Intercept)	MuribaculaceaeNOV	NA	-0.394037531537781	0.237242149693038	-1.66090862035948	1	0.01509	0.902232720842999	0.01509	0.902232720842999	 
(Intercept)	Muribaculum	NA	-0.338587655354494	0.249918920626665	-1.35479000351592	1	0.003839	0.95059495347973	0.003839	0.95059495347973	 
(Intercept)	Oscillibacter	NA	0.270571885748705	0.165097501711251	1.63886117563381	1	0.4088	0.522579207141454	0.4088	0.522579207141454	 
(Intercept)	OscillospiraceaeNOV	NA	0.160736939424144	0.153790605110001	1.04516748151927	1	0.1782	0.672924717235813	0.1782	0.672924717235813	 
(Intercept)	Paramuribaculum	NA	-0.74069040673466	0.274509960676288	-2.69822779803647	1	0.001527	0.968829119993264	0.001527	0.968829119993264	 
(Intercept)	Parvibacter	NA	-0.0309201340967518	0.222111246241183	-0.139210123845673	1	0.0001232	0.99114402263295	0.0001232	0.99114402263295	 
(Intercept)	PCoA1	NA	-0.541069034929158	0.205482069217452	-2.63316909835364	1	0.004902	0.944182290345566	0.004902	0.944182290345566	 
(Intercept)	PCoA2	NA	-0.642947507776498	0.135365449099118	-4.74971650487944	1	0.1005	0.751230437598298	0.1005	0.751230437598298	 
(Intercept)	PCoA3	NA	0.0741759275694143	0.253817678866782	0.292240981402821	1	0.004671	0.94551123029401	0.004671	0.94551123029401	 
(Intercept)	Prevotella	NA	-0.304547568934485	0.270438191786775	-1.12612633194428	1	0.002792	0.957859885202334	0.002792	0.957859885202334	 
(Intercept)	Romboutsia	NA	-0.305109099920275	0.166980710717171	-1.82721164983579	1	0.01524	0.901750452870862	0.01524	0.901750452870862	 
(Intercept)	Roseburia	NA	0.0541981683044902	0.249371054268359	0.217339452100825	1	0.01659	0.897514185341499	0.01659	0.897514185341499	 
(Intercept)	RuminiclostridiumE	NA	0.234637214415711	0.175063523122642	1.34029756873643	1	0.1134	0.736305997557537	0.1134	0.736305997557537	 
(Intercept)	Schaedlerella	NA	0.702129106760883	0.169291644483444	4.14745281081814	1	0.3902	0.532194292005624	0.3902	0.532194292005624	 
(Intercept)	Shannon	NA	-0.240371484115526	0.199488827339775	-1.20493707502786	1	0.003219	0.95475531167713	0.003219	0.95475531167713	 
(Intercept)	Simpson	NA	-0.373066539289438	0.17043336937954	-2.18892896765217	1	0.0002067	0.988529156923644	0.0002067	0.988529156923644	 
(Intercept)	Staphylococcus	NA	0.164586301499625	0.192438372433807	0.855267582125483	1	0.1739	0.676668760562835	0.1739	0.676668760562835	 
(Intercept)	TF0111	NA	0.391233346901837	0.239747420422318	1.63185633535775	1	0.001297	0.971271286542364	0.001297	0.971271286542364	 
(Intercept)	Turicibacter	NA	0.0681182666945244	0.236544999240006	0.287971704806194	1	0.05205	0.81953375774609	0.05205	0.81953375774609	 
(Intercept)	UBA11940	NA	-0.133986584056925	0.348123994036133	-0.384881784514451	1	0.01184	0.913351792846959	0.01184	0.913351792846959	 
(Intercept)	UBA11957	NA	0.708133816150351	0.213892792913188	3.31069507534908	1	8.236e-06	0.997710199560897	8.236e-06	0.997710199560897	 
(Intercept)	UBA1394	NA	-0.0705374621052897	0.225950472847903	-0.312181077632759	1	1.274e-05	0.99715210578544	1.274e-05	0.99715210578544	 
(Intercept)	UBA1405	NA	0.0832934656176514	0.186044256779463	0.447707803828567	1	0.01367	0.906924419718232	0.01367	0.906924419718232	 
(Intercept)	UBA2882	NA	0.191651440467793	0.25796031982495	0.742949305528255	1	0.007357	0.931646905128182	0.007357	0.931646905128182	 
(Intercept)	UBA3282	NA	0.151481038631824	0.147094318799361	1.02982249666927	1	0.05982	0.806780664291757	0.05982	0.806780664291757	 
(Intercept)	UBA3700	NA	-0.394987494823517	0.230304305559211	-1.71506778331578	1	0.01973	0.888293774785785	0.01973	0.888293774785785	 
(Intercept)	UBA3700NOV	NA	-0.394774053466661	0.311509770387541	-1.26729268547671	1	0.006719	0.934670962099137	0.006719	0.934670962099137	 
(Intercept)	UBA3818	NA	0.41698900558182	0.141137394288665	2.95448989747509	1	0.02446	0.875720156182514	0.02446	0.875720156182514	 
(Intercept)	UBA7160	NA	0.0201743238938484	0.207947677840829	0.0970163461468926	1	0.005693	0.939855109758497	0.005693	0.939855109758497	 
(Intercept)	UBA7173	NA	-0.332386817559861	0.363301334586713	-0.914906679156521	1	0.0004096	0.983853054164764	0.0004096	0.983853054164764	 
(Intercept)	UBA7182	NA	0.573310717532586	0.234167473248209	2.44829356349119	1	0.007993	0.928761178957591	0.007993	0.928761178957591	 
(Intercept)	UBA946	NA	-0.0616627804250029	0.149795330699681	-0.411646879358532	1	0.00103	0.974397396818635	0.00103	0.974397396818635	 
(Intercept)	UBA9475	NA	0.0966237161823637	0.15774289668312	0.612539253520017	1	0.001249	0.971807675696247	0.001249	0.971807675696247	 
(Intercept)	UBA9502	NA	0.338452761566251	0.154671319084834	2.18820634341792	1	0.0042	0.94832734393016	0.0042	0.94832734393016	 
(Intercept)	UMGS1004	NA	-0.363798375265798	0.148456849628698	-2.45053277215355	1	0.01999	0.88756501633369	0.01999	0.88756501633369	 
(Intercept)	UMGS1217	NA	-0.0388166139588445	0.177240085125721	-0.219005841321453	1	0.0234	0.878421471694771	0.0234	0.878421471694771	 
(Intercept)	UMGS1370	NA	0.537407985191753	0.271836211377377	1.97695510273904	1	0.002379	0.961098610670929	0.002379	0.961098610670929	 
(Intercept)	UMGS1815	NA	-0.678944585601718	0.189748936686474	-3.57812063381177	1	0.0007173	0.978633245529407	0.0007173	0.978633245529407	 
(Intercept)	UMGS1872	NA	-0.0311131319612022	0.22635628106358	-0.137452037182317	1	0.0148	0.903172054751979	0.0148	0.903172054751979	 
(Intercept)	UMGS268	NA	-0.00428646409203231	0.313399532370804	-0.0136773148945248	1	0.0001109	0.991597707281072	0.0001109	0.991597707281072	 
(Intercept)	uniq	NA	-0.094360354066133	0.148890478483004	-0.633756805858504	1	0.0004382	0.983298920972908	0.0004382	0.983298920972908	 
(Intercept)	X142	NA	0.456402438684378	0.182873044145564	2.49573380711642	1	0.001594	0.96815297603402	0.001594	0.96815297603402	 
(Intercept)	X1XD4269	NA	-0.152252157528748	0.142363372831282	-1.06946157920258	1	0.001419	0.96995110139267	0.001419	0.96995110139267	 
(Intercept)	X1XD876	NA	-0.048141419684288	0.228549772986069	-0.210638667697221	1	0.005754	0.939534358947944	0.005754	0.939534358947944	 
Diet.5mo.as.AL	Acetatifactor	AL	0	NA	NA	4	5.452	0.243981048247913	5.452	0.243981048247913	A
Diet.5mo.as.AL	Acetatifactor	1D	-0.0812171127018391	0.204574535531875	-0.397004996201908	4	5.452	0.243981048247913	5.452	0.243981048247913	A
Diet.5mo.as.AL	Acetatifactor	2D	0.263573343131401	0.202292283053541	1.30293325653772	4	5.452	0.243981048247913	5.452	0.243981048247913	A
Diet.5mo.as.AL	Acetatifactor	20	0.0993444074387425	0.199972451260751	0.496790466948889	4	5.452	0.243981048247913	5.452	0.243981048247913	A
Diet.5mo.as.AL	Acetatifactor	40	0.267912742363658	0.200312753255452	1.33747221786722	4	5.452	0.243981048247913	5.452	0.243981048247913	A
Diet.5mo.as.AL	Acutalibacter	AL	0	NA	NA	4	11.424	0.0221902332448102	11.424	0.0221902332448102	A
Diet.5mo.as.AL	Acutalibacter	1D	-0.211639917762284	0.188526719622739	-1.12259905750122	4	11.424	0.0221902332448102	11.424	0.0221902332448102	A
Diet.5mo.as.AL	Acutalibacter	2D	-0.43533036690099	0.186872697306511	-2.32955575199386	4	11.424	0.0221902332448102	11.424	0.0221902332448102	A
Diet.5mo.as.AL	Acutalibacter	20	-0.455093703180644	0.187243166774966	-2.43049565449611	4	11.424	0.0221902332448102	11.424	0.0221902332448102	A
Diet.5mo.as.AL	Acutalibacter	40	-0.55705691279244	0.18706480004065	-2.97788206370942	4	11.424	0.0221902332448102	11.424	0.0221902332448102	A
Diet.5mo.as.AL	Adlercreutzia	AL	0	NA	NA	4	38.712	7.98892695330622e-08	38.712	7.98892695330622e-08	A
Diet.5mo.as.AL	Adlercreutzia	1D	0.537213480492965	0.200050114506208	2.68539451636401	4	38.712	7.98892695330622e-08	38.712	7.98892695330622e-08	A
Diet.5mo.as.AL	Adlercreutzia	2D	0.436354471522543	0.19817977867805	2.20181127677721	4	38.712	7.98892695330622e-08	38.712	7.98892695330622e-08	A
Diet.5mo.as.AL	Adlercreutzia	20	0.140945149040192	0.19586670516298	0.719597283892184	4	38.712	7.98892695330622e-08	38.712	7.98892695330622e-08	A
Diet.5mo.as.AL	Adlercreutzia	40	-0.492100720789986	0.19686814256047	-2.49964628298778	4	38.712	7.98892695330622e-08	38.712	7.98892695330622e-08	A
Diet.5mo.as.AL	AF3328	AL	0	NA	NA	4	22.656	0.000148321713723587	22.656	0.000148321713723587	A
Diet.5mo.as.AL	AF3328	1D	-0.0185811647888148	0.178442633713316	-0.104129626435951	4	22.656	0.000148321713723587	22.656	0.000148321713723587	A
Diet.5mo.as.AL	AF3328	2D	0.196130119051978	0.176445767282018	1.11156035122394	4	22.656	0.000148321713723587	22.656	0.000148321713723587	A
Diet.5mo.as.AL	AF3328	20	-0.290052739496468	0.17650099793947	-1.64334900585627	4	22.656	0.000148321713723587	22.656	0.000148321713723587	A
Diet.5mo.as.AL	AF3328	40	-0.493785760343835	0.174718144756437	-2.82618477337994	4	22.656	0.000148321713723587	22.656	0.000148321713723587	A
Diet.5mo.as.AL	Akkermansia	AL	0	NA	NA	4	39.252	6.17947403247499e-08	39.252	6.17947403247499e-08	A
Diet.5mo.as.AL	Akkermansia	1D	-0.263618665365044	0.187793325851587	-1.40377015088056	4	39.252	6.17947403247499e-08	39.252	6.17947403247499e-08	A
Diet.5mo.as.AL	Akkermansia	2D	-0.363160095508683	0.185948935645301	-1.95300981018474	4	39.252	6.17947403247499e-08	39.252	6.17947403247499e-08	A
Diet.5mo.as.AL	Akkermansia	20	0.529365451376332	0.186672416986202	2.83579898906789	4	39.252	6.17947403247499e-08	39.252	6.17947403247499e-08	A
Diet.5mo.as.AL	Akkermansia	40	0.35678570640337	0.186014777703395	1.91805033346476	4	39.252	6.17947403247499e-08	39.252	6.17947403247499e-08	A
Diet.5mo.as.AL	Alistipes	AL	0	NA	NA	4	3.4192	0.490270020467168	3.4192	0.490270020467168	A
Diet.5mo.as.AL	Alistipes	1D	0.175280718758162	0.167011187233097	1.04951483587458	4	3.4192	0.490270020467168	3.4192	0.490270020467168	A
Diet.5mo.as.AL	Alistipes	2D	0.165158481020565	0.164828503466744	1.00200194472971	4	3.4192	0.490270020467168	3.4192	0.490270020467168	A
Diet.5mo.as.AL	Alistipes	20	0.300668273582281	0.165158794336371	1.82047994955645	4	3.4192	0.490270020467168	3.4192	0.490270020467168	A
Diet.5mo.as.AL	Alistipes	40	0.213184796240857	0.16544814516323	1.28852938200383	4	3.4192	0.490270020467168	3.4192	0.490270020467168	A
Diet.5mo.as.AL	AM0715	AL	0	NA	NA	4	26.16	2.93785820951742e-05	26.16	2.93785820951742e-05	A
Diet.5mo.as.AL	AM0715	1D	-0.138518688083721	0.174771852362055	-0.792568632829774	4	26.16	2.93785820951742e-05	26.16	2.93785820951742e-05	A
Diet.5mo.as.AL	AM0715	2D	-0.0218743404783936	0.17233181579085	-0.126931526706254	4	26.16	2.93785820951742e-05	26.16	2.93785820951742e-05	A
Diet.5mo.as.AL	AM0715	20	-0.679502620849307	0.172950152254909	-3.92889287456537	4	26.16	2.93785820951742e-05	26.16	2.93785820951742e-05	A
Diet.5mo.as.AL	AM0715	40	-0.43804135052404	0.170481636021437	-2.56943422615302	4	26.16	2.93785820951742e-05	26.16	2.93785820951742e-05	A
Diet.5mo.as.AL	Anaerotignum	AL	0	NA	NA	4	4.848	0.303252180204751	4.848	0.303252180204751	A
Diet.5mo.as.AL	Anaerotignum	1D	-0.178682361418092	0.206334437439241	-0.865984193601752	4	4.848	0.303252180204751	4.848	0.303252180204751	A
Diet.5mo.as.AL	Anaerotignum	2D	-0.34707282520761	0.203560485638514	-1.70501079381363	4	4.848	0.303252180204751	4.848	0.303252180204751	A
Diet.5mo.as.AL	Anaerotignum	20	-0.068042146002493	0.20561962642257	-0.33091270121588	4	4.848	0.303252180204751	4.848	0.303252180204751	A
Diet.5mo.as.AL	Anaerotignum	40	0.0146805908319426	0.20398988785171	0.0719672479187527	4	4.848	0.303252180204751	4.848	0.303252180204751	A
Diet.5mo.as.AL	Anaerotruncus	AL	0	NA	NA	4	15.024	0.00465169752248928	15.024	0.00465169752248928	A
Diet.5mo.as.AL	Anaerotruncus	1D	-0.237996111601635	0.179757283017788	-1.32398591926917	4	15.024	0.00465169752248928	15.024	0.00465169752248928	A
Diet.5mo.as.AL	Anaerotruncus	2D	-0.483990809265431	0.178099140542841	-2.71753590607029	4	15.024	0.00465169752248928	15.024	0.00465169752248928	A
Diet.5mo.as.AL	Anaerotruncus	20	-0.281868557992687	0.177738782858525	-1.58585849109277	4	15.024	0.00465169752248928	15.024	0.00465169752248928	A
Diet.5mo.as.AL	Anaerotruncus	40	-0.625012192816702	0.176684757734597	-3.53744262284102	4	15.024	0.00465169752248928	15.024	0.00465169752248928	A
Diet.5mo.as.AL	AnaerovoracaceaeNOV	AL	0	NA	NA	4	5.168	0.270489903994555	5.168	0.270489903994555	A
Diet.5mo.as.AL	AnaerovoracaceaeNOV	1D	0.134293113095473	0.192721336733507	0.696825350901192	4	5.168	0.270489903994555	5.168	0.270489903994555	A
Diet.5mo.as.AL	AnaerovoracaceaeNOV	2D	-0.153055871560818	0.190766148074131	-0.802321969101881	4	5.168	0.270489903994555	5.168	0.270489903994555	A
Diet.5mo.as.AL	AnaerovoracaceaeNOV	20	0.195674326196546	0.191116633397936	1.02384770345509	4	5.168	0.270489903994555	5.168	0.270489903994555	A
Diet.5mo.as.AL	AnaerovoracaceaeNOV	40	0.150699931166294	0.190098543641409	0.792746373957317	4	5.168	0.270489903994555	5.168	0.270489903994555	A
Diet.5mo.as.AL	Angelakisella	AL	0	NA	NA	4	10.336	0.0351326154895146	10.336	0.0351326154895146	A
Diet.5mo.as.AL	Angelakisella	1D	-0.39593979673024	0.186011089945475	-2.128581671374	4	10.336	0.0351326154895146	10.336	0.0351326154895146	A
Diet.5mo.as.AL	Angelakisella	2D	-0.349442277761768	0.183980740478621	-1.8993416205017	4	10.336	0.0351326154895146	10.336	0.0351326154895146	A
Diet.5mo.as.AL	Angelakisella	20	-0.251131104222881	0.184041957280467	-1.36453180532185	4	10.336	0.0351326154895146	10.336	0.0351326154895146	A
Diet.5mo.as.AL	Angelakisella	40	0.033807287093478	0.182544764552653	0.185199981913076	4	10.336	0.0351326154895146	10.336	0.0351326154895146	A
Diet.5mo.as.AL	ASF356	AL	0	NA	NA	4	16.388	0.00254036145586889	16.388	0.00254036145586889	A
Diet.5mo.as.AL	ASF356	1D	-0.215726151787544	0.192804239628797	-1.11888697158775	4	16.388	0.00254036145586889	16.388	0.00254036145586889	A
Diet.5mo.as.AL	ASF356	2D	-0.250230021621093	0.190530901411606	-1.31333038245863	4	16.388	0.00254036145586889	16.388	0.00254036145586889	A
Diet.5mo.as.AL	ASF356	20	-0.538847148182722	0.188608976325481	-2.85695388777699	4	16.388	0.00254036145586889	16.388	0.00254036145586889	A
Diet.5mo.as.AL	ASF356	40	-0.655989978510227	0.188330803164675	-3.48317942411488	4	16.388	0.00254036145586889	16.388	0.00254036145586889	A
Diet.5mo.as.AL	Bacteroides	AL	0	NA	NA	4	18.776	0.000869711764658554	18.776	0.000869711764658554	A
Diet.5mo.as.AL	Bacteroides	1D	0.645330407740799	0.198313584274261	3.25409078809412	4	18.776	0.000869711764658554	18.776	0.000869711764658554	A
Diet.5mo.as.AL	Bacteroides	2D	0.62169899447793	0.195510349673277	3.17987766640933	4	18.776	0.000869711764658554	18.776	0.000869711764658554	A
Diet.5mo.as.AL	Bacteroides	20	0.814240083590332	0.197753096188413	4.11745807921282	4	18.776	0.000869711764658554	18.776	0.000869711764658554	A
Diet.5mo.as.AL	Bacteroides	40	0.550868242146099	0.196640627662868	2.80139586968029	4	18.776	0.000869711764658554	18.776	0.000869711764658554	A
Diet.5mo.as.AL	Bifidobacterium	AL	0	NA	NA	4	29.88	5.17760312146454e-06	29.88	5.17760312146454e-06	A
Diet.5mo.as.AL	Bifidobacterium	1D	0.0810243218275436	0.211398256017605	0.383278099611172	4	29.88	5.17760312146454e-06	29.88	5.17760312146454e-06	A
Diet.5mo.as.AL	Bifidobacterium	2D	0.459495168755918	0.209656642842248	2.19165566388304	4	29.88	5.17760312146454e-06	29.88	5.17760312146454e-06	A
Diet.5mo.as.AL	Bifidobacterium	20	0.317854115566178	0.207561350786428	1.53137428698485	4	29.88	5.17760312146454e-06	29.88	5.17760312146454e-06	A
Diet.5mo.as.AL	Bifidobacterium	40	0.97857584305351	0.208868012574182	4.68513982104347	4	29.88	5.17760312146454e-06	29.88	5.17760312146454e-06	A
Diet.5mo.as.AL	BorkfalkiaceaeNOV	AL	0	NA	NA	4	8.24	0.0831719139427833	8.24	0.0831719139427833	A
Diet.5mo.as.AL	BorkfalkiaceaeNOV	1D	-0.26256988285072	0.207774488949628	-1.26372532151614	4	8.24	0.0831719139427833	8.24	0.0831719139427833	A
Diet.5mo.as.AL	BorkfalkiaceaeNOV	2D	-0.191320411295185	0.205528362794985	-0.93087109094538	4	8.24	0.0831719139427833	8.24	0.0831719139427833	A
Diet.5mo.as.AL	BorkfalkiaceaeNOV	20	0.128870485644455	0.202239544380015	0.637217048918497	4	8.24	0.0831719139427833	8.24	0.0831719139427833	A
Diet.5mo.as.AL	BorkfalkiaceaeNOV	40	0.193402790993335	0.203821312252132	0.948884043853526	4	8.24	0.0831719139427833	8.24	0.0831719139427833	A
Diet.5mo.as.AL	ButyricicoccaceaeNOV	AL	0	NA	NA	4	17.424	0.00159858284246139	17.424	0.00159858284246139	A
Diet.5mo.as.AL	ButyricicoccaceaeNOV	1D	-0.254509187537994	0.179178487617613	-1.42042267976469	4	17.424	0.00159858284246139	17.424	0.00159858284246139	A
Diet.5mo.as.AL	ButyricicoccaceaeNOV	2D	-0.643592339791329	0.177342727834912	-3.62908785518653	4	17.424	0.00159858284246139	17.424	0.00159858284246139	A
Diet.5mo.as.AL	ButyricicoccaceaeNOV	20	-0.207315101664656	0.177217299299169	-1.16983557747756	4	17.424	0.00159858284246139	17.424	0.00159858284246139	A
Diet.5mo.as.AL	ButyricicoccaceaeNOV	40	-0.0886102833796763	0.175927066536449	-0.503676239956616	4	17.424	0.00159858284246139	17.424	0.00159858284246139	A
Diet.5mo.as.AL	CAG115	AL	0	NA	NA	4	17.884	0.00130020700532274	17.884	0.00130020700532274	A
Diet.5mo.as.AL	CAG115	1D	-0.117251463089072	0.177737793712074	-0.6596878505143	4	17.884	0.00130020700532274	17.884	0.00130020700532274	A
Diet.5mo.as.AL	CAG115	2D	-0.387327375857284	0.176017908325663	-2.20049982153329	4	17.884	0.00130020700532274	17.884	0.00130020700532274	A
Diet.5mo.as.AL	CAG115	20	-0.0318825914503949	0.177940291379138	-0.17917578533387	4	17.884	0.00130020700532274	17.884	0.00130020700532274	A
Diet.5mo.as.AL	CAG115	40	0.303501544295173	0.1789084464096	1.69640701926573	4	17.884	0.00130020700532274	17.884	0.00130020700532274	A
Diet.5mo.as.AL	CAG145	AL	0	NA	NA	4	5.388	0.249751184624632	5.388	0.249751184624632	A
Diet.5mo.as.AL	CAG145	1D	0.0988339575182209	0.186651514884803	0.529510610075781	4	5.388	0.249751184624632	5.388	0.249751184624632	A
Diet.5mo.as.AL	CAG145	2D	0.0446965323596681	0.185097385317749	0.24147576305813	4	5.388	0.249751184624632	5.388	0.249751184624632	A
Diet.5mo.as.AL	CAG145	20	0.116752973516731	0.178825665070875	0.652887120371998	4	5.388	0.249751184624632	5.388	0.249751184624632	A
Diet.5mo.as.AL	CAG145	40	-0.214199638125991	0.180483952139411	-1.18680711269298	4	5.388	0.249751184624632	5.388	0.249751184624632	A
Diet.5mo.as.AL	CAG273	AL	0	NA	NA	4	6.332	0.175688338585524	6.332	0.175688338585524	A
Diet.5mo.as.AL	CAG273	1D	0.218937501038653	0.235993776048765	0.927725742196745	4	6.332	0.175688338585524	6.332	0.175688338585524	A
Diet.5mo.as.AL	CAG273	2D	0.445706493801558	0.234292482382235	1.9023508107034	4	6.332	0.175688338585524	6.332	0.175688338585524	A
Diet.5mo.as.AL	CAG273	20	0.377944950098242	0.228070413347014	1.65714151411297	4	6.332	0.175688338585524	6.332	0.175688338585524	A
Diet.5mo.as.AL	CAG273	40	0.511703839132245	0.231071760733077	2.21448020090754	4	6.332	0.175688338585524	6.332	0.175688338585524	A
Diet.5mo.as.AL	CAG274NOV	AL	0	NA	NA	4	19.392	0.000658115467046638	19.392	0.000658115467046638	A
Diet.5mo.as.AL	CAG274NOV	1D	-0.0752953869422512	0.202541228660179	-0.37175338295484	4	19.392	0.000658115467046638	19.392	0.000658115467046638	A
Diet.5mo.as.AL	CAG274NOV	2D	-0.584997861088469	0.199788389000613	-2.92808738292932	4	19.392	0.000658115467046638	19.392	0.000658115467046638	A
Diet.5mo.as.AL	CAG274NOV	20	-0.445325386496901	0.20212085726742	-2.20326290179793	4	19.392	0.000658115467046638	19.392	0.000658115467046638	A
Diet.5mo.as.AL	CAG274NOV	40	-0.683219163079695	0.20085874703135	-3.40149071512955	4	19.392	0.000658115467046638	19.392	0.000658115467046638	A
Diet.5mo.as.AL	CAG303	AL	0	NA	NA	4	24.036	7.85585002307521e-05	24.036	7.85585002307521e-05	A
Diet.5mo.as.AL	CAG303	1D	-0.564871917200313	0.190707297734687	-2.96198375159279	4	24.036	7.85585002307521e-05	24.036	7.85585002307521e-05	A
Diet.5mo.as.AL	CAG303	2D	-0.499587006157216	0.18858218141266	-2.64917396975066	4	24.036	7.85585002307521e-05	24.036	7.85585002307521e-05	A
Diet.5mo.as.AL	CAG303	20	-0.729466450235502	0.189396930046689	-3.85152203922038	4	24.036	7.85585002307521e-05	24.036	7.85585002307521e-05	A
Diet.5mo.as.AL	CAG303	40	-0.87343235474693	0.188292321043316	-4.63870406348648	4	24.036	7.85585002307521e-05	24.036	7.85585002307521e-05	A
Diet.5mo.as.AL	CAG41	AL	0	NA	NA	4	5.072	0.27998930996879	5.072	0.27998930996879	A
Diet.5mo.as.AL	CAG41	1D	-0.0970895933347965	0.227684303400873	-0.426421988185348	4	5.072	0.27998930996879	5.072	0.27998930996879	A
Diet.5mo.as.AL	CAG41	2D	-0.399908053467887	0.226058648889781	-1.769045579242	4	5.072	0.27998930996879	5.072	0.27998930996879	A
Diet.5mo.as.AL	CAG41	20	0.0356810217563304	0.228503319666919	0.156150999505571	4	5.072	0.27998930996879	5.072	0.27998930996879	A
Diet.5mo.as.AL	CAG41	40	-0.181000458100575	0.228130302935096	-0.793408222282816	4	5.072	0.27998930996879	5.072	0.27998930996879	A
Diet.5mo.as.AL	CAG475	AL	0	NA	NA	4	28.532	9.72926828424203e-06	28.532	9.72926828424203e-06	A
Diet.5mo.as.AL	CAG475	1D	-0.0172285923685659	0.180107302797451	-0.0956573781349735	4	28.532	9.72926828424203e-06	28.532	9.72926828424203e-06	A
Diet.5mo.as.AL	CAG475	2D	-0.376509823223433	0.177855052484616	-2.11694758154818	4	28.532	9.72926828424203e-06	28.532	9.72926828424203e-06	A
Diet.5mo.as.AL	CAG475	20	0.088356853899735	0.175514924501312	0.503415046616588	4	28.532	9.72926828424203e-06	28.532	9.72926828424203e-06	A
Diet.5mo.as.AL	CAG475	40	0.479511616278992	0.176342167213073	2.71921131432848	4	28.532	9.72926828424203e-06	28.532	9.72926828424203e-06	A
Diet.5mo.as.AL	CAG485	AL	0	NA	NA	4	19.1	0.000751173325355792	19.1	0.000751173325355792	A
Diet.5mo.as.AL	CAG485	1D	0.680679659554864	0.205128076614077	3.31831541927572	4	19.1	0.000751173325355792	19.1	0.000751173325355792	A
Diet.5mo.as.AL	CAG485	2D	0.72442256828383	0.202417550498878	3.57885255749029	4	19.1	0.000751173325355792	19.1	0.000751173325355792	A
Diet.5mo.as.AL	CAG485	20	0.759736244606093	0.204092070873775	3.72251720193464	4	19.1	0.000751173325355792	19.1	0.000751173325355792	A
Diet.5mo.as.AL	CAG485	40	0.73478812259733	0.203143643794902	3.61708645602118	4	19.1	0.000751173325355792	19.1	0.000751173325355792	A
Diet.5mo.as.AL	CAG510	AL	0	NA	NA	4	30.728	3.4784763172091e-06	30.728	3.4784763172091e-06	A
Diet.5mo.as.AL	CAG510	1D	0.000393071855452275	0.171741670854149	0.00228873897346725	4	30.728	3.4784763172091e-06	30.728	3.4784763172091e-06	A
Diet.5mo.as.AL	CAG510	2D	0.0381460465862523	0.170336521615964	0.223945201089966	4	30.728	3.4784763172091e-06	30.728	3.4784763172091e-06	A
Diet.5mo.as.AL	CAG510	20	0.266486761972226	0.170796727858976	1.56025683461723	4	30.728	3.4784763172091e-06	30.728	3.4784763172091e-06	A
Diet.5mo.as.AL	CAG510	40	0.737095125929538	0.170881471267152	4.31348770854846	4	30.728	3.4784763172091e-06	30.728	3.4784763172091e-06	A
Diet.5mo.as.AL	CAG552NOV	AL	0	NA	NA	4	6.892	0.141706794370044	6.892	0.141706794370044	A
Diet.5mo.as.AL	CAG552NOV	1D	0.120176034732419	0.198625431071826	0.605038509338523	4	6.892	0.141706794370044	6.892	0.141706794370044	A
Diet.5mo.as.AL	CAG552NOV	2D	0.410652620809271	0.195841337014243	2.09686385453652	4	6.892	0.141706794370044	6.892	0.141706794370044	A
Diet.5mo.as.AL	CAG552NOV	20	0.162686150809517	0.197742435847285	0.822717441061349	4	6.892	0.141706794370044	6.892	0.141706794370044	A
Diet.5mo.as.AL	CAG552NOV	40	0.389888898229314	0.19626840122469	1.98650875941545	4	6.892	0.141706794370044	6.892	0.141706794370044	A
Diet.5mo.as.AL	CAG56	AL	0	NA	NA	4	18.732	0.000887174574716654	18.732	0.000887174574716654	A
Diet.5mo.as.AL	CAG56	1D	0.174215627901283	0.1893731292298	0.919959598332855	4	18.732	0.000887174574716654	18.732	0.000887174574716654	A
Diet.5mo.as.AL	CAG56	2D	0.111900956807068	0.187863244481882	0.595651145681456	4	18.732	0.000887174574716654	18.732	0.000887174574716654	A
Diet.5mo.as.AL	CAG56	20	-0.135688891755219	0.18489100235841	-0.733885857204595	4	18.732	0.000887174574716654	18.732	0.000887174574716654	A
Diet.5mo.as.AL	CAG56	40	-0.49297656232923	0.185912486365025	-2.65165924015081	4	18.732	0.000887174574716654	18.732	0.000887174574716654	A
Diet.5mo.as.AL	CAG582	AL	0	NA	NA	4	10.228	0.0367572873945403	10.228	0.0367572873945403	A
Diet.5mo.as.AL	CAG582	1D	0.00491182400732566	0.196600041243586	0.0249838401673575	4	10.228	0.0367572873945403	10.228	0.0367572873945403	A
Diet.5mo.as.AL	CAG582	2D	-0.141045534578422	0.194513842930105	-0.72511823556488	4	10.228	0.0367572873945403	10.228	0.0367572873945403	A
Diet.5mo.as.AL	CAG582	20	0.0328790559404042	0.195591251199825	0.168100851846453	4	10.228	0.0367572873945403	10.228	0.0367572873945403	A
Diet.5mo.as.AL	CAG582	40	0.405212278201117	0.195131722291273	2.0766089359692	4	10.228	0.0367572873945403	10.228	0.0367572873945403	A
Diet.5mo.as.AL	CAG776	AL	0	NA	NA	4	9.084	0.0590338333065932	9.084	0.0590338333065932	A
Diet.5mo.as.AL	CAG776	1D	0.087219488357217	0.208788737349661	0.417740388990185	4	9.084	0.0590338333065932	9.084	0.0590338333065932	A
Diet.5mo.as.AL	CAG776	2D	0.157337119130428	0.206322357216853	0.76257910801717	4	9.084	0.0590338333065932	9.084	0.0590338333065932	A
Diet.5mo.as.AL	CAG776	20	0.110645466337056	0.208093438157976	0.531710501380916	4	9.084	0.0590338333065932	9.084	0.0590338333065932	A
Diet.5mo.as.AL	CAG776	40	0.540978792655678	0.206624957539309	2.61816771361108	4	9.084	0.0590338333065932	9.084	0.0590338333065932	A
Diet.5mo.as.AL	CAG81	AL	0	NA	NA	4	3.8272	0.429896597557494	3.8272	0.429896597557494	A
Diet.5mo.as.AL	CAG81	1D	0.00774010136994517	0.205654680177806	0.0376363978843232	4	3.8272	0.429896597557494	3.8272	0.429896597557494	A
Diet.5mo.as.AL	CAG81	2D	-0.151390872106658	0.203396328427409	-0.74431467508367	4	3.8272	0.429896597557494	3.8272	0.429896597557494	A
Diet.5mo.as.AL	CAG81	20	-0.307736617463006	0.203724751111316	-1.51055095556287	4	3.8272	0.429896597557494	3.8272	0.429896597557494	A
Diet.5mo.as.AL	CAG81	40	-0.211706949609697	0.203016588852853	-1.04280616084601	4	3.8272	0.429896597557494	3.8272	0.429896597557494	A
Diet.5mo.as.AL	CAG873	AL	0	NA	NA	4	21.82	0.000217650146551063	21.82	0.000217650146551063	A
Diet.5mo.as.AL	CAG873	1D	0.581124634361135	0.196777672281529	2.95320412942848	4	21.82	0.000217650146551063	21.82	0.000217650146551063	A
Diet.5mo.as.AL	CAG873	2D	0.801242615347352	0.193974170590348	4.13066653621367	4	21.82	0.000217650146551063	21.82	0.000217650146551063	A
Diet.5mo.as.AL	CAG873	20	0.80616401714498	0.196192698732641	4.10904188765745	4	21.82	0.000217650146551063	21.82	0.000217650146551063	A
Diet.5mo.as.AL	CAG873	40	0.607516647191362	0.195121975335657	3.11352243203917	4	21.82	0.000217650146551063	21.82	0.000217650146551063	A
Diet.5mo.as.AL	CAG95	AL	0	NA	NA	4	1.222	0.874463349352212	1.222	0.874463349352212	A
Diet.5mo.as.AL	CAG95	1D	-0.122164443515771	0.20492421894671	-0.596144487672974	4	1.222	0.874463349352212	1.222	0.874463349352212	A
Diet.5mo.as.AL	CAG95	2D	-0.222213397065182	0.202792288885045	-1.09576847466397	4	1.222	0.874463349352212	1.222	0.874463349352212	A
Diet.5mo.as.AL	CAG95	20	-0.13503967775401	0.199040296297311	-0.678453962670444	4	1.222	0.874463349352212	1.222	0.874463349352212	A
Diet.5mo.as.AL	CAG95	40	-0.138634977317879	0.2000309090346	-0.693067776310003	4	1.222	0.874463349352212	1.222	0.874463349352212	A
Diet.5mo.as.AL	Chao1	AL	0	NA	NA	4	9.82	0.0435714060383849	9.82	0.0435714060383849	A
Diet.5mo.as.AL	Chao1	1D	0.30113277307895	0.175787056467517	1.71305430064242	4	9.82	0.0435714060383849	9.82	0.0435714060383849	A
Diet.5mo.as.AL	Chao1	2D	0.277119518271949	0.173745545123736	1.59497337370344	4	9.82	0.0435714060383849	9.82	0.0435714060383849	A
Diet.5mo.as.AL	Chao1	20	0.456788816461929	0.170494585681415	2.67919837240745	4	9.82	0.0435714060383849	9.82	0.0435714060383849	A
Diet.5mo.as.AL	Chao1	40	0.47971688264333	0.171039550071629	2.80471319319089	4	9.82	0.0435714060383849	9.82	0.0435714060383849	A
Diet.5mo.as.AL	Clostridium	AL	0	NA	NA	4	33.58	9.08597624249552e-07	33.58	9.08597624249552e-07	A
Diet.5mo.as.AL	Clostridium	1D	0.0181344734262807	0.218842321665001	0.0828654772454871	4	33.58	9.08597624249552e-07	33.58	9.08597624249552e-07	A
Diet.5mo.as.AL	Clostridium	2D	-0.120277827245826	0.216630057603466	-0.555222246517565	4	33.58	9.08597624249552e-07	33.58	9.08597624249552e-07	A
Diet.5mo.as.AL	Clostridium	20	0.00989744242453118	0.216123471355623	0.0457953148838949	4	33.58	9.08597624249552e-07	33.58	9.08597624249552e-07	A
Diet.5mo.as.AL	Clostridium	40	0.907007608827873	0.216690590785371	4.18572678001626	4	33.58	9.08597624249552e-07	33.58	9.08597624249552e-07	A
Diet.5mo.as.AL	ClostridiumQ	AL	0	NA	NA	4	34.312	6.43078577611256e-07	34.312	6.43078577611256e-07	A
Diet.5mo.as.AL	ClostridiumQ	1D	0.199788152186323	0.184999682019922	1.07993781397316	4	34.312	6.43078577611256e-07	34.312	6.43078577611256e-07	A
Diet.5mo.as.AL	ClostridiumQ	2D	0.238325012814807	0.182468024428516	1.3061193245295	4	34.312	6.43078577611256e-07	34.312	6.43078577611256e-07	A
Diet.5mo.as.AL	ClostridiumQ	20	0.0643072146522994	0.183686450290848	0.350092315195137	4	34.312	6.43078577611256e-07	34.312	6.43078577611256e-07	A
Diet.5mo.as.AL	ClostridiumQ	40	-0.615362157799255	0.181463771253359	-3.39110200096134	4	34.312	6.43078577611256e-07	34.312	6.43078577611256e-07	A
Diet.5mo.as.AL	COE1	AL	0	NA	NA	4	37.084	1.73093486433018e-07	37.084	1.73093486433018e-07	A
Diet.5mo.as.AL	COE1	1D	-0.00551190021506571	0.191847652006722	-0.0287306107602119	4	37.084	1.73093486433018e-07	37.084	1.73093486433018e-07	A
Diet.5mo.as.AL	COE1	2D	-0.312040999328679	0.189291765739816	-1.64846578565696	4	37.084	1.73093486433018e-07	37.084	1.73093486433018e-07	A
Diet.5mo.as.AL	COE1	20	-0.645718657630999	0.190874471396591	-3.38294929073753	4	37.084	1.73093486433018e-07	37.084	1.73093486433018e-07	A
Diet.5mo.as.AL	COE1	40	-0.883402838542235	0.188914706246638	-4.67619941344803	4	37.084	1.73093486433018e-07	37.084	1.73093486433018e-07	A
Diet.5mo.as.AL	D1663	AL	0	NA	NA	4	85.2	0	85.2	0	A
Diet.5mo.as.AL	D1663	1D	0.626821453202972	0.165409136809055	3.78952133657865	4	85.2	0	85.2	0	A
Diet.5mo.as.AL	D1663	2D	0.597918585353985	0.164217832548419	3.64100887263685	4	85.2	0	85.2	0	A
Diet.5mo.as.AL	D1663	20	-0.0333016515724113	0.157823194070791	-0.211006067697971	4	85.2	0	85.2	0	A
Diet.5mo.as.AL	D1663	40	-0.535623130184657	0.159326027298893	-3.36180559614303	4	85.2	0	85.2	0	A
Diet.5mo.as.AL	Desulfovibrio	AL	0	NA	NA	4	8.252	0.0827712605989104	8.252	0.0827712605989104	A
Diet.5mo.as.AL	Desulfovibrio	1D	-0.261344691447	0.172217777489176	-1.51752446964092	4	8.252	0.0827712605989104	8.252	0.0827712605989104	A
Diet.5mo.as.AL	Desulfovibrio	2D	-0.360460869832213	0.170315808064694	-2.11642638418679	4	8.252	0.0827712605989104	8.252	0.0827712605989104	A
Diet.5mo.as.AL	Desulfovibrio	20	-0.213480821422643	0.170124293532642	-1.25485206721333	4	8.252	0.0827712605989104	8.252	0.0827712605989104	A
Diet.5mo.as.AL	Desulfovibrio	40	0.0023347526052379	0.169272287318243	0.0137928815296766	4	8.252	0.0827712605989104	8.252	0.0827712605989104	A
Diet.5mo.as.AL	Dorea	AL	0	NA	NA	4	24.872	5.33806451405994e-05	24.872	5.33806451405994e-05	A
Diet.5mo.as.AL	Dorea	1D	-0.100994842398806	0.179012070816151	-0.56417895138775	4	24.872	5.33806451405994e-05	24.872	5.33806451405994e-05	A
Diet.5mo.as.AL	Dorea	2D	-0.342398885156492	0.177356979361284	-1.93056335527124	4	24.872	5.33806451405994e-05	24.872	5.33806451405994e-05	A
Diet.5mo.as.AL	Dorea	20	-0.411176092956489	0.17634687545706	-2.33163242552947	4	24.872	5.33806451405994e-05	24.872	5.33806451405994e-05	A
Diet.5mo.as.AL	Dorea	40	-0.762541477754294	0.175708553453233	-4.33980852251027	4	24.872	5.33806451405994e-05	24.872	5.33806451405994e-05	A
Diet.5mo.as.AL	Dubosiella	AL	0	NA	NA	4	42.8	1.13853426686461e-08	42.8	1.13853426686461e-08	A
Diet.5mo.as.AL	Dubosiella	1D	-0.137453051990552	0.20939077689025	-0.65644272413487	4	42.8	1.13853426686461e-08	42.8	1.13853426686461e-08	A
Diet.5mo.as.AL	Dubosiella	2D	0.107497493217824	0.207269577508634	0.518636138066843	4	42.8	1.13853426686461e-08	42.8	1.13853426686461e-08	A
Diet.5mo.as.AL	Dubosiella	20	0.486267743907279	0.20966571499532	2.31925254884011	4	42.8	1.13853426686461e-08	42.8	1.13853426686461e-08	A
Diet.5mo.as.AL	Dubosiella	40	1.00592878250119	0.208651794051378	4.82108858480981	4	42.8	1.13853426686461e-08	42.8	1.13853426686461e-08	A
Diet.5mo.as.AL	Duncaniella	AL	0	NA	NA	4	9.96	0.0411068940938276	9.96	0.0411068940938276	A
Diet.5mo.as.AL	Duncaniella	1D	0.472710779459067	0.21132935958003	2.23684385547978	4	9.96	0.0411068940938276	9.96	0.0411068940938276	A
Diet.5mo.as.AL	Duncaniella	2D	0.630064305733841	0.20889666708345	3.0161529838202	4	9.96	0.0411068940938276	9.96	0.0411068940938276	A
Diet.5mo.as.AL	Duncaniella	20	0.400032732154866	0.211262332871606	1.89353552390233	4	9.96	0.0411068940938276	9.96	0.0411068940938276	A
Diet.5mo.as.AL	Duncaniella	40	0.302365473297756	0.210923220013285	1.43353336478891	4	9.96	0.0411068940938276	9.96	0.0411068940938276	A
Diet.5mo.as.AL	Emergencia	AL	0	NA	NA	4	186.4	0	186.4	0	A
Diet.5mo.as.AL	Emergencia	1D	0.490143433555093	0.162210608194946	3.02164845449586	4	186.4	0	186.4	0	A
Diet.5mo.as.AL	Emergencia	2D	0.46817487620798	0.160275573224386	2.92106193594786	4	186.4	0	186.4	0	A
Diet.5mo.as.AL	Emergencia	20	-0.589894151088504	0.161784297394099	-3.64617679583297	4	186.4	0	186.4	0	A
Diet.5mo.as.AL	Emergencia	40	-1.20935141659271	0.160665518340592	-7.52713730415398	4	186.4	0	186.4	0	A
Diet.5mo.as.AL	EnterococcusD	AL	0	NA	NA	4	1.7104	0.788827594799271	1.7104	0.788827594799271	A
Diet.5mo.as.AL	EnterococcusD	1D	-0.0852290907489562	0.201181338874267	-0.423643123292971	4	1.7104	0.788827594799271	1.7104	0.788827594799271	A
Diet.5mo.as.AL	EnterococcusD	2D	-0.126508851004735	0.199068345145325	-0.635504609798109	4	1.7104	0.788827594799271	1.7104	0.788827594799271	A
Diet.5mo.as.AL	EnterococcusD	20	0.0862100978597104	0.200000670526714	0.431049044149057	4	1.7104	0.788827594799271	1.7104	0.788827594799271	A
Diet.5mo.as.AL	EnterococcusD	40	0.030195975284049	0.1990902956078	0.151669749607153	4	1.7104	0.788827594799271	1.7104	0.788827594799271	A
Diet.5mo.as.AL	ErysipelatoclostridiaceaeNOV	AL	0	NA	NA	4	12.76	0.0125100074198796	12.76	0.0125100074198796	A
Diet.5mo.as.AL	ErysipelatoclostridiaceaeNOV	1D	0.100557007274638	0.168566560041814	0.596541848215296	4	12.76	0.0125100074198796	12.76	0.0125100074198796	A
Diet.5mo.as.AL	ErysipelatoclostridiaceaeNOV	2D	-0.0106212488578442	0.167151902570897	-0.0635424945482702	4	12.76	0.0125100074198796	12.76	0.0125100074198796	A
Diet.5mo.as.AL	ErysipelatoclostridiaceaeNOV	20	0.155080837428231	0.166349860016809	0.932257096053825	4	12.76	0.0125100074198796	12.76	0.0125100074198796	A
Diet.5mo.as.AL	ErysipelatoclostridiaceaeNOV	40	-0.333066957860286	0.165648135293422	-2.01068944887491	4	12.76	0.0125100074198796	12.76	0.0125100074198796	A
Diet.5mo.as.AL	Erysipelatoclostridium	AL	0	NA	NA	4	22.136	0.00018830592092256	22.136	0.00018830592092256	A
Diet.5mo.as.AL	Erysipelatoclostridium	1D	0.34298817758815	0.187760814339592	1.82672928211638	4	22.136	0.00018830592092256	22.136	0.00018830592092256	A
Diet.5mo.as.AL	Erysipelatoclostridium	2D	-0.181361396901261	0.185351124999979	-0.97847475649949	4	22.136	0.00018830592092256	22.136	0.00018830592092256	A
Diet.5mo.as.AL	Erysipelatoclostridium	20	0.556734192982278	0.184375937560051	3.01955992929365	4	22.136	0.00018830592092256	22.136	0.00018830592092256	A
Diet.5mo.as.AL	Erysipelatoclostridium	40	0.125573811851405	0.183999923377769	0.682466652953929	4	22.136	0.00018830592092256	22.136	0.00018830592092256	A
Diet.5mo.as.AL	ErysipelotrichaceaeNOV	AL	0	NA	NA	4	80.44	1.11022302462516e-16	80.44	1.11022302462516e-16	A
Diet.5mo.as.AL	ErysipelotrichaceaeNOV	1D	0.0672902803914462	0.179720827651766	0.374415593733134	4	80.44	1.11022302462516e-16	80.44	1.11022302462516e-16	A
Diet.5mo.as.AL	ErysipelotrichaceaeNOV	2D	-0.0533989689406693	0.178266559203932	-0.299545630875067	4	80.44	1.11022302462516e-16	80.44	1.11022302462516e-16	A
Diet.5mo.as.AL	ErysipelotrichaceaeNOV	20	-0.164871538079166	0.172202172011565	-0.957430072764086	4	80.44	1.11022302462516e-16	80.44	1.11022302462516e-16	A
Diet.5mo.as.AL	ErysipelotrichaceaeNOV	40	-1.16741338537809	0.174885304478243	-6.67530864792201	4	80.44	1.11022302462516e-16	80.44	1.11022302462516e-16	A
Diet.5mo.as.AL	Escherichia	AL	0	NA	NA	4	2.5428	0.636988537215126	2.5428	0.636988537215126	A
Diet.5mo.as.AL	Escherichia	1D	-0.0362760169249327	0.19542705786394	-0.185624331254011	4	2.5428	0.636988537215126	2.5428	0.636988537215126	A
Diet.5mo.as.AL	Escherichia	2D	0.0282309999538703	0.192689407198579	0.146510388735466	4	2.5428	0.636988537215126	2.5428	0.636988537215126	A
Diet.5mo.as.AL	Escherichia	20	0.0205873150437178	0.194271370652121	0.105971945195071	4	2.5428	0.636988537215126	2.5428	0.636988537215126	A
Diet.5mo.as.AL	Escherichia	40	0.221641501730309	0.192517026354795	1.1512825952435	4	2.5428	0.636988537215126	2.5428	0.636988537215126	A
Diet.5mo.as.AL	EubacteriumF	AL	0	NA	NA	4	10.312	0.0354875700225733	10.312	0.0354875700225733	A
Diet.5mo.as.AL	EubacteriumF	1D	0.143352805288759	0.183599954380573	0.780788893833883	4	10.312	0.0354875700225733	10.312	0.0354875700225733	A
Diet.5mo.as.AL	EubacteriumF	2D	0.42677888259053	0.181051360660272	2.3572254913419	4	10.312	0.0354875700225733	10.312	0.0354875700225733	A
Diet.5mo.as.AL	EubacteriumF	20	0.0605285651241979	0.18187085370549	0.332810694462423	4	10.312	0.0354875700225733	10.312	0.0354875700225733	A
Diet.5mo.as.AL	EubacteriumF	40	-0.0564168121344294	0.179172576694302	-0.314874146341522	4	10.312	0.0354875700225733	10.312	0.0354875700225733	A
Diet.5mo.as.AL	EubacteriumG	AL	0	NA	NA	4	4.32	0.364427382480278	4.32	0.364427382480278	A
Diet.5mo.as.AL	EubacteriumG	1D	-0.280599460942613	0.211794295769206	-1.32486788618889	4	4.32	0.364427382480278	4.32	0.364427382480278	A
Diet.5mo.as.AL	EubacteriumG	2D	-0.207119371380576	0.209561385050442	-0.988347024575743	4	4.32	0.364427382480278	4.32	0.364427382480278	A
Diet.5mo.as.AL	EubacteriumG	20	-0.379223811044278	0.205919555510233	-1.84161144921194	4	4.32	0.364427382480278	4.32	0.364427382480278	A
Diet.5mo.as.AL	EubacteriumG	40	-0.363978777321025	0.207593311892962	-1.75332612598183	4	4.32	0.364427382480278	4.32	0.364427382480278	A
Diet.5mo.as.AL	EubacteriumJ	AL	0	NA	NA	4	36.836	1.94701245237461e-07	36.836	1.94701245237461e-07	A
Diet.5mo.as.AL	EubacteriumJ	1D	-0.416848154369959	0.178341482872055	-2.33735947272017	4	36.836	1.94701245237461e-07	36.836	1.94701245237461e-07	A
Diet.5mo.as.AL	EubacteriumJ	2D	-0.419819535018605	0.176534958415637	-2.37810991537538	4	36.836	1.94701245237461e-07	36.836	1.94701245237461e-07	A
Diet.5mo.as.AL	EubacteriumJ	20	-0.68308471483202	0.176554385651859	-3.86897619285973	4	36.836	1.94701245237461e-07	36.836	1.94701245237461e-07	A
Diet.5mo.as.AL	EubacteriumJ	40	-1.00293821799405	0.17537261608081	-5.71889865366384	4	36.836	1.94701245237461e-07	36.836	1.94701245237461e-07	A
Diet.5mo.as.AL	Evtepia	AL	0	NA	NA	4	6.576	0.160064314925507	6.576	0.160064314925507	A
Diet.5mo.as.AL	Evtepia	1D	0.149580857283724	0.207112280150748	0.722221092708022	4	6.576	0.160064314925507	6.576	0.160064314925507	A
Diet.5mo.as.AL	Evtepia	2D	-0.128458698038296	0.205397057994484	-0.625416446041531	4	6.576	0.160064314925507	6.576	0.160064314925507	A
Diet.5mo.as.AL	Evtepia	20	-0.193633639953466	0.202294773156574	-0.957185580882984	4	6.576	0.160064314925507	6.576	0.160064314925507	A
Diet.5mo.as.AL	Evtepia	40	-0.300986519608735	0.203647697968439	-1.47797653796892	4	6.576	0.160064314925507	6.576	0.160064314925507	A
Diet.5mo.as.AL	Flavonifractor	AL	0	NA	NA	4	7.88	0.0960741808422039	7.88	0.0960741808422039	A
Diet.5mo.as.AL	Flavonifractor	1D	-0.190092952751594	0.187247399704948	-1.01519675600906	4	7.88	0.0960741808422039	7.88	0.0960741808422039	A
Diet.5mo.as.AL	Flavonifractor	2D	-0.334020746302212	0.18610871588114	-1.79476143672679	4	7.88	0.0960741808422039	7.88	0.0960741808422039	A
Diet.5mo.as.AL	Flavonifractor	20	-0.346631059390696	0.178227533272867	-1.94487940794199	4	7.88	0.0960741808422039	7.88	0.0960741808422039	A
Diet.5mo.as.AL	Flavonifractor	40	-0.465730096355921	0.181524529120078	-2.56565930022515	4	7.88	0.0960741808422039	7.88	0.0960741808422039	A
Diet.5mo.as.AL	HungatellaA	AL	0	NA	NA	4	7.728	0.102065669387379	7.728	0.102065669387379	A
Diet.5mo.as.AL	HungatellaA	1D	0.106633969376441	0.197873216289895	0.538900470593333	4	7.728	0.102065669387379	7.728	0.102065669387379	A
Diet.5mo.as.AL	HungatellaA	2D	0.0419517839816308	0.195659212208756	0.214412516068351	4	7.728	0.102065669387379	7.728	0.102065669387379	A
Diet.5mo.as.AL	HungatellaA	20	0.020768191680238	0.19286239162392	0.107683989114559	4	7.728	0.102065669387379	7.728	0.102065669387379	A
Diet.5mo.as.AL	HungatellaA	40	-0.338122709177258	0.193128384496793	-1.75076651761084	4	7.728	0.102065669387379	7.728	0.102065669387379	A
Diet.5mo.as.AL	Ileibacterium	AL	0	NA	NA	4	28.22	1.12556174649558e-05	28.22	1.12556174649558e-05	A
Diet.5mo.as.AL	Ileibacterium	1D	0.0129877931636557	0.207323537372172	0.062645049029532	4	28.22	1.12556174649558e-05	28.22	1.12556174649558e-05	A
Diet.5mo.as.AL	Ileibacterium	2D	0.75157388442086	0.205264705033919	3.66148619801278	4	28.22	1.12556174649558e-05	28.22	1.12556174649558e-05	A
Diet.5mo.as.AL	Ileibacterium	20	0.321127944794754	0.207718513383285	1.54597652161223	4	28.22	1.12556174649558e-05	28.22	1.12556174649558e-05	A
Diet.5mo.as.AL	Ileibacterium	40	0.765057736198258	0.207652347028026	3.68432019742595	4	28.22	1.12556174649558e-05	28.22	1.12556174649558e-05	A
Diet.5mo.as.AL	Kineothrix	AL	0	NA	NA	4	26.304	2.74774732605954e-05	26.304	2.74774732605954e-05	A
Diet.5mo.as.AL	Kineothrix	1D	0.0875421514993469	0.178686560242067	0.489920178555978	4	26.304	2.74774732605954e-05	26.304	2.74774732605954e-05	A
Diet.5mo.as.AL	Kineothrix	2D	0.316588372756479	0.176998886275141	1.78864612890473	4	26.304	2.74774732605954e-05	26.304	2.74774732605954e-05	A
Diet.5mo.as.AL	Kineothrix	20	0.674354512757382	0.173617748140365	3.88413350582214	4	26.304	2.74774732605954e-05	26.304	2.74774732605954e-05	A
Diet.5mo.as.AL	Kineothrix	40	0.623795506658311	0.173533009105219	3.59467924791232	4	26.304	2.74774732605954e-05	26.304	2.74774732605954e-05	A
Diet.5mo.as.AL	Lachnospira	AL	0	NA	NA	4	78.92	3.33066907387547e-16	78.92	3.33066907387547e-16	A
Diet.5mo.as.AL	Lachnospira	1D	-0.184335444027905	0.17094009261103	-1.07836284169656	4	78.92	3.33066907387547e-16	78.92	3.33066907387547e-16	A
Diet.5mo.as.AL	Lachnospira	2D	-0.00966242187084803	0.169068156970196	-0.0571510451406372	4	78.92	3.33066907387547e-16	78.92	3.33066907387547e-16	A
Diet.5mo.as.AL	Lachnospira	20	-0.563914002855626	0.169655539084537	-3.32387616636929	4	78.92	3.33066907387547e-16	78.92	3.33066907387547e-16	A
Diet.5mo.as.AL	Lachnospira	40	-1.17998508101204	0.168930232373	-6.98504385175188	4	78.92	3.33066907387547e-16	78.92	3.33066907387547e-16	A
Diet.5mo.as.AL	LachnospiraceaeNOV	AL	0	NA	NA	4	4.312	0.365424861938956	4.312	0.365424861938956	A
Diet.5mo.as.AL	LachnospiraceaeNOV	1D	-0.154251687908634	0.18585454123408	-0.829959208337866	4	4.312	0.365424861938956	4.312	0.365424861938956	A
Diet.5mo.as.AL	LachnospiraceaeNOV	2D	-0.131796316060322	0.184210987695104	-0.715463923783222	4	4.312	0.365424861938956	4.312	0.365424861938956	A
Diet.5mo.as.AL	LachnospiraceaeNOV	20	-0.112969659668518	0.181156678735344	-0.623601958576187	4	4.312	0.365424861938956	4.312	0.365424861938956	A
Diet.5mo.as.AL	LachnospiraceaeNOV	40	-0.353176421257667	0.181239300246894	-1.9486746019023	4	4.312	0.365424861938956	4.312	0.365424861938956	A
Diet.5mo.as.AL	Lactobacillus	AL	0	NA	NA	4	45.84	2.65908151053651e-09	45.84	2.65908151053651e-09	A
Diet.5mo.as.AL	Lactobacillus	1D	0.169353275373441	0.176694433211172	0.958452806326065	4	45.84	2.65908151053651e-09	45.84	2.65908151053651e-09	A
Diet.5mo.as.AL	Lactobacillus	2D	1.0344226837397	0.174568674120797	5.92559168447318	4	45.84	2.65908151053651e-09	45.84	2.65908151053651e-09	A
Diet.5mo.as.AL	Lactobacillus	20	0.401075246219647	0.171994739660665	2.33190414434153	4	45.84	2.65908151053651e-09	45.84	2.65908151053651e-09	A
Diet.5mo.as.AL	Lactobacillus	40	0.566586286592978	0.172653738550503	3.28163346678558	4	45.84	2.65908151053651e-09	45.84	2.65908151053651e-09	A
Diet.5mo.as.AL	Lawsonibacter	AL	0	NA	NA	4	8.712	0.0687153566870397	8.712	0.0687153566870397	A
Diet.5mo.as.AL	Lawsonibacter	1D	-0.267850244109986	0.200972740425833	-1.33276902898596	4	8.712	0.0687153566870397	8.712	0.0687153566870397	A
Diet.5mo.as.AL	Lawsonibacter	2D	-0.475289431599151	0.199715596674826	-2.37983131769628	4	8.712	0.0687153566870397	8.712	0.0687153566870397	A
Diet.5mo.as.AL	Lawsonibacter	20	-0.500329876313181	0.191998658276081	-2.60590298289345	4	8.712	0.0687153566870397	8.712	0.0687153566870397	A
Diet.5mo.as.AL	Lawsonibacter	40	-0.277116795578032	0.195127808867335	-1.4201809428734	4	8.712	0.0687153566870397	8.712	0.0687153566870397	A
Diet.5mo.as.AL	Ligilactobacillus	AL	0	NA	NA	4	14.02	0.0072314967930529	14.02	0.0072314967930529	A
Diet.5mo.as.AL	Ligilactobacillus	1D	0.290224893651631	0.22420202994306	1.29447933065253	4	14.02	0.0072314967930529	14.02	0.0072314967930529	A
Diet.5mo.as.AL	Ligilactobacillus	2D	0.677045594039241	0.22184127706426	3.05193696591966	4	14.02	0.0072314967930529	14.02	0.0072314967930529	A
Diet.5mo.as.AL	Ligilactobacillus	20	0.522206167383644	0.219721304934328	2.37667515919644	4	14.02	0.0072314967930529	14.02	0.0072314967930529	A
Diet.5mo.as.AL	Ligilactobacillus	40	0.687062113031775	0.221462526926429	3.10238541286048	4	14.02	0.0072314967930529	14.02	0.0072314967930529	A
Diet.5mo.as.AL	Limosilactobacillus	AL	0	NA	NA	4	34.652	5.47622758806376e-07	34.652	5.47622758806376e-07	A
Diet.5mo.as.AL	Limosilactobacillus	1D	0.362189767708613	0.189184989713542	1.91447412533643	4	34.652	5.47622758806376e-07	34.652	5.47622758806376e-07	A
Diet.5mo.as.AL	Limosilactobacillus	2D	1.02844713808346	0.187163225788735	5.49492099075242	4	34.652	5.47622758806376e-07	34.652	5.47622758806376e-07	A
Diet.5mo.as.AL	Limosilactobacillus	20	0.52534734708425	0.18342435551131	2.86410899806518	4	34.652	5.47622758806376e-07	34.652	5.47622758806376e-07	A
Diet.5mo.as.AL	Limosilactobacillus	40	0.687587048691628	0.18478930245346	3.72092453168277	4	34.652	5.47622758806376e-07	34.652	5.47622758806376e-07	A
Diet.5mo.as.AL	Mailhella	AL	0	NA	NA	4	12.584	0.0134978867452002	12.584	0.0134978867452002	A
Diet.5mo.as.AL	Mailhella	1D	0.162029779396978	0.199409730345196	0.812547006189167	4	12.584	0.0134978867452002	12.584	0.0134978867452002	A
Diet.5mo.as.AL	Mailhella	2D	0.345827499275726	0.197752577437153	1.74878883379223	4	12.584	0.0134978867452002	12.584	0.0134978867452002	A
Diet.5mo.as.AL	Mailhella	20	0.100768758297445	0.194533220289184	0.518002828245205	4	12.584	0.0134978867452002	12.584	0.0134978867452002	A
Diet.5mo.as.AL	Mailhella	40	-0.277203177142943	0.196488782377173	-1.41078372917408	4	12.584	0.0134978867452002	12.584	0.0134978867452002	A
Diet.5mo.as.AL	MarseilleP3106	AL	0	NA	NA	4	31.332	2.61923233757511e-06	31.332	2.61923233757511e-06	A
Diet.5mo.as.AL	MarseilleP3106	1D	0.422771492515682	0.181547613522139	2.32870861981409	4	31.332	2.61923233757511e-06	31.332	2.61923233757511e-06	A
Diet.5mo.as.AL	MarseilleP3106	2D	0.232022821933819	0.179458264106377	1.29290686661431	4	31.332	2.61923233757511e-06	31.332	2.61923233757511e-06	A
Diet.5mo.as.AL	MarseilleP3106	20	0.89208240368248	0.176197341801293	5.06297311050544	4	31.332	2.61923233757511e-06	31.332	2.61923233757511e-06	A
Diet.5mo.as.AL	MarseilleP3106	40	0.228374892714534	0.177181680854273	1.28893061412125	4	31.332	2.61923233757511e-06	31.332	2.61923233757511e-06	A
Diet.5mo.as.AL	MuribaculaceaeNOV	AL	0	NA	NA	4	28.084	1.19934041723502e-05	28.084	1.19934041723502e-05	A
Diet.5mo.as.AL	MuribaculaceaeNOV	1D	0.402515194898411	0.192988283286325	2.08569757730434	4	28.084	1.19934041723502e-05	28.084	1.19934041723502e-05	A
Diet.5mo.as.AL	MuribaculaceaeNOV	2D	0.0947735067166387	0.190794654352773	0.496730409130886	4	28.084	1.19934041723502e-05	28.084	1.19934041723502e-05	A
Diet.5mo.as.AL	MuribaculaceaeNOV	20	0.79730904333243	0.192088426396782	4.15073962699602	4	28.084	1.19934041723502e-05	28.084	1.19934041723502e-05	A
Diet.5mo.as.AL	MuribaculaceaeNOV	40	0.674552714894192	0.191299524340521	3.52615991712274	4	28.084	1.19934041723502e-05	28.084	1.19934041723502e-05	A
Diet.5mo.as.AL	Muribaculum	AL	0	NA	NA	4	5.848	0.21079093664185	5.848	0.21079093664185	A
Diet.5mo.as.AL	Muribaculum	1D	0.300974511374502	0.208421871732722	1.44406395006599	4	5.848	0.21079093664185	5.848	0.21079093664185	A
Diet.5mo.as.AL	Muribaculum	2D	0.40482056340389	0.205671556849458	1.96828657109937	4	5.848	0.21079093664185	5.848	0.21079093664185	A
Diet.5mo.as.AL	Muribaculum	20	0.455716963057445	0.207855502713394	2.19247004341194	4	5.848	0.21079093664185	5.848	0.21079093664185	A
Diet.5mo.as.AL	Muribaculum	40	0.384201742129189	0.20640457818113	1.86140126112917	4	5.848	0.21079093664185	5.848	0.21079093664185	A
Diet.5mo.as.AL	Oscillibacter	AL	0	NA	NA	4	5.38	0.2504806662818	5.38	0.2504806662818	A
Diet.5mo.as.AL	Oscillibacter	1D	-0.197096270116615	0.20441128554376	-0.964214229132772	4	5.38	0.2504806662818	5.38	0.2504806662818	A
Diet.5mo.as.AL	Oscillibacter	2D	-0.443664579528222	0.202645380544806	-2.18936438785549	4	5.38	0.2504806662818	5.38	0.2504806662818	A
Diet.5mo.as.AL	Oscillibacter	20	-0.121522864483572	0.196648060282624	-0.617971335740198	4	5.38	0.2504806662818	5.38	0.2504806662818	A
Diet.5mo.as.AL	Oscillibacter	40	-0.235105426451155	0.198790556770615	-1.18267904809203	4	5.38	0.2504806662818	5.38	0.2504806662818	A
Diet.5mo.as.AL	OscillospiraceaeNOV	AL	0	NA	NA	4	5.844	0.211105288522759	5.844	0.211105288522759	A
Diet.5mo.as.AL	OscillospiraceaeNOV	1D	0.0129213940681161	0.196091181058501	0.065894825041934	4	5.844	0.211105288522759	5.844	0.211105288522759	A
Diet.5mo.as.AL	OscillospiraceaeNOV	2D	-0.347442372716441	0.193919586476495	-1.79168272287211	4	5.844	0.211105288522759	5.844	0.211105288522759	A
Diet.5mo.as.AL	OscillospiraceaeNOV	20	-0.208032639388535	0.191843061508374	-1.08438969724977	4	5.844	0.211105288522759	5.844	0.211105288522759	A
Diet.5mo.as.AL	OscillospiraceaeNOV	40	-0.0574754116497013	0.191667951159586	-0.299869703317516	4	5.844	0.211105288522759	5.844	0.211105288522759	A
Diet.5mo.as.AL	Paramuribaculum	AL	0	NA	NA	4	42.32	1.43185328038697e-08	42.32	1.43185328038697e-08	A
Diet.5mo.as.AL	Paramuribaculum	1D	0.668605058301429	0.197623755592354	3.38322210453578	4	42.32	1.43185328038697e-08	42.32	1.43185328038697e-08	A
Diet.5mo.as.AL	Paramuribaculum	2D	0.707763738339754	0.195445849605785	3.62127791287109	4	42.32	1.43185328038697e-08	42.32	1.43185328038697e-08	A
Diet.5mo.as.AL	Paramuribaculum	20	1.19436408591908	0.193925163118763	6.15889174313921	4	42.32	1.43185328038697e-08	42.32	1.43185328038697e-08	A
Diet.5mo.as.AL	Paramuribaculum	40	0.985520082057208	0.195045189979538	5.05277819032912	4	42.32	1.43185328038697e-08	42.32	1.43185328038697e-08	A
Diet.5mo.as.AL	Parvibacter	AL	0	NA	NA	4	45.16	3.68276831252956e-09	45.16	3.68276831252956e-09	A
Diet.5mo.as.AL	Parvibacter	1D	0.362073931455864	0.183296264930362	1.97534811521349	4	45.16	3.68276831252956e-09	45.16	3.68276831252956e-09	A
Diet.5mo.as.AL	Parvibacter	2D	0.41349095136888	0.181247549735961	2.28136022788307	4	45.16	3.68276831252956e-09	45.16	3.68276831252956e-09	A
Diet.5mo.as.AL	Parvibacter	20	-0.00374798403116425	0.178131669232279	-0.0210405260744341	4	45.16	3.68276831252956e-09	45.16	3.68276831252956e-09	A
Diet.5mo.as.AL	Parvibacter	40	-0.571208780024283	0.178974370944086	-3.19156746863347	4	45.16	3.68276831252956e-09	45.16	3.68276831252956e-09	A
Diet.5mo.as.AL	PCoA1	AL	0	NA	NA	4	22.948	0.000129691303225155	22.948	0.000129691303225155	A
Diet.5mo.as.AL	PCoA1	1D	0.348820198322072	0.195532743602152	1.78394775164518	4	22.948	0.000129691303225155	22.948	0.000129691303225155	A
Diet.5mo.as.AL	PCoA1	2D	0.609537021645246	0.193077967962473	3.15694756930379	4	22.948	0.000129691303225155	22.948	0.000129691303225155	A
Diet.5mo.as.AL	PCoA1	20	0.717059941589664	0.194542271280192	3.6858824402071	4	22.948	0.000129691303225155	22.948	0.000129691303225155	A
Diet.5mo.as.AL	PCoA1	40	0.820976061084331	0.193102917548271	4.25149485832655	4	22.948	0.000129691303225155	22.948	0.000129691303225155	A
Diet.5mo.as.AL	PCoA2	AL	0	NA	NA	4	89.24	0	89.24	0	A
Diet.5mo.as.AL	PCoA2	1D	0.21104961846919	0.17982188920193	1.17365922138763	4	89.24	0	89.24	0	A
Diet.5mo.as.AL	PCoA2	2D	0.406530079321185	0.177520948265574	2.29004003917897	4	89.24	0	89.24	0	A
Diet.5mo.as.AL	PCoA2	20	0.926412291501203	0.178959286844037	5.17666508309552	4	89.24	0	89.24	0	A
Diet.5mo.as.AL	PCoA2	40	1.40659849395534	0.177323519505915	7.93238538167195	4	89.24	0	89.24	0	A
Diet.5mo.as.AL	PCoA3	AL	0	NA	NA	4	3.9084	0.418544478734274	3.9084	0.418544478734274	A
Diet.5mo.as.AL	PCoA3	1D	0.057690426545773	0.204874841447374	0.281588633031802	4	3.9084	0.418544478734274	3.9084	0.418544478734274	A
Diet.5mo.as.AL	PCoA3	2D	-0.268748015341538	0.202084642043184	-1.32987847381351	4	3.9084	0.418544478734274	3.9084	0.418544478734274	A
Diet.5mo.as.AL	PCoA3	20	-0.0276607884143324	0.20415068329018	-0.135492019759813	4	3.9084	0.418544478734274	3.9084	0.418544478734274	A
Diet.5mo.as.AL	PCoA3	40	-0.170710947223484	0.20260404608481	-0.842584097022549	4	3.9084	0.418544478734274	3.9084	0.418544478734274	A
Diet.5mo.as.AL	Prevotella	AL	0	NA	NA	4	7.048	0.13337328315658	7.048	0.13337328315658	A
Diet.5mo.as.AL	Prevotella	1D	0.384852225588118	0.218394475871251	1.76218846219809	4	7.048	0.13337328315658	7.048	0.13337328315658	A
Diet.5mo.as.AL	Prevotella	2D	0.506487393185803	0.215641919410165	2.34874274246479	4	7.048	0.13337328315658	7.048	0.13337328315658	A
Diet.5mo.as.AL	Prevotella	20	0.359562260700707	0.218500666861841	1.64558884814781	4	7.048	0.13337328315658	7.048	0.13337328315658	A
Diet.5mo.as.AL	Prevotella	40	0.155806370327797	0.21720809359664	0.717313833696884	4	7.048	0.13337328315658	7.048	0.13337328315658	A
Diet.5mo.as.AL	Romboutsia	AL	0	NA	NA	4	42.44	1.35211972729365e-08	42.44	1.35211972729365e-08	A
Diet.5mo.as.AL	Romboutsia	1D	-0.0582298776754938	0.223886878906709	-0.260086155829424	4	42.44	1.35211972729365e-08	42.44	1.35211972729365e-08	A
Diet.5mo.as.AL	Romboutsia	2D	0.037270445318296	0.22184220800602	0.168004302036539	4	42.44	1.35211972729365e-08	42.44	1.35211972729365e-08	A
Diet.5mo.as.AL	Romboutsia	20	0.341481889874017	0.223652167513941	1.52684364148955	4	42.44	1.35211972729365e-08	42.44	1.35211972729365e-08	A
Diet.5mo.as.AL	Romboutsia	40	1.12437084557084	0.22291767749648	5.04388372514152	4	42.44	1.35211972729365e-08	42.44	1.35211972729365e-08	A
Diet.5mo.as.AL	Roseburia	AL	0	NA	NA	4	36.14	2.70800464607923e-07	36.14	2.70800464607923e-07	A
Diet.5mo.as.AL	Roseburia	1D	-0.323888172176427	0.181136008683585	-1.78809378946958	4	36.14	2.70800464607923e-07	36.14	2.70800464607923e-07	A
Diet.5mo.as.AL	Roseburia	2D	-0.424272136237201	0.179742265294274	-2.36044725230642	4	36.14	2.70800464607923e-07	36.14	2.70800464607923e-07	A
Diet.5mo.as.AL	Roseburia	20	0.134930671143808	0.174623375953399	0.77269535311135	4	36.14	2.70800464607923e-07	36.14	2.70800464607923e-07	A
Diet.5mo.as.AL	Roseburia	40	0.446564803281308	0.176833948771422	2.5253341136353	4	36.14	2.70800464607923e-07	36.14	2.70800464607923e-07	A
Diet.5mo.as.AL	RuminiclostridiumE	AL	0	NA	NA	4	15.452	0.00384995844095215	15.452	0.00384995844095215	A
Diet.5mo.as.AL	RuminiclostridiumE	1D	0.173442874723	0.218278066052857	0.794595984192936	4	15.452	0.00384995844095215	15.452	0.00384995844095215	A
Diet.5mo.as.AL	RuminiclostridiumE	2D	-0.510342862264439	0.216028134673434	-2.36239072765181	4	15.452	0.00384995844095215	15.452	0.00384995844095215	A
Diet.5mo.as.AL	RuminiclostridiumE	20	-0.197920531412989	0.214096200462333	-0.924446725283248	4	15.452	0.00384995844095215	15.452	0.00384995844095215	A
Diet.5mo.as.AL	RuminiclostridiumE	40	-0.406940909185844	0.214873519341635	-1.89386254031068	4	15.452	0.00384995844095215	15.452	0.00384995844095215	A
Diet.5mo.as.AL	Schaedlerella	AL	0	NA	NA	4	52.84	9.20464815479249e-11	52.84	9.20464815479249e-11	A
Diet.5mo.as.AL	Schaedlerella	1D	-0.343290526135868	0.174477118459978	-1.96753894817797	4	52.84	9.20464815479249e-11	52.84	9.20464815479249e-11	A
Diet.5mo.as.AL	Schaedlerella	2D	-0.730866718162316	0.173732799652049	-4.20684361056802	4	52.84	9.20464815479249e-11	52.84	9.20464815479249e-11	A
Diet.5mo.as.AL	Schaedlerella	20	-0.848836081579111	0.164777675185744	-5.15140221891267	4	52.84	9.20464815479249e-11	52.84	9.20464815479249e-11	A
Diet.5mo.as.AL	Schaedlerella	40	-1.05872002849121	0.168009990363809	-6.30153020185678	4	52.84	9.20464815479249e-11	52.84	9.20464815479249e-11	A
Diet.5mo.as.AL	Shannon	AL	0	NA	NA	4	8.092	0.0882656598857077	8.092	0.0882656598857077	A
Diet.5mo.as.AL	Shannon	1D	0.260296512664465	0.207454120745032	1.25471844921498	4	8.092	0.0882656598857077	8.092	0.0882656598857077	A
Diet.5mo.as.AL	Shannon	2D	0.0678713823901995	0.204750067476035	0.331484053836239	4	8.092	0.0882656598857077	8.092	0.0882656598857077	A
Diet.5mo.as.AL	Shannon	20	0.378841167052385	0.206848230978068	1.83149338653302	4	8.092	0.0882656598857077	8.092	0.0882656598857077	A
Diet.5mo.as.AL	Shannon	40	0.474575602544719	0.205144042941088	2.31337744806465	4	8.092	0.0882656598857077	8.092	0.0882656598857077	A
Diet.5mo.as.AL	Simpson	AL	0	NA	NA	4	10.208	0.0370659801915336	10.208	0.0370659801915336	A
Diet.5mo.as.AL	Simpson	1D	0.423604438955571	0.200087577270406	2.11709514770672	4	10.208	0.0370659801915336	10.208	0.0370659801915336	A
Diet.5mo.as.AL	Simpson	2D	0.294799344877407	0.197405197738456	1.49337174631029	4	10.208	0.0370659801915336	10.208	0.0370659801915336	A
Diet.5mo.as.AL	Simpson	20	0.465422925485856	0.199072759064707	2.33795386004859	4	10.208	0.0370659801915336	10.208	0.0370659801915336	A
Diet.5mo.as.AL	Simpson	40	0.594641799371354	0.19708283401637	3.01721761988648	4	10.208	0.0370659801915336	10.208	0.0370659801915336	A
Diet.5mo.as.AL	Staphylococcus	AL	0	NA	NA	4	5.728	0.220403111640989	5.728	0.220403111640989	A
Diet.5mo.as.AL	Staphylococcus	1D	-0.41184780123733	0.22833978590594	-1.8036620276371	4	5.728	0.220403111640989	5.728	0.220403111640989	A
Diet.5mo.as.AL	Staphylococcus	2D	-0.388497655293523	0.226303706661627	-1.71670920032437	4	5.728	0.220403111640989	5.728	0.220403111640989	A
Diet.5mo.as.AL	Staphylococcus	20	-0.157181297420709	0.229107429510426	-0.68605936418817	4	5.728	0.220403111640989	5.728	0.220403111640989	A
Diet.5mo.as.AL	Staphylococcus	40	-0.0619560190834777	0.22814809479811	-0.27156053675707	4	5.728	0.220403111640989	5.728	0.220403111640989	A
Diet.5mo.as.AL	TF0111	AL	0	NA	NA	4	100.4	0	100.4	0	A
Diet.5mo.as.AL	TF0111	1D	-0.0132476578298401	0.173822072241155	-0.0762138988393878	4	100.4	0	100.4	0	A
Diet.5mo.as.AL	TF0111	2D	0.0771129476989129	0.171400903438891	0.449898140276757	4	100.4	0	100.4	0	A
Diet.5mo.as.AL	TF0111	20	-0.602578206753033	0.173149208444438	-3.48010950882513	4	100.4	0	100.4	0	A
Diet.5mo.as.AL	TF0111	40	-1.26068622053079	0.171914839072881	-7.33320187675209	4	100.4	0	100.4	0	A
Diet.5mo.as.AL	Turicibacter	AL	0	NA	NA	4	17.668	0.00143275769893458	17.668	0.00143275769893458	A
Diet.5mo.as.AL	Turicibacter	1D	-0.355568402357012	0.225468861284887	-1.57701777678178	4	17.668	0.00143275769893458	17.668	0.00143275769893458	A
Diet.5mo.as.AL	Turicibacter	2D	-0.126493846487712	0.22345191662808	-0.566089780730104	4	17.668	0.00143275769893458	17.668	0.00143275769893458	A
Diet.5mo.as.AL	Turicibacter	20	-0.153027540066548	0.226042736638923	-0.676984991165595	4	17.668	0.00143275769893458	17.668	0.00143275769893458	A
Diet.5mo.as.AL	Turicibacter	40	0.491822487223464	0.225464469437883	2.18137469043194	4	17.668	0.00143275769893458	17.668	0.00143275769893458	A
Diet.5mo.as.AL	UBA11940	AL	0	NA	NA	4	7.632	0.106027552225077	7.632	0.106027552225077	A
Diet.5mo.as.AL	UBA11940	1D	0.380615186563475	0.182227853998763	2.08867732463149	4	7.632	0.106027552225077	7.632	0.106027552225077	A
Diet.5mo.as.AL	UBA11940	2D	0.141559062679273	0.180277329273872	0.785229419858003	4	7.632	0.106027552225077	7.632	0.106027552225077	A
Diet.5mo.as.AL	UBA11940	20	-0.0504899970113003	0.175250572739678	-0.288101751805968	4	7.632	0.106027552225077	7.632	0.106027552225077	A
Diet.5mo.as.AL	UBA11940	40	0.0617372195924247	0.177791490243281	0.347245076285408	4	7.632	0.106027552225077	7.632	0.106027552225077	A
Diet.5mo.as.AL	UBA11957	AL	0	NA	NA	4	43.72	7.33497862448473e-09	43.72	7.33497862448473e-09	A
Diet.5mo.as.AL	UBA11957	1D	-0.4914115239202	0.186906145510525	-2.62918869028053	4	43.72	7.33497862448473e-09	43.72	7.33497862448473e-09	A
Diet.5mo.as.AL	UBA11957	2D	-1.03188403434177	0.184740789140144	-5.58557771212608	4	43.72	7.33497862448473e-09	43.72	7.33497862448473e-09	A
Diet.5mo.as.AL	UBA11957	20	-0.762420008508758	0.185768354392641	-4.10414363092922	4	43.72	7.33497862448473e-09	43.72	7.33497862448473e-09	A
Diet.5mo.as.AL	UBA11957	40	-1.04330974099902	0.184734030995468	-5.64763154561714	4	43.72	7.33497862448473e-09	43.72	7.33497862448473e-09	A
Diet.5mo.as.AL	UBA1394	AL	0	NA	NA	4	13.64	0.00853725761222579	13.64	0.00853725761222579	A
Diet.5mo.as.AL	UBA1394	1D	0.000539823079742429	0.182042527963751	0.00296536795978751	4	13.64	0.00853725761222579	13.64	0.00853725761222579	A
Diet.5mo.as.AL	UBA1394	2D	-0.230005797442525	0.180656843427383	-1.27316404448846	4	13.64	0.00853725761222579	13.64	0.00853725761222579	A
Diet.5mo.as.AL	UBA1394	20	0.276919799404589	0.17400787810926	1.5914210460673	4	13.64	0.00853725761222579	13.64	0.00853725761222579	A
Diet.5mo.as.AL	UBA1394	40	0.282796752889029	0.17611998116045	1.60570510526795	4	13.64	0.00853725761222579	13.64	0.00853725761222579	A
Diet.5mo.as.AL	UBA1405	AL	0	NA	NA	4	6.616	0.157626614717383	6.616	0.157626614717383	A
Diet.5mo.as.AL	UBA1405	1D	0.0647228516606198	0.208421763804964	0.310537875119346	4	6.616	0.157626614717383	6.616	0.157626614717383	A
Diet.5mo.as.AL	UBA1405	2D	0.0104083154414001	0.206600474293085	0.0503789523088643	4	6.616	0.157626614717383	6.616	0.157626614717383	A
Diet.5mo.as.AL	UBA1405	20	-0.384365817436107	0.207974668432693	-1.84813766182538	4	6.616	0.157626614717383	6.616	0.157626614717383	A
Diet.5mo.as.AL	UBA1405	40	-0.0340822333851385	0.207680510833571	-0.164108963563032	4	6.616	0.157626614717383	6.616	0.157626614717383	A
Diet.5mo.as.AL	UBA2882	AL	0	NA	NA	4	62.72	7.7715611723761e-13	62.72	7.7715611723761e-13	A
Diet.5mo.as.AL	UBA2882	1D	-0.38205037684558	0.16613223469257	-2.29967638461355	4	62.72	7.7715611723761e-13	62.72	7.7715611723761e-13	A
Diet.5mo.as.AL	UBA2882	2D	-0.655482010477065	0.164435790974137	-3.986249019109	4	62.72	7.7715611723761e-13	62.72	7.7715611723761e-13	A
Diet.5mo.as.AL	UBA2882	20	-0.281771546436823	0.161079191733696	-1.7492734064786	4	62.72	7.7715611723761e-13	62.72	7.7715611723761e-13	A
Diet.5mo.as.AL	UBA2882	40	0.427655908004337	0.161501395115806	2.64800132344171	4	62.72	7.7715611723761e-13	62.72	7.7715611723761e-13	A
Diet.5mo.as.AL	UBA3282	AL	0	NA	NA	4	10.34	0.035073789614585	10.34	0.035073789614585	A
Diet.5mo.as.AL	UBA3282	1D	0.136987248479149	0.187584467754534	0.73026967594356	4	10.34	0.035073789614585	10.34	0.035073789614585	A
Diet.5mo.as.AL	UBA3282	2D	-0.187990404330845	0.185573523749503	-1.01302384377097	4	10.34	0.035073789614585	10.34	0.035073789614585	A
Diet.5mo.as.AL	UBA3282	20	-0.192475569812659	0.181943528808627	-1.05788631820541	4	10.34	0.035073789614585	10.34	0.035073789614585	A
Diet.5mo.as.AL	UBA3282	40	-0.365537365480578	0.182105407564611	-2.00728451927429	4	10.34	0.035073789614585	10.34	0.035073789614585	A
Diet.5mo.as.AL	UBA3700	AL	0	NA	NA	4	11.796	0.0189345215591729	11.796	0.0189345215591729	A
Diet.5mo.as.AL	UBA3700	1D	0.319120280682332	0.179444976448548	1.77837400075578	4	11.796	0.0189345215591729	11.796	0.0189345215591729	A
Diet.5mo.as.AL	UBA3700	2D	0.376927925680889	0.178114274344302	2.11621402646412	4	11.796	0.0189345215591729	11.796	0.0189345215591729	A
Diet.5mo.as.AL	UBA3700	20	0.474664589902863	0.171143888413348	2.77348256080549	4	11.796	0.0189345215591729	11.796	0.0189345215591729	A
Diet.5mo.as.AL	UBA3700	40	0.555586294086016	0.173155282394638	3.20860147263531	4	11.796	0.0189345215591729	11.796	0.0189345215591729	A
Diet.5mo.as.AL	UBA3700NOV	AL	0	NA	NA	4	37	1.8013026836794e-07	37	1.8013026836794e-07	A
Diet.5mo.as.AL	UBA3700NOV	1D	0.135439041591219	0.183418716802855	0.738414508355729	4	37	1.8013026836794e-07	37	1.8013026836794e-07	A
Diet.5mo.as.AL	UBA3700NOV	2D	0.203745566128047	0.180751634253877	1.12721285740561	4	37	1.8013026836794e-07	37	1.8013026836794e-07	A
Diet.5mo.as.AL	UBA3700NOV	20	0.658541689706642	0.182122326744148	3.61593057523247	4	37	1.8013026836794e-07	37	1.8013026836794e-07	A
Diet.5mo.as.AL	UBA3700NOV	40	0.875704281330868	0.181138225565461	4.83445323921647	4	37	1.8013026836794e-07	37	1.8013026836794e-07	A
Diet.5mo.as.AL	UBA3818	AL	0	NA	NA	4	15.06	0.00457837732952693	15.06	0.00457837732952693	A
Diet.5mo.as.AL	UBA3818	1D	-0.457266348720498	0.174430042059195	-2.62148849660495	4	15.06	0.00457837732952693	15.06	0.00457837732952693	A
Diet.5mo.as.AL	UBA3818	2D	-0.422009042380234	0.172601154586805	-2.44499547752443	4	15.06	0.00457837732952693	15.06	0.00457837732952693	A
Diet.5mo.as.AL	UBA3818	20	-0.65999254802583	0.172133099059662	-3.83419895203928	4	15.06	0.00457837732952693	15.06	0.00457837732952693	A
Diet.5mo.as.AL	UBA3818	40	-0.376807684140171	0.170112626000367	-2.21504830652228	4	15.06	0.00457837732952693	15.06	0.00457837732952693	A
Diet.5mo.as.AL	UBA7160	AL	0	NA	NA	4	27.732	1.41340571296888e-05	27.732	1.41340571296888e-05	A
Diet.5mo.as.AL	UBA7160	1D	0.203052179330187	0.19754603990752	1.02787268945125	4	27.732	1.41340571296888e-05	27.732	1.41340571296888e-05	A
Diet.5mo.as.AL	UBA7160	2D	0.34952234401726	0.195026219734848	1.79218129999372	4	27.732	1.41340571296888e-05	27.732	1.41340571296888e-05	A
Diet.5mo.as.AL	UBA7160	20	-0.156815614377954	0.196848398912918	-0.79663139372206	4	27.732	1.41340571296888e-05	27.732	1.41340571296888e-05	A
Diet.5mo.as.AL	UBA7160	40	-0.522851287449575	0.195408703851457	-2.67568064852949	4	27.732	1.41340571296888e-05	27.732	1.41340571296888e-05	A
Diet.5mo.as.AL	UBA7173	AL	0	NA	NA	4	6.784	0.147752707824755	6.784	0.147752707824755	A
Diet.5mo.as.AL	UBA7173	1D	0.361037290556599	0.21343978919328	1.69151821186284	4	6.784	0.147752707824755	6.784	0.147752707824755	A
Diet.5mo.as.AL	UBA7173	2D	0.308077314275263	0.210485238853732	1.46365282407926	4	6.784	0.147752707824755	6.784	0.147752707824755	A
Diet.5mo.as.AL	UBA7173	20	0.55166131136621	0.213560580515397	2.5831607595131	4	6.784	0.147752707824755	6.784	0.147752707824755	A
Diet.5mo.as.AL	UBA7173	40	0.312410139164404	0.212805853599084	1.46805237675919	4	6.784	0.147752707824755	6.784	0.147752707824755	A
Diet.5mo.as.AL	UBA7182	AL	0	NA	NA	4	101.56	0	101.56	0	A
Diet.5mo.as.AL	UBA7182	1D	-0.132585361457333	0.170962363163695	-0.775523682545171	4	101.56	0	101.56	0	A
Diet.5mo.as.AL	UBA7182	2D	-0.394197918216833	0.168798374489072	-2.33531821269022	4	101.56	0	101.56	0	A
Diet.5mo.as.AL	UBA7182	20	-0.74583416454018	0.170079473917965	-4.38520973377375	4	101.56	0	101.56	0	A
Diet.5mo.as.AL	UBA7182	40	-1.43687786859302	0.169130413476367	-8.49567998480533	4	101.56	0	101.56	0	A
Diet.5mo.as.AL	UBA946	AL	0	NA	NA	4	41.12	2.53836580643707e-08	41.12	2.53836580643707e-08	A
Diet.5mo.as.AL	UBA946	1D	-0.205977032249184	0.195899363234888	-1.0514430922484	4	41.12	2.53836580643707e-08	41.12	2.53836580643707e-08	A
Diet.5mo.as.AL	UBA946	2D	-0.381721898874473	0.193633150540237	-1.97136646183501	4	41.12	2.53836580643707e-08	41.12	2.53836580643707e-08	A
Diet.5mo.as.AL	UBA946	20	0.236192148689086	0.192482492690592	1.22708380064859	4	41.12	2.53836580643707e-08	41.12	2.53836580643707e-08	A
Diet.5mo.as.AL	UBA946	40	0.665642439372079	0.192415448237533	3.45940227496888	4	41.12	2.53836580643707e-08	41.12	2.53836580643707e-08	A
Diet.5mo.as.AL	UBA9475	AL	0	NA	NA	4	5.892	0.20736026405626	5.892	0.20736026405626	A
Diet.5mo.as.AL	UBA9475	1D	-0.0637312822953164	0.192728637493665	-0.330678840073319	4	5.892	0.20736026405626	5.892	0.20736026405626	A
Diet.5mo.as.AL	UBA9475	2D	-0.338707413376248	0.190704026593707	-1.77608946924787	4	5.892	0.20736026405626	5.892	0.20736026405626	A
Diet.5mo.as.AL	UBA9475	20	-0.0956857629571112	0.191126890540892	-0.500639981565749	4	5.892	0.20736026405626	5.892	0.20736026405626	A
Diet.5mo.as.AL	UBA9475	40	0.0562917810174467	0.189963316886809	0.296329743763047	4	5.892	0.20736026405626	5.892	0.20736026405626	A
Diet.5mo.as.AL	UBA9502	AL	0	NA	NA	4	34.14	6.97511458480626e-07	34.14	6.97511458480626e-07	A
Diet.5mo.as.AL	UBA9502	1D	-0.0872956222223929	0.171769494205969	-0.508213770005731	4	34.14	6.97511458480626e-07	34.14	6.97511458480626e-07	A
Diet.5mo.as.AL	UBA9502	2D	-0.181127133201825	0.170250991414138	-1.0638829865092	4	34.14	6.97511458480626e-07	34.14	6.97511458480626e-07	A
Diet.5mo.as.AL	UBA9502	20	-0.451396106593729	0.169728876436271	-2.65951272447867	4	34.14	6.97511458480626e-07	34.14	6.97511458480626e-07	A
Diet.5mo.as.AL	UBA9502	40	-0.812692305245061	0.16873946460274	-4.81625508981178	4	34.14	6.97511458480626e-07	34.14	6.97511458480626e-07	A
Diet.5mo.as.AL	UMGS1004	AL	0	NA	NA	4	30.944	3.14298356174358e-06	30.944	3.14298356174358e-06	A
Diet.5mo.as.AL	UMGS1004	1D	-0.00371892314815407	0.186435693451954	-0.0199474847294328	4	30.944	3.14298356174358e-06	30.944	3.14298356174358e-06	A
Diet.5mo.as.AL	UMGS1004	2D	0.358396580516868	0.184638714196449	1.94106952096485	4	30.944	3.14298356174358e-06	30.944	3.14298356174358e-06	A
Diet.5mo.as.AL	UMGS1004	20	0.522169827904374	0.179888187740694	2.90274661423058	4	30.944	3.14298356174358e-06	30.944	3.14298356174358e-06	A
Diet.5mo.as.AL	UMGS1004	40	0.78006802677036	0.180995771361386	4.30986879363514	4	30.944	3.14298356174358e-06	30.944	3.14298356174358e-06	A
Diet.5mo.as.AL	UMGS1217	AL	0	NA	NA	4	6.44	0.16861034585996	6.44	0.16861034585996	A
Diet.5mo.as.AL	UMGS1217	1D	0.215427555995608	0.226241905499096	0.952200060021457	4	6.44	0.16861034585996	6.44	0.16861034585996	A
Diet.5mo.as.AL	UMGS1217	2D	0.220282183823971	0.22413574549584	0.982807018740611	4	6.44	0.16861034585996	6.44	0.16861034585996	A
Diet.5mo.as.AL	UMGS1217	20	-0.152147295615021	0.221514291534459	-0.686850923076231	4	6.44	0.16861034585996	6.44	0.16861034585996	A
Diet.5mo.as.AL	UMGS1217	40	-0.178474186110665	0.222756705364785	-0.801206795631118	4	6.44	0.16861034585996	6.44	0.16861034585996	A
Diet.5mo.as.AL	UMGS1370	AL	0	NA	NA	4	37.816	1.22289049220292e-07	37.816	1.22289049220292e-07	A
Diet.5mo.as.AL	UMGS1370	1D	-0.362508637398033	0.175555839872522	-2.06491927389749	4	37.816	1.22289049220292e-07	37.816	1.22289049220292e-07	A
Diet.5mo.as.AL	UMGS1370	2D	-0.589263733474331	0.173380432300079	-3.39867495805097	4	37.816	1.22289049220292e-07	37.816	1.22289049220292e-07	A
Diet.5mo.as.AL	UMGS1370	20	-0.566099881566017	0.171350756546627	-3.30374894733524	4	37.816	1.22289049220292e-07	37.816	1.22289049220292e-07	A
Diet.5mo.as.AL	UMGS1370	40	-1.00515040531554	0.171303286462447	-5.8676656243597	4	37.816	1.22289049220292e-07	37.816	1.22289049220292e-07	A
Diet.5mo.as.AL	UMGS1815	AL	0	NA	NA	4	72.76	5.88418203051333e-15	72.76	5.88418203051333e-15	A
Diet.5mo.as.AL	UMGS1815	1D	0.359979638112293	0.174464561665625	2.06333959559204	4	72.76	5.88418203051333e-15	72.76	5.88418203051333e-15	A
Diet.5mo.as.AL	UMGS1815	2D	0.555560907926552	0.172577834290262	3.21919040305108	4	72.76	5.88418203051333e-15	72.76	5.88418203051333e-15	A
Diet.5mo.as.AL	UMGS1815	20	1.18472028057369	0.169234922051491	7.00044805299246	4	72.76	5.88418203051333e-15	72.76	5.88418203051333e-15	A
Diet.5mo.as.AL	UMGS1815	40	1.10708912762231	0.169912292262896	6.51565059171451	4	72.76	5.88418203051333e-15	72.76	5.88418203051333e-15	A
Diet.5mo.as.AL	UMGS1872	AL	0	NA	NA	4	6.36	0.173828038406504	6.36	0.173828038406504	A
Diet.5mo.as.AL	UMGS1872	1D	0.192540040160157	0.197598860194633	0.974398536360515	4	6.36	0.173828038406504	6.36	0.173828038406504	A
Diet.5mo.as.AL	UMGS1872	2D	0.142001959999856	0.195271769921552	0.727201684385323	4	6.36	0.173828038406504	6.36	0.173828038406504	A
Diet.5mo.as.AL	UMGS1872	20	0.137542023323212	0.194000540842496	0.708977525144524	4	6.36	0.173828038406504	6.36	0.173828038406504	A
Diet.5mo.as.AL	UMGS1872	40	-0.201768990942507	0.193895291701478	-1.04060799605775	4	6.36	0.173828038406504	6.36	0.173828038406504	A
Diet.5mo.as.AL	UMGS268	AL	0	NA	NA	4	5.3	0.257876927670568	5.3	0.257876927670568	A
Diet.5mo.as.AL	UMGS268	1D	0.0390733555908736	0.183883429836845	0.212489812842529	4	5.3	0.257876927670568	5.3	0.257876927670568	A
Diet.5mo.as.AL	UMGS268	2D	-0.185424487121394	0.18191352566936	-1.01930016714874	4	5.3	0.257876927670568	5.3	0.257876927670568	A
Diet.5mo.as.AL	UMGS268	20	-0.0364338701737682	0.177328606424343	-0.205459631744823	4	5.3	0.257876927670568	5.3	0.257876927670568	A
Diet.5mo.as.AL	UMGS268	40	0.181359664971005	0.179134191988058	1.01242349636464	4	5.3	0.257876927670568	5.3	0.257876927670568	A
Diet.5mo.as.AL	uniq	AL	0	NA	NA	4	3.714	0.446092978484332	3.714	0.446092978484332	A
Diet.5mo.as.AL	uniq	1D	-0.0040609222355426	0.194710095736135	-0.0208562489797439	4	3.714	0.446092978484332	3.714	0.446092978484332	A
Diet.5mo.as.AL	uniq	2D	0.0188013853056142	0.192256450347206	0.0977932614050646	4	3.714	0.446092978484332	3.714	0.446092978484332	A
Diet.5mo.as.AL	uniq	20	0.282482031488366	0.193252723172766	1.46172342024815	4	3.714	0.446092978484332	3.714	0.446092978484332	A
Diet.5mo.as.AL	uniq	40	0.142440145288545	0.191316191125625	0.744527394416995	4	3.714	0.446092978484332	3.714	0.446092978484332	A
Diet.5mo.as.AL	X142	AL	0	NA	NA	4	68.52	4.66293670342566e-14	68.52	4.66293670342566e-14	A
Diet.5mo.as.AL	X142	1D	-0.190424143493863	0.160347876076097	-1.18756885437942	4	68.52	4.66293670342566e-14	68.52	4.66293670342566e-14	A
Diet.5mo.as.AL	X142	2D	-0.163893321196174	0.1591216014809	-1.02998788141185	4	68.52	4.66293670342566e-14	68.52	4.66293670342566e-14	A
Diet.5mo.as.AL	X142	20	-0.651427786829078	0.156731977596242	-4.15631702489728	4	68.52	4.66293670342566e-14	68.52	4.66293670342566e-14	A
Diet.5mo.as.AL	X142	40	-1.04844750373582	0.156380569736978	-6.7044614653805	4	68.52	4.66293670342566e-14	68.52	4.66293670342566e-14	A
Diet.5mo.as.AL	X1XD4269	AL	0	NA	NA	4	23.484	0.000101333208583965	23.484	0.000101333208583965	A
Diet.5mo.as.AL	X1XD4269	1D	-0.112784273865793	0.19022421183835	-0.592901780356099	4	23.484	0.000101333208583965	23.484	0.000101333208583965	A
Diet.5mo.as.AL	X1XD4269	2D	-0.0700389010997341	0.187649747074615	-0.373242715173416	4	23.484	0.000101333208583965	23.484	0.000101333208583965	A
Diet.5mo.as.AL	X1XD4269	20	0.303625057204948	0.18905719607718	1.60599577008959	4	23.484	0.000101333208583965	23.484	0.000101333208583965	A
Diet.5mo.as.AL	X1XD4269	40	0.591518663172392	0.186945569476655	3.16412239577711	4	23.484	0.000101333208583965	23.484	0.000101333208583965	A
Diet.5mo.as.AL	X1XD876	AL	0	NA	NA	4	1.3888	0.846139275956975	1.3888	0.846139275956975	A
Diet.5mo.as.AL	X1XD876	1D	0.148449761426896	0.198119869659339	0.74929264632644	4	1.3888	0.846139275956975	1.3888	0.846139275956975	A
Diet.5mo.as.AL	X1XD876	2D	-0.0330969703645601	0.195766766220787	-0.169063273626501	4	1.3888	0.846139275956975	1.3888	0.846139275956975	A
Diet.5mo.as.AL	X1XD876	20	0.119895395542257	0.194698106938321	0.615801547470819	4	1.3888	0.846139275956975	1.3888	0.846139275956975	A
Diet.5mo.as.AL	X1XD876	40	0.0652776587564267	0.19442796624907	0.33574212607256	4	1.3888	0.846139275956975	1.3888	0.846139275956975	A
