feature	is.community.feat	PVE.Age	pval.Age	padj.Age	PVE.Diet	pval.Diet	padj.Diet	PVE.Genetics	pval.Genetics	padj.Genetics	PVE.Time	pval.Time	padj.Time	PVE.Cohort	pval.Cohort	padj.Cohort	PVE.Batch	pval.Batch	padj.Batch	PVE.Cage	pval.Cage	padj.Cage	PVE.Mouse	pval.Mouse	padj.Mouse	PVE.Residual	pval.Residual	padj.Residual
AF3328	N	0.00000008	0.99772426	1.00000000	0.02823592	0.00000175	0.00000256	0.07108615	0.00385679	0.00625267	0.00765646	0.06778783	0.10361855	0.00169530	0.80042137	1.00000000	0.03724254	0.00000002	0.00000003	0.04105420	0.00000299	0.00001278	0.03835368	0.10299699	0.12397088	0.7746757	NA	NA
AM0715	N	0.02598629	0.00012398	0.00047377	0.07525833	0.00000000	0.00000000	0.07684779	0.00467059	0.00736775	0.00269429	0.17349689	0.23800214	0.00000007	1.00000000	1.00000000	0.00839104	0.08408427	0.08487752	0.03315630	0.00044011	0.00127274	0.10815746	0.00002406	0.00008878	0.6695084	NA	NA
ASF356	N	0.14478729	0.00000000	0.00000000	0.05616335	0.00000000	0.00000000	0.13561240	0.00000005	0.00000050	0.00498000	0.04912560	0.07845432	0.00000006	1.00000000	1.00000000	0.01609448	0.00019033	0.00022882	0.01939456	0.00981120	0.02058428	0.06596798	0.00263796	0.00532569	0.5569999	NA	NA
Acetatifactor	N	0.00893012	0.03175967	0.04655185	0.00974660	0.00527651	0.00588111	0.08549759	0.00218106	0.00400390	0.05402603	0.00000011	0.00000086	0.01189346	0.04256015	0.12307935	0.02583726	0.00008063	0.00010032	0.00283736	0.72757216	0.77850221	0.10206088	0.00019366	0.00056005	0.6991707	NA	NA
Acutalibacter	N	0.00599127	0.09072135	0.11984179	0.07650966	0.00000000	0.00000000	0.04671470	0.01403722	0.02002643	0.02573002	0.00000347	0.00001857	0.02570492	0.00050113	0.00338305	0.02578103	0.00010042	0.00012350	0.01323952	0.04819688	0.06994050	0.01610600	0.43759705	0.47295843	0.7642229	NA	NA
Adlercreutzia	N	0.00213867	0.48260761	0.54356857	0.05852674	0.00000000	0.00000000	0.12643121	0.00000018	0.00000140	0.02067669	0.00103365	0.00298920	0.09454227	0.00000001	0.00000017	0.04785201	0.00000000	0.00000000	0.03305708	0.00004798	0.00015558	0.04645506	0.03019790	0.04196332	0.5703203	NA	NA
Akkermansia	N	0.00890199	0.01279181	0.02073823	0.06300372	0.00000000	0.00000000	0.10780397	0.00000068	0.00000406	0.04234492	0.00000000	0.00000000	0.01201949	0.08227746	0.20008383	0.03844375	0.00000000	0.00000000	0.02160035	0.00301178	0.00671377	0.03484134	0.09662995	0.12022564	0.6710405	NA	NA
Alistipes	N	0.00335336	0.18542572	0.22805232	0.00481905	0.01521349	0.01661065	0.08454105	0.00000254	0.00001164	0.53641322	0.00000000	0.00000000	0.00000001	0.97579774	1.00000000	0.02015653	0.00000000	0.00000000	0.01808086	0.00202423	0.00490004	0.10420562	0.00000000	0.00000000	0.2284303	NA	NA
Anaerotignum	N	0.02490069	0.00528008	0.00999334	0.00000007	0.99508951	1.00000000	0.08402312	0.00155428	0.00291769	0.00867960	0.03811110	0.06398825	0.03733303	0.00083250	0.00494874	0.03233429	0.00000021	0.00000035	0.03122887	0.00107700	0.00288096	0.12002439	0.00000350	0.00001871	0.6614760	NA	NA
Anaerotruncus	N	0.00156219	0.43587255	0.50148777	0.06262090	0.00000000	0.00000000	0.07463774	0.00369896	0.00608906	0.00298552	0.40685796	0.48370890	0.01055993	0.12560257	0.27848584	0.02820387	0.00000809	0.00001138	0.02204350	0.01267121	0.02421107	0.09356738	0.00040959	0.00101920	0.7038190	NA	NA
AnaerovoracaceaeNOV	N	0.01601073	0.00022606	0.00080295	0.00501328	0.07692453	0.07991190	0.03721429	0.07631064	0.09174425	0.00512474	0.24420630	0.32259351	0.03751974	0.00025178	0.00224504	0.06514400	0.00000000	0.00000000	0.01025293	0.17385984	0.21677066	0.06235337	0.00563496	0.00972485	0.7613669	NA	NA
Angelakisella	N	0.03711456	0.00004321	0.00018996	0.03011167	0.00000003	0.00000005	0.05528402	0.01328830	0.01974789	0.01338586	0.00443462	0.01103498	0.01348955	0.07042422	0.17941409	0.06058724	0.00000000	0.00000000	0.01126843	0.12457835	0.15868909	0.06149301	0.00661009	0.01105125	0.7172657	NA	NA
Bacteroides	N	0.15317905	0.00005154	0.00021211	0.04587850	0.00000000	0.00000000	0.07517010	0.00000768	0.00002858	0.06703283	0.00041539	0.00130727	0.01265854	0.09487043	0.22558081	0.04621260	0.00000000	0.00000000	0.02840283	0.00000723	0.00002864	0.01594780	0.34041309	0.37550722	0.5555178	NA	NA
Bifidobacterium	N	0.36542187	0.00000115	0.00001022	0.06201300	0.00000000	0.00000000	0.05694069	0.00000338	0.00001446	0.04516201	0.03144353	0.05643997	0.00000003	0.99398546	1.00000000	0.04883213	0.00000000	0.00000000	0.05605828	0.00000000	0.00000000	0.02617289	0.02078221	0.03046160	0.3393991	NA	NA
BorkfalkiaceaeNOV	N	0.02271979	0.00142875	0.00339724	0.06044060	0.00000000	0.00000000	0.07700776	0.00468231	0.00736775	0.01940150	0.00006550	0.00025028	0.00000006	1.00000000	1.00000000	0.02952626	0.00000123	0.00000189	0.04356284	0.00001325	0.00004574	0.14543145	0.00000001	0.00000012	0.6019097	NA	NA
ButyricicoccaceaeNOV	N	0.02396221	0.00117562	0.00299504	0.02812528	0.00000036	0.00000054	0.08772570	0.00014507	0.00035278	0.00000008	1.00000000	1.00000000	0.01890362	0.00269890	0.01443910	0.01395816	0.01550303	0.01626298	0.01432532	0.07359171	0.09967485	0.03495022	0.13455065	0.15820791	0.7780494	NA	NA
CAG115	N	0.03024122	0.00000181	0.00001385	0.01445235	0.00055103	0.00069365	0.07058755	0.00010695	0.00026739	0.12915786	0.00000000	0.00000000	0.17257114	0.00000000	0.00000000	0.07931544	0.00000000	0.00000000	0.04056949	0.00000001	0.00000004	0.03112693	0.06660905	0.08586949	0.4319780	NA	NA
CAG145	N	0.03452272	0.00060073	0.00164815	0.00720976	0.02693124	0.02910751	0.11711578	0.00001853	0.00006010	0.00107615	0.63059469	0.71780459	0.04028685	0.00000315	0.00003748	0.01083036	0.05015318	0.05110848	0.00743185	0.38890531	0.43346738	0.11696119	0.00000298	0.00001679	0.6645653	NA	NA
CAG273	N	0.07654506	0.00000157	0.00001290	0.00000007	1.00000000	1.00000000	0.02949426	0.19856544	0.22364739	0.00344545	0.36925983	0.44898639	0.00588554	0.42654718	0.65200783	0.03952614	0.00000003	0.00000005	0.04949044	0.00000002	0.00000012	0.08885890	0.00011051	0.00034779	0.7067541	NA	NA
CAG274NOV	N	0.01471961	0.01482048	0.02332046	0.15403758	0.00000000	0.00000000	0.00754274	0.69246248	0.71243736	0.00984460	0.03164858	0.05643997	0.00000006	1.00000000	1.00000000	0.04686008	0.00000000	0.00000000	0.04041027	0.00000311	0.00001278	0.11546745	0.00000001	0.00000012	0.6111176	NA	NA
CAG303	N	0.02503460	0.01613012	0.02501338	0.04966339	0.00000001	0.00000002	0.04313591	0.04131359	0.05457475	0.03304006	0.00004553	0.00018045	0.00852597	0.32245615	0.53910638	0.04360687	0.00000000	0.00000000	0.05099364	0.00000002	0.00000012	0.09202334	0.00002321	0.00008868	0.6539762	NA	NA
CAG41	N	0.00486897	0.28169941	0.33490930	0.10132033	0.00000000	0.00000000	0.00000019	1.00000000	1.00000000	0.04830257	0.00000028	0.00000200	0.00304228	0.76305472	1.00000000	0.05910140	0.00000000	0.00000000	0.11815702	0.00000000	0.00000000	0.04308111	0.00092842	0.00214028	0.6221261	NA	NA
CAG475	N	0.06633066	0.00000000	0.00000000	0.02587838	0.00001896	0.00002635	0.12996936	0.00000788	0.00002858	0.00075959	0.71920140	0.80160990	0.01086983	0.12753090	0.27848584	0.01729895	0.00005261	0.00006623	0.02596630	0.01130121	0.02239315	0.14958474	0.00000002	0.00000022	0.5733422	NA	NA
CAG485	N	0.01863764	0.00159137	0.00365213	0.08651877	0.00000000	0.00000000	0.08206622	0.00025816	0.00058772	0.01695583	0.02659739	0.04992842	0.01519988	0.06058234	0.16205776	0.05441598	0.00000000	0.00000000	0.00000009	0.99555166	1.00000000	0.09431847	0.00001173	0.00005456	0.6318871	NA	NA
CAG510	N	0.02106377	0.00160421	0.00365213	0.05825940	0.00000000	0.00000000	0.02529798	0.00357451	0.00597613	0.13682389	0.00000000	0.00000000	0.15756566	0.00000006	0.00000113	0.11230140	0.00000000	0.00000000	0.08957423	0.00000000	0.00000000	0.00000002	1.00000000	1.00000000	0.3991136	NA	NA
CAG552NOV	N	0.04029282	0.00000235	0.00001676	0.00101829	0.69779834	0.71108974	0.14758228	0.00002075	0.00006530	0.01023670	0.00358548	0.00928859	0.00668647	0.31248906	0.53073539	0.01659260	0.00135755	0.00152903	0.02632486	0.01041333	0.02142743	0.15995285	0.00000013	0.00000105	0.5913131	NA	NA
CAG56	N	0.00646344	0.02266426	0.03368160	0.06992733	0.00000000	0.00000000	0.06803861	0.00307144	0.00530071	0.05146252	0.00000000	0.00000000	0.00643561	0.27881187	0.49721449	0.01176278	0.02628714	0.02704542	0.02682652	0.00205458	0.00490004	0.10451516	0.00000502	0.00002440	0.6545680	NA	NA
CAG582	N	0.09362407	0.00000014	0.00000151	0.01227263	0.00176074	0.00209333	0.07901017	0.00029718	0.00066246	0.10890379	0.00000000	0.00000000	0.00000014	1.00000000	1.00000000	0.01165006	0.01137361	0.01204927	0.02463605	0.00251885	0.00585906	0.11205381	0.00000014	0.00000109	0.5578493	NA	NA
CAG776	N	0.01435654	0.04639942	0.06532550	0.01404477	0.00214920	0.00252708	0.06406857	0.02027009	0.02780641	0.05380198	0.00000008	0.00000069	0.00155882	0.77173998	1.00000000	0.02139618	0.00052304	0.00060177	0.02885880	0.00206076	0.00490004	0.14197811	0.00000002	0.00000021	0.6599362	NA	NA
CAG81	N	0.00244436	0.27688367	0.33288261	0.01717335	0.00107800	0.00134123	0.04262057	0.13013568	0.14972600	0.00562514	0.12154979	0.17575442	0.02003318	0.01728836	0.05967274	0.01806413	0.00209859	0.00229132	0.04746376	0.00000108	0.00000479	0.09575595	0.00024736	0.00069651	0.7508196	NA	NA
CAG873	N	0.00927510	0.00886197	0.01529405	0.05534863	0.00000000	0.00000000	0.12505847	0.00000006	0.00000050	0.00283545	0.31663717	0.38942732	0.00266209	0.58323266	0.81046617	0.03727111	0.00000000	0.00000000	0.00000027	1.00000000	1.00000000	0.05868143	0.00838200	0.01379806	0.7088675	NA	NA
CAG95	N	0.06838177	0.00071951	0.00192469	0.01504394	0.00034418	0.00044371	0.04967503	0.02355006	0.03149820	0.00528925	0.21481457	0.29095138	0.00389297	0.45098096	0.67020782	0.03871422	0.00000000	0.00000001	0.00807227	0.30451485	0.34297989	0.09935997	0.00001899	0.00007816	0.7115706	NA	NA
COE1	N	0.04559959	0.00001648	0.00008815	0.13516816	0.00000000	0.00000000	0.09619138	0.00000503	0.00002071	0.00992269	0.00188720	0.00531395	0.00000007	1.00000000	1.00000000	0.00707996	0.11273359	0.11273359	0.00777339	0.24579677	0.28587233	0.04654946	0.02451281	0.03497161	0.6517153	NA	NA
Chao1	Y	0.01209593	0.01091828	0.01825400	0.00513342	0.03275742	0.03505044	0.00330418	0.78812242	0.79555754	0.00306601	0.44523247	0.52351511	0.02663111	0.00340939	0.01737166	0.05293094	0.00000000	0.00000000	0.00000009	1.00000000	1.00000000	0.00596275	0.70895365	0.75858041	0.8908756	NA	NA
Clostridium	N	0.04734884	0.08523680	0.11544731	0.11502453	0.00000000	0.00000000	0.02874800	0.05014064	0.06386963	0.00882825	0.29918346	0.37223989	0.01711607	0.06051797	0.16205776	0.05150074	0.00000000	0.00000000	0.05407710	0.00000000	0.00000000	0.00544907	0.74233393	0.78643297	0.6719074	NA	NA
ClostridiumQ	N	0.00526439	0.17184236	0.21380386	0.11980446	0.00000000	0.00000000	0.10366127	0.00002179	0.00006623	0.00380315	0.26866514	0.34550167	0.00176445	0.67462964	0.92545349	0.01251058	0.01847548	0.01919298	0.01624331	0.03687658	0.05636848	0.05982831	0.01194385	0.01825703	0.6771201	NA	NA
D1663	N	0.01301174	0.01354451	0.02163079	0.09007640	0.00000000	0.00000000	0.02453157	0.10527945	0.12379012	0.02399647	0.00953385	0.02000240	0.09656627	0.00000000	0.00000002	0.06419345	0.00000000	0.00000000	0.01152061	0.03978453	0.05995697	0.02662588	0.09978837	0.12272823	0.6494776	NA	NA
Desulfovibrio	N	0.03429122	0.00140871	0.00339724	0.00742871	0.03346041	0.03544816	0.08786266	0.00005729	0.00016131	0.21202811	0.00000000	0.00000000	0.00000004	1.00000000	1.00000000	0.05491945	0.00000000	0.00000000	0.05260580	0.00000004	0.00000021	0.12490752	0.00000000	0.00000002	0.4259565	NA	NA
Dorea	N	0.03267636	0.00709909	0.01245251	0.06323018	0.00000000	0.00000000	0.10385726	0.00001195	0.00004125	0.00236492	0.59184843	0.68646084	0.02576451	0.00357321	0.01737879	0.04428086	0.00000000	0.00000000	0.01847970	0.01164698	0.02265868	0.03264311	0.15605242	0.17954419	0.6767031	NA	NA
Dubosiella	N	0.12559894	0.00000000	0.00000002	0.09781683	0.00000000	0.00000000	0.01621286	0.23531085	0.25720701	0.04850849	0.00086759	0.00265234	0.00932957	0.35195415	0.56207604	0.04075493	0.00000000	0.00000000	0.06413138	0.00000000	0.00000000	0.05242047	0.00031039	0.00083030	0.5452265	NA	NA
Duncaniella	N	0.00536323	0.22434561	0.27278387	0.02979308	0.00000003	0.00000005	0.13376330	0.00000004	0.00000050	0.01509289	0.00684138	0.01557506	0.00000007	1.00000000	1.00000000	0.04960812	0.00000000	0.00000000	0.01605461	0.04955532	0.07069892	0.04214503	0.07532812	0.09595368	0.7081797	NA	NA
Emergencia	N	0.04174709	0.00262109	0.00549915	0.28217944	0.00000000	0.00000000	0.02879349	0.04390449	0.05729000	0.01425457	0.01133968	0.02333358	0.00707934	0.24569129	0.46001016	0.04816271	0.00000000	0.00000000	0.01625345	0.00183897	0.00468499	0.02640213	0.07729233	0.09729740	0.5351278	NA	NA
EnterococcusD	N	0.14667454	0.00000000	0.00000002	0.01188600	0.00333269	0.00387607	0.13020963	0.00000003	0.00000048	0.00000023	1.00000000	1.00000000	0.00000006	1.00000000	1.00000000	0.03461195	0.00000000	0.00000000	0.02680985	0.00066149	0.00186261	0.03309359	0.12768392	0.15180199	0.6167142	NA	NA
ErysipelatoclostridiaceaeNOV	N	0.00000007	1.00000000	1.00000000	0.02418082	0.00000005	0.00000008	0.17740620	0.00000000	0.00000001	0.02657917	0.00000000	0.00000002	0.01443430	0.02329911	0.07332368	0.01833700	0.00201485	0.00224571	0.00000034	1.00000000	1.00000000	0.07048998	0.00369422	0.00693477	0.6685721	NA	NA
Erysipelatoclostridium	N	0.01330051	0.00584696	0.01043631	0.01817653	0.00017317	0.00023161	0.12494653	0.00001560	0.00005218	0.00559076	0.06125256	0.09638271	0.02593776	0.00989918	0.03923009	0.03249913	0.00000019	0.00000031	0.03318528	0.00013111	0.00038970	0.05324118	0.03422926	0.04636114	0.6931223	NA	NA
ErysipelotrichaceaeNOV	N	0.06636913	0.00125826	0.00313102	0.17844082	0.00000000	0.00000000	0.01970773	0.09537917	0.11339523	0.01836612	0.00025823	0.00089132	0.00635085	0.24935130	0.46001016	0.02199343	0.00026967	0.00032060	0.03396114	0.00000029	0.00000137	0.02378734	0.10311596	0.12397088	0.6310235	NA	NA
Escherichia	N	0.07834500	0.00004438	0.00018996	0.03901345	0.00000001	0.00000001	0.10292239	0.00000555	0.00002200	0.00386956	0.23992363	0.32089786	0.00000006	0.99304935	1.00000000	0.04844154	0.00000000	0.00000000	0.02662879	0.00136543	0.00356343	0.05961653	0.00888487	0.01440427	0.6411627	NA	NA
EubacteriumF	N	0.10395280	1.00000000	1.00000000	0.01094074	0.00432844	0.00487519	0.05348785	0.01352758	0.01982810	0.02101003	0.00001631	0.00007271	0.00885736	0.15657855	0.32219049	0.02808074	0.00000015	0.00000025	0.01837728	0.01592670	0.02840261	0.07306655	0.00103604	0.00230950	0.6822267	NA	NA
EubacteriumG	N	0.05691643	0.00048174	0.00143183	0.03775900	0.00000015	0.00000024	0.06000597	0.00901266	0.01377650	0.00885449	0.02724660	0.05026528	0.00161903	0.80796438	1.00000000	0.02840627	0.00000604	0.00000862	0.05621867	0.00000000	0.00000001	0.05182523	0.02415364	0.03492485	0.6983949	NA	NA
EubacteriumJ	N	0.01402893	0.00918703	0.01560338	0.11438157	0.00000000	0.00000000	0.06716142	0.00348418	0.00591757	0.01165755	0.04724455	0.07659344	0.00711208	0.23996461	0.46001016	0.02640090	0.00002352	0.00003070	0.01169886	0.10522511	0.13900107	0.06698862	0.00322283	0.00615791	0.6805701	NA	NA
Evtepia	N	0.00751773	0.05941340	0.08150300	0.11211484	0.00000000	0.00000000	0.04611194	0.01096416	0.01652345	0.00940786	0.00787413	0.01755274	0.02192785	0.00763935	0.03143887	0.04889572	0.00000000	0.00000000	0.02142465	0.00076876	0.00210915	0.00000004	0.99844407	1.00000000	0.7325994	NA	NA
Flavonifractor	N	0.00177050	0.39062436	0.45431312	0.05658688	0.00000000	0.00000000	0.06311895	0.01578933	0.02222972	0.00671666	0.04324123	0.07118171	0.02867945	0.00040812	0.00335918	0.02634846	0.00000356	0.00000522	0.02036203	0.01468392	0.02708930	0.07971516	0.00158083	0.00331665	0.7167019	NA	NA
HungatellaA	N	0.06857105	0.00002230	0.00011363	0.01202517	0.00113584	0.00139695	0.10176207	0.00002228	0.00006623	0.00000007	1.00000000	1.00000000	0.01392377	0.01824089	0.06099298	0.02494378	0.00000989	0.00001350	0.00625376	0.41483817	0.45760499	0.05916392	0.01536822	0.02316056	0.7133564	NA	NA
Ileibacterium	N	0.31956303	0.00000285	0.00001903	0.05381081	0.00000000	0.00000000	0.09779030	0.00000000	0.00000000	0.03007951	0.00028024	0.00093705	0.00713117	0.24565847	0.46001016	0.04498288	0.00000000	0.00000000	0.00807618	0.11475208	0.14793341	0.02901014	0.02959646	0.04166870	0.4095560	NA	NA
Kineothrix	N	0.03219288	0.00022056	0.00080295	0.10817573	0.00000000	0.00000000	0.07911949	0.00069844	0.00138395	0.04068516	0.00018902	0.00067416	0.00000006	1.00000000	1.00000000	0.02821893	0.00000031	0.00000050	0.01857999	0.01629565	0.02858417	0.08091095	0.00061495	0.00149543	0.6121168	NA	NA
Lachnospira	N	0.05392445	0.00378303	0.00735970	0.11010571	0.00000000	0.00000000	0.06546047	0.00023678	0.00055076	0.00833800	0.03827334	0.06398825	0.05130592	0.00001618	0.00017309	0.02531601	0.00001797	0.00002373	0.01473490	0.02934617	0.04757636	0.05627127	0.00290743	0.00576102	0.6145433	NA	NA
LachnospiraceaeNOV	N	0.03930535	0.00008943	0.00035442	0.01010147	0.00994565	0.01097097	0.03443374	0.11587177	0.13476390	0.00000008	1.00000000	1.00000000	0.02881942	0.00045859	0.00338305	0.03871955	0.00000001	0.00000003	0.01760105	0.02769085	0.04558340	0.08065211	0.00064044	0.00152283	0.7503672	NA	NA
Lactobacillus	N	0.01692676	0.05262881	0.07313354	0.11516698	0.00000000	0.00000000	0.17569702	0.00000000	0.00000000	0.00000006	0.98756161	1.00000000	0.00832171	0.15257628	0.32011102	0.02868742	0.00000128	0.00000192	0.00926925	0.23443244	0.27565133	0.07827157	0.00037374	0.00097536	0.5676592	NA	NA
Lawsonibacter	N	0.00763127	0.04441670	0.06336783	0.03551261	0.00000000	0.00000000	0.03074396	0.16376353	0.18641167	0.01135791	0.00814043	0.01777605	0.01582583	0.04533778	0.12766163	0.06230619	0.00000000	0.00000000	0.01184945	0.11474139	0.14793341	0.06576996	0.00581681	0.00987934	0.7590028	NA	NA
Ligilactobacillus	N	0.42406505	0.00000000	0.00000000	0.09639363	0.00000000	0.00000000	0.00406628	0.25674512	0.27749220	0.06693872	0.00000000	0.00000000	0.00000003	1.00000000	1.00000000	0.06088838	0.00000000	0.00000000	0.06640278	0.00000000	0.00000000	0.00000004	1.00000000	1.00000000	0.2812451	NA	NA
Limosilactobacillus	N	0.00713624	0.12915215	0.16451524	0.10752230	0.00000000	0.00000000	0.10474714	0.00000206	0.00001051	0.00000006	1.00000000	1.00000000	0.01527151	0.06551022	0.17096569	0.04815617	0.00000000	0.00000000	0.03514333	0.00007690	0.00023510	0.07978348	0.00011714	0.00034816	0.6022398	NA	NA
Mailhella	N	0.00177866	0.49757571	0.54887218	0.03425458	0.00000016	0.00000024	0.10481872	0.00000004	0.00000048	0.00878512	0.07840431	0.11815860	0.10407743	0.00000000	0.00000001	0.04935329	0.00000000	0.00000000	0.04640897	0.00000002	0.00000012	0.02312370	0.23078703	0.26270439	0.6273995	NA	NA
MarseilleP3106	N	0.02817532	0.00532356	0.00999334	0.00608778	0.03852863	0.04041729	0.03570735	0.04560079	0.05878656	0.00816091	0.08178617	0.12154334	0.01355300	0.03724370	0.11069657	0.03898233	0.00000000	0.00000000	0.01482697	0.03393169	0.05261870	0.02549226	0.23331600	0.26278750	0.8290141	NA	NA
MuribaculaceaeNOV	N	0.06837823	0.08692631	0.11626393	0.02101100	0.00004313	0.00005917	0.07945765	0.00063374	0.00130404	0.19311705	0.00000000	0.00000000	0.03043885	0.00487596	0.02173867	0.04664453	0.00000000	0.00000000	0.05243659	0.00000000	0.00000003	0.13681531	0.00000000	0.00000000	0.3717008	NA	NA
Muribaculum	N	0.00031923	0.91483302	0.98875892	0.03707545	0.00000000	0.00000000	0.13318994	0.00000127	0.00000678	0.10327910	0.00000000	0.00000000	0.00000006	1.00000000	1.00000000	0.03977647	0.00000000	0.00000000	0.00866167	0.27051898	0.30793118	0.10105419	0.00002490	0.00008881	0.5766439	NA	NA
Oscillibacter	N	0.05036477	0.00000936	0.00005562	0.01732337	0.00001080	0.00001541	0.03812768	0.05392190	0.06787815	0.00225375	0.65825273	0.74140044	0.00494169	0.39151200	0.61605564	0.05919481	0.00000000	0.00000000	0.00131640	0.85338968	0.90408610	0.05541674	0.01191493	0.01825703	0.7710608	NA	NA
OscillospiraceaeNOV	N	0.06254902	0.00001117	0.00006290	0.04237005	0.00000000	0.00000000	0.08093445	0.00019298	0.00045888	0.01113189	0.01857906	0.03614473	0.01796069	0.01916174	0.06213047	0.05015050	0.00000000	0.00000000	0.00000009	1.00000000	1.00000000	0.08649738	0.00008572	0.00027793	0.6484059	NA	NA
PCoA1	Y	0.01859118	0.00292158	0.00594633	0.14071296	0.00000000	0.00000000	0.10386576	0.00000084	0.00000473	0.01255196	0.03292962	0.05776179	0.00437174	0.33768941	0.55124858	0.02867333	0.00000064	0.00000102	0.00000005	1.00000000	1.00000000	0.04319277	0.04033292	0.05327929	0.6480402	NA	NA
PCoA2	Y	0.06525517	0.00108693	0.00283663	0.16739763	0.00000000	0.00000000	0.07146965	0.00000801	0.00002858	0.01922416	0.00002469	0.00010567	0.00367965	0.43899080	0.66157768	0.04255359	0.00000000	0.00000000	0.01263815	0.01559106	0.02827531	0.00000015	0.99760939	1.00000000	0.6177818	NA	NA
PCoA3	Y	0.06591077	0.00047129	0.00143183	0.00478692	0.11326995	0.11653735	0.09526764	0.00006740	0.00018492	0.19417343	0.00000000	0.00000000	0.00000005	1.00000000	1.00000000	0.02607619	0.00000001	0.00000002	0.03619895	0.00000974	0.00003595	0.08976808	0.00001676	0.00007472	0.4878180	NA	NA
Paramuribaculum	N	0.00652571	0.03819671	0.05523038	0.11989849	0.00000000	0.00000000	0.10823211	0.00000041	0.00000259	0.00873849	0.00498703	0.01177725	0.00000007	1.00000000	1.00000000	0.03664689	0.00000000	0.00000000	0.01446974	0.04837007	0.06994050	0.04017989	0.06113301	0.07977112	0.6653086	NA	NA
Parvibacter	N	0.00196511	0.47629121	0.54216127	0.06850003	0.00000000	0.00000000	0.16973794	0.00000000	0.00000002	0.01810473	0.00035196	0.00114121	0.06099581	0.00000038	0.00000580	0.03804052	0.00000000	0.00000000	0.00996469	0.18690335	0.22470402	0.05547285	0.02012646	0.02991016	0.5772183	NA	NA
Prevotella	N	0.02037399	0.00025130	0.00081483	0.03961998	0.00000006	0.00000009	0.13748250	0.00000003	0.00000047	0.01990878	0.00011685	0.00043114	0.00526661	0.49337516	0.71339382	0.04197834	0.00000000	0.00000000	0.03905319	0.00001056	0.00003766	0.03338140	0.15085748	0.17545381	0.6629352	NA	NA
Romboutsia	N	0.12416602	0.00000000	0.00000000	0.17652305	0.00000000	0.00000000	0.04588000	0.00030864	0.00067396	0.00050371	0.85203882	0.93987787	0.00529145	0.48591993	0.71223880	0.05257010	0.00000000	0.00000000	0.07514958	0.00000000	0.00000000	0.00000013	0.99546266	1.00000000	0.5199160	NA	NA
Roseburia	N	0.00000003	0.99944346	1.00000000	0.07365963	0.00000000	0.00000000	0.00837750	0.60339051	0.62682315	0.03274078	0.00001604	0.00007271	0.02779710	0.01056287	0.04036527	0.06565690	0.00000000	0.00000000	0.06578384	0.00000000	0.00000000	0.05444884	0.00319739	0.00615791	0.6715354	NA	NA
RuminiclostridiumE	N	0.03466319	0.00255583	0.00546948	0.07650692	0.00000000	0.00000000	0.03884188	0.02053165	0.02780870	0.00924656	0.13648283	0.19471550	0.03628645	0.00547755	0.02344392	0.06936927	0.00000000	0.00000000	0.06766583	0.00000000	0.00000000	0.05975040	0.00106878	0.00233386	0.6076695	NA	NA
Schaedlerella	N	0.01843469	0.01992935	0.03046343	0.13048323	0.00000000	0.00000000	0.07002011	0.00142944	0.00273126	0.02005927	0.00866668	0.01854670	0.02473385	0.00391539	0.01821510	0.04345531	0.00000000	0.00000000	0.01858642	0.01093755	0.02208147	0.05481669	0.01146853	0.01825703	0.6194104	NA	NA
Shannon	Y	0.00000008	1.00000000	1.00000000	0.04059953	0.00000000	0.00000000	0.02535721	0.20482050	0.22828951	0.00729790	0.00482110	0.01172405	0.00000008	1.00000000	1.00000000	0.02071242	0.00028511	0.00033524	0.01932283	0.01439578	0.02702365	0.07402595	0.00094012	0.00214028	0.8126840	NA	NA
Simpson	Y	0.00000009	1.00000000	1.00000000	0.03575003	0.00000000	0.00000000	0.00703828	0.70566768	0.71910897	0.00980014	0.00098601	0.00293064	0.00076733	0.84587370	1.00000000	0.01946845	0.00203677	0.00224674	0.01023734	0.18053325	0.21951202	0.06287135	0.00473260	0.00830145	0.8540670	NA	NA
Staphylococcus	N	0.05288600	0.00000000	0.00000000	0.04990449	0.00000010	0.00000016	0.01067821	0.23557278	0.25720701	0.01091368	0.02259751	0.04317739	0.00000007	1.00000000	1.00000000	0.08523069	0.00000000	0.00000000	0.11291388	0.00000000	0.00000000	0.00000023	1.00000000	1.00000000	0.6774727	NA	NA
TF0111	N	0.04030234	0.00210878	0.00460488	0.15253037	0.00000000	0.00000000	0.10789305	0.00000000	0.00000008	0.00229639	0.59664353	0.68646084	0.01716502	0.02420416	0.07399557	0.03971716	0.00000000	0.00000000	0.02738681	0.00006248	0.00019664	0.01525616	0.39226102	0.42828499	0.5974527	NA	NA
Turicibacter	N	0.33288424	0.00000000	0.00000000	0.05051436	0.00000000	0.00000000	0.04660208	0.00221626	0.00400390	0.00430784	0.03354646	0.05789470	0.01112331	0.13557109	0.29012213	0.02930465	0.00000000	0.00000000	0.06212942	0.00000000	0.00000000	0.04163414	0.00392637	0.00701621	0.4215000	NA	NA
UBA11940	N	0.02803725	0.00585213	0.01043631	0.02286411	0.00009698	0.00013135	0.09802304	0.00069369	0.00138395	0.01770033	0.00214990	0.00589844	0.02202291	0.01724806	0.05967274	0.02924445	0.00000095	0.00000148	0.04666370	0.00001546	0.00005170	0.15671820	0.00000001	0.00000009	0.5787260	NA	NA
UBA11957	N	0.07807793	0.00294538	0.00594633	0.17451648	0.00000000	0.00000000	0.10948976	0.00000005	0.00000050	0.02218783	0.00000719	0.00003496	0.00692312	0.30289949	0.52274589	0.02646789	0.00000014	0.00000025	0.04373705	0.00000003	0.00000014	0.07976003	0.00002575	0.00008887	0.4588399	NA	NA
UBA1394	N	0.00954726	0.01119818	0.01843392	0.04211981	0.00000000	0.00000000	0.11920125	0.00004653	0.00013456	0.02969314	0.00000131	0.00000777	0.00295623	0.57878654	0.81046617	0.01519014	0.00363861	0.00393264	0.02074418	0.03027059	0.04834259	0.13346267	0.00000052	0.00000370	0.6270853	NA	NA
UBA1405	N	0.05292474	0.00003351	0.00015698	0.02186689	0.00001390	0.00001958	0.05072641	0.00120807	0.00235024	0.09216284	0.00000040	0.00000265	0.11626277	0.00000220	0.00002946	0.07222066	0.00000000	0.00000000	0.05323415	0.00000000	0.00000000	0.01578544	0.30852905	0.34388133	0.5248161	NA	NA
UBA2882	N	0.00522638	0.13716498	0.17266651	0.08300815	0.00000000	0.00000000	0.14030504	0.00000229	0.00001116	0.02361613	0.00000344	0.00001857	0.00687362	0.26237357	0.47583003	0.02063849	0.00003596	0.00004580	0.01683528	0.05701175	0.08026655	0.13578503	0.00000008	0.00000073	0.5677119	NA	NA
UBA3282	N	0.05317532	0.00059194	0.00164815	0.01123069	0.00427498	0.00486620	0.05403100	0.01624544	0.02257484	0.01403243	0.00323219	0.00864612	0.00000007	1.00000000	1.00000000	0.02182255	0.00030282	0.00035220	0.01031308	0.21671984	0.25765580	0.12038908	0.00000073	0.00000490	0.7150058	NA	NA
UBA3700	N	0.02450846	0.00052775	0.00152620	0.02071311	0.00020981	0.00027715	0.09130546	0.00224518	0.00400390	0.00490937	0.26140998	0.34110815	0.00000006	1.00000000	1.00000000	0.02421156	0.00000354	0.00000522	0.02168014	0.04723537	0.06994050	0.22636077	0.00000000	0.00000000	0.5863111	NA	NA
UBA3700NOV	N	0.04031646	0.00000017	0.00000161	0.13390746	0.00000000	0.00000000	0.01709255	0.45066629	0.47743855	0.00000006	1.00000000	1.00000000	0.00000006	1.00000000	1.00000000	0.02846348	0.00000000	0.00000001	0.01500607	0.07084836	0.09718941	0.15773739	0.00000000	0.00000000	0.6074765	NA	NA
UBA3818	N	0.00224416	0.36153099	0.42509688	0.04195541	0.00000000	0.00000000	0.02708900	0.35012107	0.37462955	0.00452883	0.17274118	0.23800214	0.00333443	0.54934745	0.78373569	0.02101208	0.00078630	0.00089505	0.02366032	0.01798940	0.03104622	0.19277560	0.00000000	0.00000000	0.6834002	NA	NA
UBA7160	N	0.03184962	0.00045890	0.00143183	0.04089705	0.00000002	0.00000004	0.03321810	0.06699520	0.08146008	0.01139992	0.01208905	0.02440620	0.03566159	0.00022470	0.00218576	0.02957892	0.00000002	0.00000004	0.03552399	0.00000792	0.00003028	0.05994965	0.00393432	0.00701621	0.7219212	NA	NA
UBA7173	N	0.00052382	0.84052592	0.91771707	0.02572427	0.00000001	0.00000001	0.14482685	0.00000040	0.00000259	0.01389784	0.00002701	0.00011115	0.00517718	0.40609211	0.62973703	0.04276228	0.00000000	0.00000000	0.00351368	0.69473072	0.75087057	0.11307615	0.00001790	0.00007660	0.6504979	NA	NA
UBA7182	N	0.05146757	0.00346176	0.00685940	0.21727632	0.00000000	0.00000000	0.10832115	0.00000040	0.00000259	0.00000005	1.00000000	1.00000000	0.02007211	0.00221514	0.01247473	0.02903233	0.00000001	0.00000002	0.01849058	0.00640665	0.01371023	0.05010814	0.01172463	0.01825703	0.5052317	NA	NA
UBA946	N	0.03380282	0.00024282	0.00081193	0.05353079	0.00000000	0.00000000	0.09824669	0.00060168	0.00126234	0.00893641	0.06431126	0.09972905	0.00826079	0.24001467	0.46001016	0.02387521	0.00003101	0.00003998	0.02724583	0.00401125	0.00875926	0.12003525	0.00000270	0.00001604	0.6260662	NA	NA
UBA9475	N	0.08420394	0.11679845	0.15240774	0.01118227	0.00120515	0.00146535	0.09966499	0.00000261	0.00001164	0.01713477	0.01704344	0.03377127	0.04347974	0.00079767	0.00494874	0.03326994	0.00000005	0.00000008	0.00378382	0.60101074	0.65620561	0.06136491	0.00390446	0.00701621	0.6459156	NA	NA
UBA9502	N	0.01513076	0.00170940	0.00381055	0.13976869	0.00000000	0.00000000	0.05796216	0.01400534	0.02002643	0.00340450	0.37982544	0.45664407	0.01142048	0.07889877	0.19632950	0.04144074	0.00000000	0.00000000	0.01347514	0.07644005	0.10223856	0.08502016	0.00025487	0.00069926	0.6323774	NA	NA
UMGS1004	N	0.00636500	0.12242404	0.15782376	0.14231496	0.00000000	0.00000000	0.09008245	0.00038783	0.00082996	0.01269545	0.00506312	0.01177725	0.00679451	0.34002249	0.55124858	0.02493180	0.00000602	0.00000862	0.05234616	0.00000002	0.00000012	0.07494402	0.00155190	0.00331665	0.5895257	NA	NA
UMGS1217	N	0.03363330	0.00023263	0.00080295	0.01905018	0.00043458	0.00055358	0.01133167	0.56596252	0.59370578	0.04482497	0.00000127	0.00000777	0.00689696	0.30188047	0.52274589	0.01958848	0.00445141	0.00476301	0.04478708	0.00000016	0.00000078	0.07399668	0.00038941	0.00099207	0.7458907	NA	NA
UMGS1370	N	0.00768638	0.00562761	0.01038197	0.15912277	0.00000000	0.00000000	0.06192907	0.00539927	0.00837277	0.00489701	0.17232345	0.23800214	0.00796728	0.17229582	0.34784250	0.02477374	0.00001265	0.00001692	0.02482063	0.00260487	0.00593024	0.10249887	0.00000459	0.00002337	0.6063042	NA	NA
UMGS1815	N	0.00000005	1.00000000	1.00000000	0.28952583	0.00000000	0.00000000	0.06768880	0.00261416	0.00458550	0.00000005	1.00000000	1.00000000	0.00895165	0.09871795	0.22962653	0.03155803	0.00000000	0.00000000	0.01525973	0.02283976	0.03818522	0.08405984	0.00002313	0.00008868	0.5029560	NA	NA
UMGS1872	N	0.00000007	1.00000000	1.00000000	0.07501456	0.00000000	0.00000000	0.12410902	0.00000013	0.00000106	0.00305202	0.29264588	0.36838952	0.06045647	0.00000001	0.00000028	0.02937957	0.00000088	0.00000139	0.01441401	0.06386875	0.08875268	0.04865459	0.03400809	0.04636114	0.6449197	NA	NA
UMGS268	N	0.07837368	0.00000828	0.00005212	0.01073795	0.00418295	0.00481264	0.09924116	0.00009550	0.00024922	0.01446180	0.00364599	0.00928859	0.01669883	0.01158398	0.04274088	0.02554266	0.00000997	0.00001350	0.01101812	0.17422688	0.21677066	0.11815487	0.00000082	0.00000517	0.6257709	NA	NA
X142	N	0.00160819	0.49362528	0.54887218	0.09692306	0.00000000	0.00000000	0.10760002	0.00008144	0.00021786	0.00569511	0.09433832	0.13827671	0.02551525	0.00050588	0.00338305	0.02680641	0.00000862	0.00001197	0.00805646	0.26428275	0.30406725	0.05157438	0.03918412	0.05240876	0.6762211	NA	NA
X1XD4269	N	0.03816814	0.00003374	0.00015698	0.01679074	0.00022881	0.00029857	0.03780757	0.06562041	0.08070556	0.02969977	0.00000387	0.00001973	0.00025509	0.96395849	1.00000000	0.04123563	0.00000000	0.00000000	0.01039255	0.17930568	0.21951202	0.08373656	0.00011609	0.00034816	0.7419140	NA	NA
X1XD876	N	0.00704540	0.02189949	0.03300346	0.01213888	0.00167476	0.00201347	0.11582111	0.00010746	0.00026739	0.00000019	1.00000000	1.00000000	0.01030768	0.10689642	0.24335993	0.02616276	0.00017339	0.00021082	0.02052119	0.01889055	0.03208395	0.08459859	0.00209331	0.00430739	0.7234042	NA	NA
uniq	Y	0.20992975	0.00000000	0.00000000	0.02143422	0.00000432	0.00000625	0.03823933	0.05865786	0.07298129	0.00309381	0.27123496	0.34550167	0.00000006	1.00000000	1.00000000	0.02866739	0.00000002	0.00000003	0.01460839	0.03101832	0.04880823	0.08502985	0.00002770	0.00009263	0.5989972	NA	NA
