feature	is.community.feat	solution.age	std.error.age	pval.age	padj.age	solution.1D	solution.2D	solution.20	solution.40	std.error.1D	std.error.2D	std.error.20	std.error.40	pval.DR	padj.DR	herit	herit.se	herit.pval	herit.padj	PVE.Cohort	PVE.Quarter.Date	PVE.Cage	PVE.Batch	PVE.Mouse
Acetatifactor	N	-0.04428310	0.03314698	0.18165892	0.22620028	-0.37354595	-0.37834309	-0.19330535	-0.13231502	0.08730032	0.08967831	0.08368975	0.08795045	0.00001427	0.00002399	0.01815948	0.01989508	0.38949793	0.47140170	0.12432784	0.02099982	0.15027614	0.03495457	0.06273794
Adlercreutzia	N	 0.02027533	0.03077786	0.51003271	0.56452338	 0.27097584	 0.26184046	 0.19933669	-0.25472031	0.07120382	0.07021329	0.06868682	0.07209211	0.00000000	0.00000000	0.10295632	0.02767341	0.00000871	0.00013264	0.08975356	0.00810791	0.01513727	0.07109425	0.04715592
Akkermansia	N	-0.05650111	0.03735932	0.13046187	0.16727537	-0.00994226	-0.06656045	 0.23807330	 0.62287549	0.07442408	0.07442863	0.07241858	0.07559176	0.00000000	0.00000000	0.12210795	0.03083422	0.00000096	0.00002362	0.00994910	0.04225167	0.02736025	0.03496601	0.08107765
Anaerotruncus	N	 0.04189442	0.02353593	0.07509435	0.10513209	 0.08015007	-0.03204187	-0.05749656	 0.10626631	0.07482043	0.07509080	0.07304852	0.07608157	0.21975051	0.22585469	0.06610500	0.03299651	0.02765597	0.05235881	0.01189911	0.00000007	0.02043807	0.02188373	0.18448688
Bacteria_unclassified	N	-0.15138597	0.02183944	0.00000000	0.00000000	-0.11018067	-0.45269790	-0.48663961	-1.20520154	0.06510667	0.06473270	0.06355558	0.06605669	0.00000000	0.00000000	0.05948291	0.02741815	0.00992846	0.02380992	0.00410323	0.00000008	0.02010285	0.03029749	0.09902755
Barnesiella	N	 0.03223486	0.03829913	0.40004202	0.46254858	-0.08317237	-0.03585099	 0.10128964	-0.01324970	0.07495245	0.07442672	0.07249011	0.07584265	0.23073792	0.23620997	0.05448243	0.03067051	0.04885497	0.07908399	0.01949567	0.03641861	0.00934781	0.04906807	0.20466013
Bifidobacterium	N	 0.43198906	0.03294838	0.00000000	0.00000000	-0.06230248	 0.18313919	 0.02194420	 0.66555029	0.07670956	0.07692309	0.07298146	0.07709195	0.00000000	0.00000000	0.08168871	0.02497930	0.00005053	0.00043627	0.03940330	0.02839024	0.09533156	0.08989037	0.04613657
Blautia	N	-0.16718099	0.03090448	0.00000006	0.00000022	 0.18913202	 0.21716556	 0.27804745	 0.28511086	0.07001729	0.06860793	0.06753595	0.07076555	0.00010208	0.00015832	0.06778748	0.02649204	0.00200372	0.00656914	0.01151909	0.00679524	0.00000008	0.06395577	0.08827137
Candidatus_Metalachnospira	N	 0.05268496	0.03175296	0.09713286	0.12835414	 0.01222361	-0.07041318	-0.01353761	-0.02846512	0.07204913	0.07123065	0.07004522	0.07307290	0.83461677	0.83785172	0.09315679	0.02977315	0.00066214	0.00290954	0.03282369	0.01204924	0.01100003	0.04143549	0.05567577
Candidatus_Metaruminococcus	N	-0.08674911	0.03268739	0.00795312	0.01430457	 0.01579964	-0.10656862	 0.20567262	 0.39909655	0.07444154	0.07408275	0.07235446	0.07558024	0.00000000	0.00000000	0.10766313	0.03282646	0.00029955	0.00172408	0.02537793	0.01650893	0.01554435	0.03860953	0.11114958
Clostridiaceae_unclassified	N	-0.04590065	0.02797560	0.10078989	0.13251056	-0.04427364	-0.08425724	-0.11629244	 0.16567131	0.08055318	0.08019934	0.07825304	0.08148268	0.01085372	0.01260589	0.05367330	0.02521198	0.01556082	0.03358544	0.00914522	0.00196704	0.04103706	0.04780446	0.06440557
Clostridium	N	 0.24347685	0.02414185	0.00000000	0.00000000	-0.37505328	-0.50939989	-0.33078861	 0.48944725	0.07951447	0.08023958	0.07712553	0.08052720	0.00000000	0.00000000	0.07159481	0.02510469	0.00059379	0.00274626	0.04620159	0.00000027	0.07855914	0.03875495	0.03772677
Desulfovibrio	N	 0.09997952	0.03028392	0.00096164	0.00200859	-0.08203238	-0.18600680	-0.12941025	-0.02685066	0.07583086	0.07558497	0.07399429	0.07678530	0.09746275	0.10430930	0.03708757	0.02652226	0.13150834	0.18920670	0.01349147	0.01117288	0.02379466	0.02942481	0.11768265
Dorea	N	 0.20078638	0.03663467	0.00000004	0.00000015	 0.05630264	-0.12007564	-0.10456405	-0.21922716	0.07840639	0.07816731	0.07612351	0.07920658	0.00844837	0.01003728	0.04029787	0.02361972	0.05671280	0.08902191	0.00922534	0.03339865	0.04380439	0.04815691	0.06336953
Dubosiella	N	 0.31290651	0.03694135	0.00000000	0.00000000	-0.21010691	-0.04834158	 0.09693741	 0.72500633	0.07911692	0.07961921	0.07571945	0.07957373	0.00000000	0.00000000	0.03851774	0.02075902	0.02789774	0.05235881	0.03995256	0.04414526	0.09805856	0.06788913	0.05831534
Duncaniella	N	 0.11011059	0.03440974	0.00137428	0.00275921	 0.27665524	 0.42007781	 0.31946212	 0.25261441	0.07470877	0.07391665	0.07250779	0.07548733	0.00000009	0.00000018	0.05028926	0.02550816	0.03422145	0.06241799	0.00000008	0.02449584	0.02514284	0.05454386	0.05908725
Enterococcus	N	 0.20722461	0.03045052	0.00000000	0.00000000	 0.02379436	 0.10704214	 0.05645504	 0.26312952	0.07685490	0.07627975	0.07482033	0.07782093	0.00901130	0.01058670	0.07842213	0.01865022	0.00055823	0.00262875	0.00000008	0.00900350	0.03560965	0.04647617	0.00000017
Enterorhabdus	N	 0.02941076	0.03651882	0.42061366	0.48019340	 0.18266518	 0.16194665	 0.15883305	-0.26352688	0.07017773	0.06874729	0.06733150	0.07068870	0.00000000	0.00000000	0.05435480	0.02285100	0.00576256	0.01554691	0.06305059	0.01999688	0.01036381	0.09833960	0.04699109
Erysipelatoclostridium	N	-0.06459287	0.03258162	0.04743194	0.06867140	 0.19364120	 0.09692544	 0.52889179	 0.44668829	0.07843105	0.07814569	0.07622271	0.07959721	0.00000000	0.00000000	0.12998868	0.03011024	0.00000084	0.00002362	0.00209149	0.01494366	0.03659033	0.04736126	0.01798549
Escherichia	N	 0.21320866	0.02783858	0.00000000	0.00000000	 0.01627733	 0.12923971	-0.00070424	 0.33104787	0.07501893	0.07436578	0.07295475	0.07600665	0.00003402	0.00005473	0.08322131	0.02750489	0.00047631	0.00232764	0.00000008	0.00337862	0.02713291	0.04739654	0.04346593
Eubacteriales_unclassified	N	-0.06620350	0.03173175	0.03694381	0.05436618	 0.03336144	 0.02727542	 0.26629942	 0.31955785	0.08016581	0.08009767	0.07755321	0.08127623	0.00004680	0.00007483	0.12350598	0.03488410	0.00006771	0.00056567	0.01111503	0.01135047	0.03178840	0.04990140	0.12232506
GGB14001	N	-0.24219006	0.03586621	0.00000000	0.00000000	 0.26931276	 0.33056315	 0.61212373	 0.80182854	0.06712714	0.06635261	0.06508497	0.06818228	0.00000000	0.00000000	0.11015310	0.03199195	0.00004583	0.00040932	0.01471575	0.03508766	0.00000010	0.04345730	0.12268825
GGB1559	N	-0.26012593	0.03660024	0.00000000	0.00000000	 0.22725683	 0.31395520	 0.22296367	 0.24434212	0.07731643	0.07667395	0.07426941	0.07805910	0.00038005	0.00054991	0.08194575	0.02793181	0.00038896	0.00200907	0.04195421	0.02503900	0.03064219	0.08506377	0.10834853
GGB20145	N	-0.14554459	0.02745348	0.00000011	0.00000039	 0.20614978	 0.24344816	 0.10886913	 0.12410047	0.07591739	0.07614806	0.07420878	0.07705366	0.01175452	0.01355421	0.05626636	0.02912331	0.03097127	0.05689049	0.02039966	0.00641005	0.03038833	0.02259061	0.11782155
GGB20146	N	-0.21525621	0.02618908	0.00000000	0.00000000	-0.04730607	-0.31894783	-0.12231112	-0.15494613	0.07313451	0.07410905	0.07152527	0.07429212	0.00044776	0.00064072	0.01667765	0.03023908	0.57329689	0.64840128	0.00738730	0.00923202	0.02990168	0.01262178	0.24556284
GGB20149	N	-0.04452654	0.02559371	0.08188930	0.11221867	 0.02859931	-0.03504832	-0.01787373	 0.27296264	0.07628078	0.07584328	0.07417527	0.07719714	0.00090662	0.00122940	0.03050734	0.02702570	0.24616094	0.31882524	0.03572417	0.00000007	0.02384106	0.03879418	0.13298494
GGB2126	N	 0.02764680	0.03824192	0.46931005	0.52848393	 0.39410390	 0.32875906	 0.24441753	 0.60282023	0.08174486	0.08366329	0.07824761	0.08230620	0.00000000	0.00000000	0.03749714	0.02053933	0.08073121	0.12227709	0.17330506	0.04334608	0.13146311	0.03660601	0.03348031
GGB24102	N	-0.13792042	0.03834935	0.00032164	0.00071813	 0.00690534	 0.06935364	 0.08403672	 0.45908689	0.07671771	0.07741086	0.07467010	0.07790374	0.00000002	0.00000005	0.09353060	0.03241590	0.00065051	0.00290954	0.00000006	0.06287600	0.03295998	0.02461522	0.16068191
GGB25041	N	 0.05783838	0.03612496	0.10939082	0.14237298	-0.19374223	-0.44657325	-0.04344949	 0.20077186	0.09358736	0.09496847	0.08968601	0.09413887	0.00000002	0.00000005	0.00000021	0.00000001	1.00000000	1.00000000	0.00000007	0.02570918	0.13702231	0.05551512	0.07463850
GGB25052	N	-0.05438379	0.02885771	0.05947372	0.08371573	 0.20860109	 0.34237382	 0.54239933	 0.69721657	0.08590577	0.08666154	0.08276096	0.08673224	0.00000000	0.00000000	0.06720363	0.02771484	0.00696537	0.01786169	0.02626817	0.00537702	0.08674726	0.05160936	0.07935263
GGB27860	N	-0.16361820	0.03593828	0.00000529	0.00001442	 0.10409809	 0.05380015	 0.09992181	 0.30420733	0.07241310	0.07300140	0.07025696	0.07384973	0.00138965	0.00181778	0.21844276	0.04108911	0.00000000	0.00000013	0.00849179	0.03902268	0.01456369	0.02646710	0.16516666
GGB27861	N	 0.40857907	0.05853340	0.00000000	0.00000000	 0.15027860	-0.00949810	 0.09841648	 0.19036328	0.05590402	0.05537781	0.05023026	0.05490755	0.00058597	0.00082482	0.00000003	0.00000000	1.00000000	1.00000000	0.09020612	0.35364742	0.08869640	0.21919442	0.00000003
GGB27875	N	-0.32927538	0.04248848	0.00000000	0.00000000	-0.09282920	-0.09102240	-0.12349947	-0.01523515	0.06462740	0.06468101	0.06248375	0.06544978	0.21079094	0.21750937	0.08076066	0.02804937	0.00053612	0.00257141	0.13826158	0.07643527	0.02315953	0.03787279	0.13356077
GGB27876	N	-0.05874178	0.02807760	0.03640569	0.05388042	 0.01418494	 0.06526643	 0.16984955	 0.26094265	0.06919270	0.07053039	0.06784221	0.07067340	0.00153670	0.00200003	0.07638923	0.03507385	0.01073610	0.02551055	0.00000006	0.02052727	0.00885060	0.00352226	0.29075445
GGB27879	N	-0.30236943	0.03507845	0.00000000	0.00000000	 0.27676767	 0.30730519	-0.01377697	-0.16354146	0.07806354	0.07862822	0.07513551	0.07882021	0.00000001	0.00000002	0.05824172	0.03109691	0.03907045	0.06859299	0.00941945	0.03514984	0.05582299	0.04839863	0.18976179
GGB27903	N	-0.04960672	0.02292572	0.03048024	0.04605817	-0.03760170	 0.04100659	 0.12770477	 0.30780930	0.07310248	0.07426223	0.07159396	0.07476049	0.00018590	0.00027672	0.15600033	0.03850673	0.00000075	0.00002362	0.00000006	0.00202512	0.01912726	0.01004710	0.19383758
GGB27905	N	 0.11402615	0.03615929	0.00161199	0.00318707	 0.06519907	 0.28150210	 0.21957495	 0.35139040	0.07618705	0.07560788	0.07385446	0.07720175	0.00000549	0.00000947	0.09776834	0.03021787	0.00020304	0.00134841	0.00286765	0.02902046	0.02212106	0.05371662	0.08358035
GGB27918	N	-0.15867483	0.03230884	0.00000091	0.00000281	 0.33029504	 0.25187259	 0.59310841	 0.76868327	0.07199756	0.07124696	0.06985460	0.07300530	0.00000000	0.00000000	0.09028546	0.03094887	0.00084592	0.00353375	0.00000007	0.01819284	0.00921931	0.04773039	0.12142807
GGB27929	N	 0.25822758	0.04948302	0.00000018	0.00000061	 0.18532580	 0.02691784	 0.05861265	 0.27022894	0.06925616	0.06958125	0.06696584	0.06995065	0.00062781	0.00087893	0.04031101	0.02341928	0.05430728	0.08629193	0.03426717	0.15840859	0.04567197	0.03869788	0.11149575
GGB28310	N	 0.18852404	0.04681312	0.00005669	0.00013853	 0.05214469	 0.05479247	-0.12815071	 0.21819997	0.07722284	0.07759206	0.07323534	0.07768505	0.00099228	0.00133855	0.10442408	0.03044310	0.00002988	0.00029768	0.00000003	0.15989154	0.06127369	0.07211105	0.14291566
GGB28330	N	-0.07440256	0.04427419	0.09286472	0.12462156	-0.23046933	-0.44554799	-0.33010689	-0.40873731	0.07948231	0.07991896	0.07712084	0.08044476	0.00000001	0.00000001	0.06876160	0.02739571	0.00441359	0.01229161	0.02051838	0.07439294	0.04908027	0.03647615	0.09136682
GGB28356	N	-0.22188632	0.02305241	0.00000000	0.00000000	 0.24662832	 0.22574804	 0.28815213	 0.57266162	0.06690045	0.06764345	0.06558057	0.06830315	0.00000000	0.00000000	0.07714996	0.03778903	0.02533063	0.04895995	0.00578721	0.00518024	0.00000005	0.00586286	0.28298205
GGB28381	N	 0.02314316	0.04275451	0.58996431	0.63666982	 0.13974895	 0.19776952	 0.21059319	 0.66626765	0.08284641	0.08363098	0.07934468	0.08354756	0.00000000	0.00000000	0.10006258	0.03124358	0.00066279	0.00290954	0.03624299	0.06055240	0.07824440	0.05505532	0.09664179
GGB28382	N	-0.14741503	0.02422109	0.00000000	0.00000001	 0.09857469	-0.12460652	 0.12370192	 0.28463827	0.07356482	0.07468110	0.07166826	0.07486582	0.00003346	0.00005416	0.07973909	0.03735274	0.01272257	0.02865343	0.00000006	0.00431938	0.02103082	0.01591374	0.29449695
GGB28392	N	-0.15136654	0.02764055	0.00000004	0.00000016	-0.08803312	-0.30905986	 0.21276528	 0.35408208	0.07853988	0.07926659	0.07644735	0.07965508	0.00000000	0.00000000	0.06102996	0.03188241	0.04019276	0.06945322	0.00000007	0.00775081	0.04707156	0.02749771	0.16073681
GGB28394	N	 0.11075204	0.02637217	0.00002669	0.00006778	-0.04809247	 0.14134834	 0.36642941	 0.81291708	0.09342055	0.09506151	0.08808831	0.09353885	0.00000000	0.00000000	0.04336403	0.02073996	0.01412229	0.03117593	0.02888568	0.00000022	0.19717490	0.07406778	0.04891359
GGB28396	N	 0.00826062	0.02949620	0.77954602	0.80120007	-0.33570557	-0.51692681	 0.18360663	 0.28232179	0.08474652	0.08742851	0.08135545	0.08553516	0.00000000	0.00000000	0.03297097	0.02692002	0.22092103	0.29193136	0.06652220	0.01351795	0.13752922	0.02972693	0.15185876
GGB28404	N	-0.10139429	0.02990548	0.00069596	0.00147749	-0.36528077	-1.18219385	-0.31631570	-0.54147782	0.07317525	0.07450907	0.07062345	0.07412659	0.00000000	0.00000000	0.11629194	0.03650945	0.00027086	0.00163144	0.01721484	0.02292385	0.06144424	0.03052568	0.18996583
GGB28411	N	 0.07167433	0.02933405	0.01455128	0.02415886	-0.08897768	-0.31396844	-0.00683709	 0.07152130	0.08731117	0.08749510	0.08368270	0.08804086	0.00080611	0.00110666	0.07903567	0.03091168	0.00314033	0.00913870	0.00000006	0.00308941	0.06759591	0.07100838	0.14140777
GGB28418	N	-0.13109267	0.02822625	0.00000343	0.00000965	-0.00966335	-0.32762138	-0.11496359	-0.06011410	0.07962311	0.08173202	0.07692768	0.08062550	0.00106846	0.00143383	0.03195765	0.03277843	0.29687616	0.36966792	0.01764290	0.01216662	0.07081534	0.02249885	0.29150630
GGB28420	N	-0.03986415	0.03079333	0.19532356	0.23975735	-0.02290087	 0.13338117	 0.15218680	 0.42367590	0.08326707	0.08551437	0.08068166	0.08450977	0.00000399	0.00000703	0.10991552	0.03465825	0.00024043	0.00148265	0.00000006	0.01743482	0.08638903	0.02216626	0.15716963
GGB28422	N	-0.04109395	0.02552318	0.10760826	0.14076029	 0.03156485	 0.00672721	-0.16115964	-0.27539758	0.08185276	0.08306454	0.07958788	0.08300258	0.00204316	0.00263273	0.04241172	0.03042758	0.13222553	0.18920670	0.00000007	0.00239170	0.06069677	0.02558631	0.18757022
GGB28430	N	-0.18712280	0.02641746	0.00000000	0.00000000	 0.11214448	-0.03821049	 0.06195445	 0.09193285	0.07279962	0.07466582	0.07122174	0.07425818	0.31018689	0.31505257	0.06779884	0.03448311	0.02236141	0.04455081	0.00005944	0.01277985	0.03266306	0.00676193	0.27652946
GGB28431	N	-0.19186356	0.02131741	0.00000000	0.00000000	 0.01833420	-0.13842727	-0.08076146	 0.02296348	0.07080405	0.07191353	0.06907572	0.07218048	0.17864789	0.18808863	0.08343608	0.03992297	0.02141399	0.04299398	0.00079820	0.00076722	0.01386929	0.01293833	0.31123395
GGB28433	N	 0.16965532	0.03339557	0.00000038	0.00000122	 0.21368183	 0.26224760	 0.13879558	 0.34763818	0.09251949	0.09411611	0.08788465	0.09276626	0.00227437	0.00288756	0.00000005	0.00000000	0.99705683	1.00000000	0.07777174	0.01661075	0.16217187	0.06114698	0.06112197
GGB28436	N	-0.10465775	0.04119869	0.01107652	0.01892699	 0.01140962	 0.21639440	 0.47824242	 0.83757736	0.07801327	0.07882910	0.07583447	0.07916557	0.00000000	0.00000000	0.12065207	0.02977406	0.00000120	0.00002592	0.02429401	0.05968568	0.05445820	0.02922421	0.05768110
GGB28437	N	-0.07369403	0.02986891	0.01347237	0.02265808	-0.10882280	 0.10572334	 0.15145074	 0.15885653	0.08319494	0.08342851	0.08084852	0.08418644	0.01177489	0.01355421	0.05256945	0.02731773	0.04152931	0.07076376	0.00046283	0.00740237	0.05607433	0.04074665	0.07882111
GGB28439	N	-0.08467529	0.03651853	0.02040394	0.03262111	-0.16901602	-0.12775834	-0.11927633	 0.10888950	0.07764082	0.07761623	0.07530325	0.07858032	0.00390488	0.00486233	0.04907153	0.03159033	0.10224704	0.15307504	0.00310582	0.03683751	0.02513807	0.03922996	0.19115011
GGB28456	N	-0.18964649	0.02188142	0.00000000	0.00000000	-0.09705932	-0.37162174	-0.00413088	 0.13431390	0.07114634	0.07176590	0.06950901	0.07260072	0.00000001	0.00000002	0.13096703	0.03620239	0.00001617	0.00019033	0.01582882	0.00000007	0.01945445	0.01769850	0.16997576
GGB28632	N	-0.03947665	0.02837111	0.16399464	0.20519136	 0.03412456	 0.08418442	 0.27209344	 0.07668155	0.07470006	0.07424489	0.07277043	0.07587579	0.00425096	0.00525212	0.09917161	0.03168149	0.00029863	0.00172408	0.00000007	0.00569876	0.01438145	0.03466365	0.11225341
GGB28645	N	 0.01689481	0.02997553	0.57263108	0.62578671	-0.15977710	-0.32952002	 0.07054810	 0.42375495	0.09428721	0.09680411	0.08935182	0.09454946	0.00000000	0.00000000	0.00000032	0.02079657	0.99896184	1.00000000	0.04560606	0.00830922	0.19292938	0.05136806	0.12289534
GGB28763	N	-0.25472276	0.02255031	0.00000000	0.00000000	-0.16655625	-0.13652692	-0.01015498	 0.03758816	0.07510722	0.07584606	0.07368309	0.07635138	0.05192864	0.05797206	0.03373680	0.02358742	0.11917945	0.17439252	0.02972077	0.00000008	0.05213190	0.01571218	0.06143009
GGB28766	N	 0.10982797	0.02784748	0.00007784	0.00018842	 0.18903579	 0.19843715	 0.06591872	-0.09011634	0.07015461	0.06911856	0.06815433	0.07105727	0.00014724	0.00022171	0.06869722	0.02674652	0.00343819	0.00989436	0.02212420	0.00351231	0.00589270	0.04165492	0.07431098
GGB28769	N	-0.07602855	0.02677148	0.00451285	0.00834877	-0.24555176	-0.42494868	-0.47836107	-0.88690563	0.06408811	0.06321082	0.06240683	0.06492667	0.00000000	0.00000000	0.06281397	0.02599907	0.00632121	0.01670606	0.05236156	0.00670120	0.00511300	0.03246080	0.06328723
GGB28776	N	-0.07196798	0.03220891	0.02546476	0.03973116	-0.17321030	-0.35815716	-0.38094428	-0.55953776	0.06774387	0.06665067	0.06582923	0.06820741	0.00000000	0.00000000	0.00000006	0.01973779	0.99204635	1.00000000	0.01829230	0.01886945	0.00823648	0.03856593	0.09397829
GGB28778	N	-0.13702306	0.02568864	0.00000010	0.00000033	 0.00321306	-0.06743763	-0.12985505	-0.48922797	0.07550356	0.07516694	0.07370987	0.07651969	0.00000000	0.00000000	0.05735588	0.02543331	0.01186694	0.02734208	0.01200649	0.00092494	0.03425448	0.03383766	0.03532733
GGB28782	N	-0.07636801	0.02335649	0.00107136	0.00220223	-0.13469370	-0.31361356	-0.14573960	-0.40002015	0.07279166	0.07364324	0.07186973	0.07414737	0.00000025	0.00000048	0.02423749	0.02375680	0.28336172	0.36311726	0.00206377	0.00339809	0.03854959	0.00241565	0.07482645
GGB28784	N	-0.08820270	0.02674398	0.00097208	0.00201415	-0.10658505	-0.20430957	-0.05671694	-0.08020639	0.07049114	0.07004352	0.06902366	0.07137615	0.06459020	0.07088501	0.01264941	0.02522534	0.61315673	0.68747876	0.01488682	0.00594978	0.00938695	0.01755361	0.14006016
GGB28790	N	-0.04022142	0.03621733	0.26663054	0.31677665	-0.14919011	-0.35677774	-0.21631819	-0.27589823	0.07720839	0.07641675	0.07492549	0.07783754	0.00003212	0.00005232	0.01227417	0.02213420	0.57276387	0.64840128	0.00550126	0.02742214	0.02728412	0.05240837	0.08497687
GGB28791	N	-0.01295992	0.02570531	0.61427253	0.66015181	-0.25938264	-0.64905169	-0.61989365	-1.05774649	0.07380929	0.07484749	0.07235671	0.07498252	0.00000000	0.00000000	0.03241269	0.02541448	0.17219745	0.23619164	0.00439316	0.00869582	0.05731893	0.01417018	0.09712832
GGB28792	N	-0.07843405	0.02365729	0.00091605	0.00192891	-0.24427548	-0.00798712	-0.33310729	-0.46277444	0.07573113	0.07606530	0.07416590	0.07698892	0.00000000	0.00000000	0.06458683	0.02853107	0.01603289	0.03403704	0.01505619	0.00000008	0.03929614	0.02088958	0.06808300
GGB28793	N	-0.00766342	0.02430487	0.75253881	0.77652411	-0.07714732	-0.44221091	-0.17171940	-0.19056177	0.08529876	0.08710867	0.08268435	0.08642504	0.00001473	0.00002461	0.04716729	0.02525166	0.04184151	0.07082975	0.03991306	0.00000007	0.10570961	0.02941861	0.08375769
GGB28798	N	-0.11935334	0.02395220	0.00000063	0.00000202	-0.14617271	-0.13817745	-0.04889371	-0.02339996	0.07136561	0.07126301	0.06998556	0.07270766	0.15666101	0.16561307	0.09440872	0.03286439	0.00232896	0.00726749	0.00305952	0.00112559	0.01373310	0.01653291	0.09934900
GGB28802	N	-0.30542192	0.02836356	0.00000000	0.00000000	-0.24010137	-0.72330378	-0.11175514	-0.48901535	0.07168205	0.07316550	0.06995492	0.07281831	0.00000000	0.00000000	0.03318747	0.03155214	0.28600741	0.36311726	0.00000007	0.02301085	0.05432960	0.01453732	0.21195264
GGB28804	N	 0.36817629	0.07564521	0.00000128	0.00000382	 0.05327002	 0.33269620	 0.04260766	 0.10929463	0.07589764	0.07544084	0.07062549	0.07543352	0.00013831	0.00021073	0.00000011	0.00000002	1.00000000	1.00000000	0.20876288	0.26038125	0.07285004	0.12031002	0.00000010
GGB28807	N	-0.20517054	0.03272489	0.00000000	0.00000000	 0.04026844	-0.31310222	-0.27187462	-0.70620546	0.07099264	0.07064764	0.06911107	0.07190592	0.00000000	0.00000000	0.07380073	0.02604067	0.00127639	0.00472262	0.06542213	0.02141285	0.02823502	0.03820971	0.04218843
GGB28815	N	 0.15087951	0.04162272	0.00027550	0.00062048	-0.07024269	 0.07996840	 0.39047622	 1.08051239	0.07655710	0.07580295	0.07308158	0.07674664	0.00000000	0.00000000	0.01412974	0.01495910	0.29338930	0.36966792	0.04175276	0.05757590	0.06670537	0.12849656	0.00677610
GGB28818	N	-0.04594885	0.04017524	0.25257579	0.30285708	-0.20804459	-0.24600764	-0.01321139	 0.16281976	0.08002019	0.07957020	0.07743197	0.08078101	0.00000508	0.00000885	0.03792711	0.02588518	0.12320065	0.17926387	0.01132214	0.04283603	0.03412340	0.05732235	0.10882961
GGB28828	N	-0.08231080	0.02554034	0.00127388	0.00259791	-0.03622661	-0.74300499	-0.28190541	-0.62996979	0.07588671	0.07602126	0.07372409	0.07681196	0.00000000	0.00000000	0.03839167	0.02996930	0.18690108	0.25212177	0.00329630	0.00267539	0.04013222	0.03742166	0.15897054
GGB28829	N	-0.11973651	0.03907298	0.00218410	0.00419024	 0.14045965	 0.05403947	 0.18244845	 0.12547198	0.07960286	0.07898685	0.07686430	0.08041398	0.13930923	0.14848186	0.07852332	0.02669550	0.00103207	0.00410171	0.02577027	0.03247242	0.03770255	0.07174198	0.04139366
GGB28836	N	-0.09052636	0.02545593	0.00037356	0.00081994	 0.02832357	-0.03799381	 0.01375788	 0.17832378	0.07273109	0.07315164	0.07099600	0.07414908	0.08465664	0.09135863	0.12849042	0.03966700	0.00040600	0.00202219	0.00000006	0.00480134	0.01033379	0.01855953	0.20931713
GGB28841	N	-0.02589486	0.03208478	0.41769194	0.48019340	 0.18080452	 0.11934976	 0.31611847	 0.47421607	0.07775414	0.07714632	0.07542645	0.07859794	0.00000002	0.00000004	0.05351377	0.02522689	0.01192917	0.02734208	0.01231578	0.01185383	0.02901286	0.05308108	0.08110258
GGB28844	N	-0.07491924	0.03351435	0.02539129	0.03973116	-0.10701418	-0.13976246	 0.04642990	 0.31842932	0.07487097	0.07373731	0.07247707	0.07537806	0.00000003	0.00000005	0.00559409	0.02079151	0.77937061	0.86263670	0.01637064	0.01434661	0.01729815	0.05929046	0.09651883
GGB28846	N	-0.04269154	0.02954794	0.14894719	0.19003607	-0.04329371	 0.15353741	-0.27365192	-0.40365156	0.07487383	0.07434000	0.07297330	0.07568288	0.00000000	0.00000000	0.03218485	0.02252469	0.11391464	0.16859366	0.02307040	0.00837499	0.02889374	0.03768773	0.05632740
GGB28849	N	 0.02511765	0.02913618	0.38879734	0.45156283	-0.08927358	-0.04470938	-0.14924518	-0.57681042	0.07752231	0.07787206	0.07564021	0.07858907	0.00000000	0.00000000	0.06220166	0.02587568	0.00509895	0.01404923	0.04498506	0.00974256	0.04685675	0.02818172	0.05904493
GGB28851	N	-0.20182283	0.02517305	0.00000000	0.00000000	-0.12311683	-0.42333787	-0.34816223	-0.92088651	0.06852445	0.06832009	0.06689194	0.06953771	0.00000000	0.00000000	0.07785765	0.02848358	0.00175397	0.00605706	0.00505012	0.00520145	0.02651368	0.03078698	0.07694191
GGB28853	N	-0.04805548	0.03058630	0.11611178	0.15036475	-0.25639254	-0.26213154	-0.27610882	-0.39093268	0.07709226	0.07725359	0.07542553	0.07816831	0.00000392	0.00000696	0.05213456	0.02685096	0.04469680	0.07420814	0.00849506	0.01388796	0.03919445	0.02415915	0.05889708
GGB28854	N	 0.09131289	0.02561753	0.00035411	0.00078389	-0.02871140	-0.01456189	-0.02047213	-0.12028346	0.08507779	0.08648220	0.08190706	0.08593670	0.71267077	0.71821685	0.04956116	0.02674519	0.04362224	0.07309033	0.10097391	0.00119390	0.09002025	0.03848571	0.12791791
GGB28859	N	-0.08314255	0.04083627	0.04175766	0.06110301	-0.49486896	-0.67855399	 0.12826319	 0.19733371	0.08939344	0.09102191	0.08551680	0.08998320	0.00000000	0.00000000	0.05274488	0.02120113	0.00295058	0.00878390	0.02185648	0.05159565	0.14129514	0.05078001	0.02990638
GGB28862	N	-0.12259020	0.03884063	0.00159718	0.00318207	 0.09051102	-0.21180602	 0.07794688	 0.21658143	0.08373327	0.08369318	0.08105349	0.08453149	0.00011193	0.00017256	0.05637482	0.02264866	0.00685827	0.01776292	0.01885532	0.03518451	0.06519029	0.05679602	0.00451479
GGB28864	N	 0.26794168	0.07170712	0.00021332	0.00048893	 0.05904456	-0.09440490	 0.23053055	 0.43794636	0.06455275	0.06395180	0.06076357	0.06437324	0.00000000	0.00000000	0.00000004	0.00000001	1.00000000	1.00000000	0.13995669	0.33068316	0.05336629	0.11395567	0.00000013
GGB28866	N	-0.20011768	0.02738929	0.00000000	0.00000000	-0.14481721	-0.29357510	-0.06427661	-0.01961570	0.06819609	0.06765243	0.06654819	0.06926738	0.00016775	0.00025114	0.07200733	0.03262884	0.01734570	0.03623013	0.00000007	0.00895627	0.00000005	0.02448412	0.16967222
GGB28869	N	-0.12315816	0.02829127	0.00001342	0.00003546	-0.06495691	-0.15149041	-0.14739716	-0.25617530	0.07197313	0.07153673	0.07054620	0.07283385	0.00680153	0.00815553	0.02374245	0.02204409	0.24543513	0.31882524	0.00009358	0.00982336	0.02377497	0.02113109	0.05052010
GGB28870	N	 0.01230282	0.03579004	0.73154254	0.75787807	 0.05428084	 0.24843974	 0.27826244	 0.51637637	0.08978662	0.08940428	0.08579230	0.09030082	0.00000003	0.00000006	0.06291117	0.02522169	0.00855630	0.02071104	0.02718514	0.01365946	0.07439865	0.10384588	0.04029052
GGB28875	N	-0.18765555	0.02638884	0.00000000	0.00000000	 0.29804045	 0.38494046	 0.15965331	 0.16250356	0.07673129	0.07595452	0.07464249	0.07740084	0.00000509	0.00000885	0.00361273	0.02013524	0.85732286	0.94087551	0.00861816	0.00000009	0.03290685	0.04528604	0.06035298
GGB28879	N	-0.06125256	0.02598306	0.01839642	0.02959424	-0.09567802	-0.00826025	-0.12623828	 0.08441952	0.07214122	0.07202000	0.07063902	0.07321888	0.05656836	0.06261199	0.03016405	0.02966502	0.29680031	0.36966792	0.00715680	0.00475890	0.00967782	0.01594072	0.18200220
GGB28881	N	 0.11255139	0.02604636	0.00001546	0.00004044	-0.17390581	-0.20508872	-0.17761480	-0.27687889	0.07654036	0.07602184	0.07440387	0.07748657	0.00425848	0.00525212	0.05380036	0.02743872	0.03867892	0.06859299	0.03818160	0.00000026	0.02871101	0.04386104	0.07681702
GGB28883	N	-0.10997200	0.02792179	0.00008207	0.00019682	 0.04945843	 0.18817993	-0.05594475	-0.27548900	0.07069958	0.07024948	0.06919909	0.07160671	0.00000015	0.00000029	0.02642797	0.02583151	0.28478312	0.36311726	0.00408396	0.00902549	0.01219328	0.02024410	0.12227145
GGB28887	N	 0.16191540	0.02897002	0.00000002	0.00000009	-0.15135607	-0.21470678	 0.13590916	 0.26653901	0.08164797	0.08255555	0.07898164	0.08248492	0.00000025	0.00000047	0.04319040	0.02232198	0.04374132	0.07309033	0.14228230	0.00884130	0.08252620	0.03749762	0.03847341
GGB28888	N	 0.18452461	0.02996585	0.00000000	0.00000000	-0.14506067	-0.36481950	-0.35162401	-0.57812359	0.07231177	0.07215244	0.07054179	0.07331746	0.00000000	0.00000000	0.05014173	0.02860105	0.04504597	0.07431150	0.01849964	0.01376949	0.01571543	0.02640091	0.15732776
GGB28889	N	-0.13382923	0.03282689	0.00004591	0.00011324	 0.13548645	 0.14732312	 0.19429532	 0.28373543	0.08079565	0.08074436	0.07862514	0.08165718	0.00907432	0.01058670	0.02101759	0.02245113	0.29682017	0.36966792	0.00000008	0.01794936	0.04457016	0.03858073	0.09797677
GGB28892	N	-0.01205128	0.02858595	0.67335732	0.71279727	 0.13976174	 0.34451612	 0.41367885	 0.91180774	0.08226902	0.08363541	0.07994250	0.08328009	0.00000000	0.00000000	0.03073485	0.02484957	0.21829734	0.28994365	0.03959595	0.00967524	0.08885297	0.02814080	0.08081915
GGB28893	N	-0.04347515	0.02478675	0.07911447	0.10899281	-0.07736376	-0.31046703	 0.15246376	 0.05070223	0.08752998	0.09096140	0.08449053	0.08865113	0.00035656	0.00051881	0.03202419	0.02305554	0.11457469	0.16860708	0.03783609	0.00259718	0.16789705	0.02317849	0.11088573
GGB28894	N	 0.38572386	0.05451354	0.00000000	0.00000000	 0.08905346	 0.24702960	-0.08956780	 0.10567106	0.08063636	0.08009138	0.07535569	0.08024856	0.00194335	0.00251664	0.00000005	0.00000001	0.99356723	1.00000000	0.20589238	0.10930343	0.08757029	0.14900238	0.00000006
GGB28895	N	-0.30522343	0.02145284	0.00000000	0.00000000	-0.18119658	-0.37932974	 0.05268473	 0.08528475	0.07605272	0.07778024	0.07439912	0.07738174	0.00000013	0.00000025	0.01701417	0.02776562	0.54400094	0.62900108	0.00997952	0.00000007	0.06995027	0.01326260	0.16277754
GGB28898	N	-0.09549047	0.02518636	0.00015018	0.00035041	 0.03139835	-0.14268090	 0.01507948	-0.06894490	0.07344805	0.07277030	0.07173476	0.07422625	0.15546158	0.16501864	0.00000047	0.00000001	1.00000000	1.00000000	0.00000008	0.00064654	0.01730217	0.02677968	0.12328713
GGB28901	N	-0.17254996	0.02330037	0.00000000	0.00000000	 0.02501945	-0.17595691	 0.13605480	 0.42482448	0.07363850	0.07446167	0.07210661	0.07489982	0.00000000	0.00000000	0.02895645	0.03191364	0.36092509	0.44094150	0.01182319	0.00205784	0.02552733	0.01213838	0.22516833
GGB28904	N	-0.08681553	0.03330525	0.00914647	0.01611522	-0.11485771	-0.11206643	-0.30974238	-0.43780884	0.07358121	0.07322367	0.07165822	0.07463553	0.00000001	0.00000003	0.08648026	0.02899304	0.00038111	0.00200907	0.01171504	0.02167433	0.01999331	0.03592408	0.08992600
GGB28909	N	-0.17041329	0.02766624	0.00000000	0.00000000	 0.42675903	 0.66552675	 0.50968994	 0.84683196	0.08201719	0.08288963	0.07950612	0.08290302	0.00000000	0.00000000	0.02538413	0.02339835	0.24619710	0.31882524	0.05518620	0.00587724	0.07714620	0.03623865	0.09550140
GGB28912	N	 0.50037505	0.08785065	0.00000001	0.00000005	 0.07577958	 0.04135857	 0.10431976	 0.15645296	0.05141991	0.05046198	0.04832960	0.05115301	0.02920023	0.03288200	0.00000002	0.00000000	1.00000000	1.00000000	0.24654478	0.38057590	0.01669277	0.14154758	0.00000002
GGB28916	N	-0.19251448	0.03379385	0.00000001	0.00000005	 0.16919744	 0.46098470	 0.33877182	 0.40909624	0.07361536	0.07357785	0.07220993	0.07463880	0.00000000	0.00000000	0.04861544	0.02470812	0.04145977	0.07076376	0.00557047	0.02992971	0.03123951	0.01906918	0.03128464
GGB28924	N	 0.02246681	0.03815521	0.55570244	0.60985988	-0.18889118	-0.34700698	-0.09815303	 0.13327810	0.08390829	0.08507517	0.08114112	0.08478740	0.00000320	0.00000572	0.05897058	0.02394956	0.00725148	0.01841308	0.06333129	0.03753799	0.09276052	0.03724063	0.03386708
GGB28926	N	-0.21623148	0.03037533	0.00000000	0.00000000	-0.27344785	-0.48432860	-0.30963573	-0.59522611	0.07084708	0.07120554	0.06937206	0.07180588	0.00000000	0.00000000	0.01730646	0.02616974	0.51132767	0.60197212	0.00631113	0.02435709	0.03282280	0.01721138	0.13699816
GGB28927	N	-0.16120977	0.02627773	0.00000000	0.00000000	-0.11757938	-0.21734547	-0.32512914	-0.48668797	0.06461643	0.06391581	0.06329037	0.06562785	0.00000000	0.00000000	0.06643646	0.02775796	0.00746604	0.01877384	0.00656858	0.00725167	0.00000008	0.01631042	0.08565415
GGB28932	N	-0.28280117	0.02920492	0.00000000	0.00000000	 0.38495408	 0.39522874	 0.12314141	 0.18420509	0.09402173	0.09531101	0.08917672	0.09430691	0.00005770	0.00009112	0.03721524	0.02136452	0.06105168	0.09412134	0.03604848	0.00383427	0.16148768	0.07318800	0.04502826
GGB28933	N	-0.14354638	0.02936674	0.00000102	0.00000311	-0.18508870	-0.50871521	-0.31211270	-0.40042645	0.07841354	0.07921736	0.07553661	0.07940697	0.00000000	0.00000000	0.13514555	0.03763581	0.00003943	0.00036476	0.02882096	0.01146820	0.04943330	0.04119424	0.17147101
GGB28934	N	-0.04199761	0.02944386	0.15381532	0.19528513	-0.09379423	-0.18426691	-0.12524113	-0.37556070	0.07409374	0.07304925	0.07202522	0.07471289	0.00001818	0.00002980	0.01386344	0.02324931	0.56785225	0.64790191	0.00000009	0.00605756	0.01880029	0.04563833	0.07266867
GGB28944	N	 0.01563123	0.02828019	0.58057872	0.62916271	 0.13413608	 0.06761613	 0.44724615	 0.89526842	0.08502245	0.08739679	0.08153119	0.08578531	0.00000000	0.00000000	0.06354281	0.02602585	0.00667194	0.01745487	0.09161454	0.00954081	0.13720824	0.03414100	0.09126018
GGB28946	N	-0.04478486	0.02688578	0.09574666	0.12717120	-0.43969915	-0.59952945	-0.44489393	-0.77122377	0.07053267	0.07202554	0.06892213	0.07197275	0.00000000	0.00000000	0.15112241	0.03899985	0.00001186	0.00015353	0.03267504	0.01312481	0.03460340	0.01117584	0.16267447
GGB28948	N	-0.02345018	0.02913039	0.42086449	0.48019340	-0.35445201	-0.61854332	-0.75415982	-1.18351404	0.06843144	0.06834341	0.06669773	0.06938882	0.00000000	0.00000000	0.08542411	0.02606548	0.00003777	0.00036231	0.05332826	0.01615699	0.03386011	0.03377169	0.04116253
GGB28949	N	-0.06009786	0.02357800	0.01076926	0.01871973	-0.15101150	-0.28997220	-0.28281747	-0.66796674	0.07231077	0.07287837	0.07116581	0.07368672	0.00000000	0.00000000	0.07709554	0.02613849	0.00023800	0.00148265	0.01387635	0.00250304	0.03673576	0.01005355	0.04070529
GGB28950	N	 0.13977426	0.04466198	0.00180007	0.00350540	 0.21462558	 0.23383220	 0.51671101	 1.16405856	0.07188224	0.07150402	0.06881531	0.07217804	0.00000000	0.00000000	0.01960883	0.01583152	0.16555185	0.22929374	0.03579925	0.10751043	0.06989272	0.09484564	0.01360783
GGB28951	N	-0.23178043	0.02754931	0.00000000	0.00000000	-0.24780105	-0.59419970	-0.28157071	-0.52283215	0.07160848	0.07139029	0.06995027	0.07258030	0.00000000	0.00000000	0.05871295	0.02645965	0.01421822	0.03117593	0.00000008	0.00920474	0.03102054	0.03049656	0.06330434
GGB28954	N	-0.03273131	0.03322973	0.32440600	0.38018621	-0.44476428	-0.84531426	-0.36683761	-0.24909482	0.07548085	0.07693947	0.07377934	0.07661804	0.00000000	0.00000000	0.00556968	0.02838233	0.85611929	0.94087551	0.01075632	0.03368813	0.05142486	0.01245438	0.20447276
GGB28955	N	-0.08971493	0.04528799	0.04746016	0.06867140	-0.07735729	-0.18611994	 0.06522659	-0.02213236	0.08164519	0.08185205	0.07873334	0.08224690	0.07121644	0.07782725	0.01390683	0.02180669	0.52920234	0.61463411	0.04960134	0.06997363	0.06384873	0.05361635	0.09344811
GGB28956	N	-0.10328321	0.02334204	0.00000965	0.00002603	-0.13411518	-0.11914659	-0.37030152	-0.65709855	0.06962552	0.06968992	0.06828750	0.07086157	0.00000000	0.00000000	0.07979667	0.02646697	0.00010321	0.00075639	0.03282141	0.00161435	0.02337397	0.01703783	0.06892430
GGB28957	N	 0.41229677	0.04854316	0.00000000	0.00000000	-0.35896848	-0.52397623	-0.04259562	-0.34173276	0.08545734	0.08450508	0.07888998	0.08468136	0.00000000	0.00000000	0.00000019	0.00000002	1.00000000	1.00000000	0.13421476	0.06560129	0.09472845	0.26669360	0.00000024
GGB28958	N	 0.00112053	0.02826265	0.96855489	0.96855489	-0.05977688	-0.01950945	-0.09467504	-0.17996184	0.07711232	0.07737795	0.07548847	0.07814706	0.19559217	0.20344727	0.02640611	0.02545420	0.32335596	0.40071385	0.04195815	0.00767894	0.03937872	0.02084983	0.07859774
GGB28960	N	-0.14860538	0.02844102	0.00000017	0.00000059	-0.31020837	-0.63366271	-0.33161232	-0.59529657	0.07198820	0.07222404	0.07005951	0.07308098	0.00000000	0.00000000	0.08853793	0.03428103	0.00423075	0.01191048	0.01295970	0.01257449	0.02507443	0.02929964	0.16510224
GGB28961	N	-0.03612682	0.02730224	0.18575107	0.22909298	-0.04504980	-0.21151304	-0.04259807	 0.12893412	0.07428559	0.07542617	0.07245719	0.07559414	0.00255854	0.00323249	0.11043763	0.03301294	0.00007313	0.00057394	0.08667664	0.00954133	0.03732634	0.01682045	0.14050119
GGB28963	N	-0.06112317	0.02794354	0.02872532	0.04428487	-0.17558603	-0.43798768	-0.35936285	-0.57219957	0.06961986	0.06944119	0.06806097	0.07054768	0.00000000	0.00000000	0.01963406	0.02848124	0.48743935	0.57646937	0.01741634	0.01108246	0.00990900	0.01908505	0.18797488
GGB28967	N	-0.08715211	0.02334257	0.00018874	0.00043646	-0.20062583	-0.24284675	-0.45801813	-0.80717732	0.07371063	0.07383401	0.07210290	0.07474797	0.00000000	0.00000000	0.03957691	0.02231283	0.04810220	0.07835516	0.05066929	0.00000008	0.04686698	0.02599428	0.02408162
GGB28980	N	-0.06348668	0.02689306	0.01823948	0.02952517	-0.40478305	-0.62647793	-0.46111662	-0.67143645	0.07316332	0.07332742	0.07134402	0.07421058	0.00000000	0.00000000	0.05184931	0.02837376	0.02815598	0.05246330	0.01391576	0.00723674	0.02530425	0.02612522	0.16765629
GGB28981	N	-0.13382910	0.03189160	0.00002712	0.00006818	-0.41561376	-0.77093691	-0.54761301	-1.00951283	0.07312496	0.07382025	0.07095477	0.07416726	0.00000000	0.00000000	0.11510472	0.03200019	0.00001011	0.00013778	0.01085195	0.02844565	0.05137777	0.03322551	0.10829931
GGB28988	N	-0.07478088	0.02597041	0.00397982	0.00741563	 0.05934724	 0.20408654	-0.01603146	-0.00640734	0.07995218	0.08164324	0.07835279	0.08142476	0.09561545	0.10275686	0.07012912	0.03037067	0.01204151	0.02735748	0.01340886	0.00552043	0.06352729	0.01146213	0.10134076
GGB28989	N	-0.18966405	0.02599357	0.00000000	0.00000000	 0.07734439	 0.13790833	-0.10729601	-0.44241202	0.08964572	0.09088953	0.08409029	0.08955039	0.00000001	0.00000002	0.01065413	0.02189138	0.61013313	0.68706296	0.08847191	0.00033061	0.15225060	0.07670618	0.16610174
GGB28991	N	 0.12108394	0.03501742	0.00054355	0.00117316	-0.07642227	-0.08711833	 0.20703791	 0.54502976	0.09174461	0.09322191	0.08470684	0.09105175	0.00000000	0.00000000	0.00000007	0.00000000	1.00000000	1.00000000	0.07840906	0.02376195	0.18861679	0.08751590	0.17429519
GGB29001	N	 0.30115711	0.04082705	0.00000000	0.00000000	 0.17618584	-0.00406782	 0.08677937	 0.18422246	0.08220715	0.08249912	0.07601376	0.08159434	0.06180317	0.06811498	0.00180074	0.01105276	0.86792692	0.94849398	0.22579080	0.05249033	0.13829736	0.11448384	0.03656635
GGB29002	N	-0.06641709	0.02510842	0.00816464	0.01458374	-0.38814572	-0.47390501	-0.37360980	-0.41509636	0.08685608	0.08842136	0.08342858	0.08768960	0.00000000	0.00000001	0.06591689	0.02691166	0.00203632	0.00659257	0.03613731	0.00000006	0.11138917	0.04391660	0.11487777
GGB29003	N	-0.16252357	0.02392344	0.00000000	0.00000000	 0.00874209	-0.12928675	-0.11037409	-0.48727695	0.06858842	0.06788241	0.06703102	0.06951099	0.00000000	0.00000000	0.03992565	0.02431511	0.06907455	0.10585981	0.02460269	0.00014762	0.01204516	0.02603096	0.07190407
GGB29004	N	-0.09454238	0.03229114	0.00341560	0.00641043	-0.22996654	-0.27969042	 0.04607404	-0.04953547	0.08251289	0.08265569	0.07994209	0.08343950	0.00043096	0.00062011	0.05978870	0.02776254	0.01574687	0.03370610	0.00805220	0.01370672	0.05054513	0.04695850	0.10656279
GGB29005	N	-0.06437535	0.02816422	0.02227725	0.03518176	-0.02420966	-0.40395804	-0.23297503	-0.69474348	0.08258872	0.08248241	0.07992674	0.08338493	0.00000000	0.00000000	0.04154946	0.02393562	0.05176755	0.08327824	0.00000008	0.00273995	0.06232490	0.05765859	0.06286107
GGB29011	N	-0.12953749	0.02805830	0.00000391	0.00001076	 0.24644676	 0.51831956	 0.08539704	 0.16169770	0.07296344	0.07246096	0.07133738	0.07372154	0.00000000	0.00000000	0.00000052	0.00000001	1.00000000	1.00000000	0.00490878	0.00759148	0.02046609	0.02450999	0.10830120
GGB29531	N	-0.12535161	0.02959632	0.00002280	0.00005905	-0.04794538	-0.24391570	-0.23436459	-0.36053227	0.07058632	0.06954931	0.06867907	0.07108100	0.00000041	0.00000077	0.00000003	0.01841848	0.99941337	1.00000000	0.02299065	0.00869000	0.01642665	0.03914066	0.06002998
GGB29546	N	-0.08707824	0.03154930	0.00583683	0.01057160	-0.07284114	-0.68358226	-0.23976550	-0.44005616	0.08280231	0.08289676	0.07986058	0.08348096	0.00000000	0.00000000	0.03460492	0.02256429	0.07781830	0.11855846	0.03383603	0.01181290	0.06929327	0.06080621	0.07291275
GGB30141	N	-0.17633605	0.03142647	0.00000002	0.00000008	-0.16684033	-0.28174591	-0.14863556	-0.14386801	0.06881537	0.06837235	0.06727925	0.06968331	0.00125425	0.00165740	0.02650047	0.02802946	0.35106119	0.43092345	0.00188495	0.02562731	0.00748522	0.02071107	0.15251938
GGB30145	N	 0.01524262	0.03686150	0.67701980	0.71279727	-0.08795545	-0.12565685	-0.15628740	-0.44250953	0.08511834	0.08551656	0.08251521	0.08596654	0.00001283	0.00002186	0.04106622	0.02131717	0.02430026	0.04732156	0.01242711	0.02990654	0.07470877	0.04592238	0.03015843
GGB30295	N	 0.07760450	0.03035713	0.01058317	0.01852055	-0.05296496	-0.20397680	-0.29172875	-0.40634639	0.07311760	0.07337475	0.07157411	0.07422988	0.00000006	0.00000012	0.06340676	0.02528766	0.00228373	0.00721325	0.08135862	0.01485191	0.03033156	0.01908011	0.07191728
GGB30296	N	-0.05478334	0.02550404	0.03169350	0.04744864	-0.32044207	-0.44354700	-0.27800983	-0.45720708	0.07846700	0.08155270	0.07661125	0.08004117	0.00000000	0.00000000	0.11028922	0.02996772	0.00000327	0.00006046	0.06553000	0.00811592	0.10005421	0.00884041	0.08831522
GGB30297	N	-0.05101245	0.03605225	0.15698823	0.19834122	 0.10129193	 0.27049013	 0.04932473	 0.07719316	0.08255870	0.08245389	0.08014109	0.08351619	0.02399512	0.02713859	0.07289329	0.02554156	0.00099458	0.00408883	0.00977546	0.02410392	0.04978682	0.04857170	0.03353495
GGB30300	N	-0.15638664	0.02606596	0.00000000	0.00000001	-0.02737473	-0.11732393	 0.05723432	 0.51977295	0.07103769	0.07024451	0.06930762	0.07172032	0.00000000	0.00000000	0.00216295	0.01949477	0.90412482	0.98390053	0.02115592	0.00245822	0.01576492	0.03011995	0.09334027
GGB30301	N	-0.01901948	0.02751929	0.48946597	0.54642969	-0.08963606	-0.29385395	-0.39327469	-0.50783759	0.06933005	0.06851962	0.06756938	0.07026904	0.00000000	0.00000000	0.07137043	0.02534873	0.00075915	0.00322327	0.03279847	0.00500682	0.01241140	0.03459902	0.04206288
GGB30302	N	-0.17750557	0.02752738	0.00000000	0.00000000	-0.13946725	-0.34829688	-0.04602919	 0.22607648	0.07660213	0.07624538	0.07461027	0.07750699	0.00000000	0.00000000	0.04493408	0.02428266	0.03698513	0.06606310	0.01224383	0.00371146	0.03610917	0.03980379	0.05852378
GGB30303	N	-0.16050191	0.02687399	0.00000000	0.00000001	-0.15745990	-0.25379829	-0.34025422	-0.37744491	0.07186391	0.07117155	0.06993559	0.07269891	0.00000015	0.00000029	0.03208128	0.02743087	0.22238522	0.29237447	0.01130425	0.00367231	0.01317915	0.03699387	0.13393507
GGB30408	N	-0.20267601	0.02811834	0.00000000	0.00000000	-0.06734494	-0.21453716	-0.30863834	-0.19730341	0.06709673	0.06656609	0.06546789	0.06830456	0.00001593	0.00002627	0.11327228	0.03389477	0.00022859	0.00148010	0.00857498	0.01029162	0.00000025	0.02512587	0.12206932
GGB30413	N	-0.02293226	0.02489275	0.35666552	0.41610977	-0.10981484	-0.33889960	-0.00150206	-0.08439407	0.07855724	0.08136195	0.07672071	0.08019141	0.00080757	0.00110666	0.14639127	0.03480161	0.00000008	0.00000667	0.01094934	0.00627856	0.08252614	0.00950176	0.11985368
GGB30414	N	-0.04265493	0.03019610	0.15781907	0.19842300	-0.09809749	-0.29552609	-0.41173187	-0.38052217	0.07178832	0.07110685	0.07001884	0.07273409	0.00000000	0.00000000	0.06275436	0.02657958	0.00802581	0.01979700	0.01252762	0.01095632	0.01436611	0.03288428	0.06682534
GGB30449	N	-0.06541331	0.03021661	0.03039166	0.04605817	 0.15190351	 0.00320856	 0.09531266	 0.33191843	0.07640609	0.07669017	0.07441102	0.07747638	0.00021885	0.00032206	0.04557895	0.03258459	0.14201949	0.19990786	0.00000007	0.01499944	0.02333378	0.02598473	0.21679723
GGB30450	N	 0.09042744	0.02826515	0.00137428	0.00275921	-0.26015865	-0.49060866	-0.24371911	-0.38072251	0.08278919	0.08572212	0.08030770	0.08422012	0.00000002	0.00000003	0.18988670	0.03513212	0.00000000	0.00000013	0.02412595	0.01127026	0.11301416	0.01753405	0.04516166
GGB30451	N	-0.00626225	0.02907834	0.82948653	0.83920707	-0.19651389	-0.61915734	-0.42465873	-0.47864963	0.07586225	0.07614478	0.07403999	0.07695424	0.00000000	0.00000000	0.06157914	0.02902021	0.01836073	0.03774150	0.00723250	0.01142864	0.03553862	0.02632647	0.11803583
GGB30454	N	-0.16356983	0.02690023	0.00000000	0.00000001	 0.00506877	-0.38218199	-0.06264363	-0.06069646	0.07231977	0.07256079	0.07070769	0.07357216	0.00000120	0.00000218	0.09080955	0.03357155	0.00255711	0.00779165	0.00414694	0.00806182	0.01854201	0.01956105	0.15437372
GGB30455	N	-0.24295104	0.02019070	0.00000000	0.00000000	 0.01735388	-0.05627689	-0.13985662	-0.12119484	0.06354188	0.06449223	0.06253304	0.06515915	0.08411388	0.09115270	0.11562128	0.03858072	0.00074296	0.00320710	0.00097348	0.00267497	0.00000007	0.00000029	0.23875274
GGB30457	N	-0.18208183	0.02374850	0.00000000	0.00000000	-0.04083470	-0.17079871	-0.20264608	-0.17175194	0.06946563	0.06980377	0.06789329	0.07072074	0.00830223	0.00990911	0.07432260	0.03632663	0.02705824	0.05191174	0.00000007	0.00380145	0.00695317	0.01526690	0.24920327
GGB30461	N	-0.25574156	0.03188232	0.00000000	0.00000000	-0.04773835	-0.19856552	-0.10275230	-0.14221115	0.06472677	0.06479130	0.06350289	0.06591974	0.02367133	0.02688980	0.08442995	0.03132799	0.00174840	0.00605706	0.02246476	0.02926052	0.00366353	0.00984183	0.14451587
GGB30463	N	-0.08921501	0.02895162	0.00206370	0.00398879	 0.07375243	-0.17868016	-0.28053372	-0.56130477	0.06496657	0.06374016	0.06317783	0.06556725	0.00000000	0.00000000	0.03387919	0.02138697	0.05821868	0.09083517	0.01194868	0.00931567	0.00115250	0.03233151	0.05391645
GGB30466	N	 0.08306364	0.03268026	0.01102676	0.01892699	-0.19255350	-0.37715332	-0.40038352	-0.48158895	0.06723052	0.06619996	0.06539359	0.06780284	0.00000000	0.00000000	0.01913585	0.02170889	0.36272953	0.44106548	0.06267609	0.01834286	0.00755195	0.03502323	0.06906150
GGB30468	N	 0.05773763	0.03036562	0.05736409	0.08118743	 0.00000536	-0.07381289	-0.42076544	-0.73943171	0.06461461	0.06337200	0.06266109	0.06521791	0.00000000	0.00000000	0.04506842	0.02266959	0.02322228	0.04556492	0.03696295	0.01199521	0.00282064	0.04125982	0.04152479
GGB30473	N	-0.13917077	0.02834226	0.00000091	0.00000281	 0.07817848	-0.12742294	 0.16010618	 0.12445906	0.06809865	0.06682239	0.06632425	0.06863093	0.00050580	0.00071979	0.02047929	0.02021858	0.26179735	0.33734086	0.00000009	0.00616609	0.00763311	0.03214769	0.02994135
GGB30861	N	 0.11247389	0.04429391	0.01110773	0.01892699	 0.03661156	-0.12193852	-0.09460942	-0.46621650	0.06481734	0.06351538	0.06259091	0.06516144	0.00000000	0.00000000	0.00000020	0.01991759	0.99561743	1.00000000	0.02423221	0.08142414	0.00000004	0.05014411	0.11733122
GGB31171	N	-0.14507895	0.02727835	0.00000010	0.00000036	 0.02176568	-0.50726654	-0.48313089	-1.05823730	0.07958299	0.08003394	0.07687153	0.08023207	0.00000000	0.00000000	0.01085017	0.01940030	0.54899270	0.62915535	0.00000008	0.00683751	0.09358588	0.05419264	0.05652047
GGB31173	N	-0.05607109	0.02890376	0.05236716	0.07452250	 0.00891661	 0.03337627	-0.03358489	-0.61949033	0.07263501	0.07155156	0.07051868	0.07321598	0.00000000	0.00000000	0.02630965	0.02062496	0.17417993	0.23619164	0.02377106	0.00458917	0.02384342	0.05297219	0.01516480
GGB31184	N	-0.02554187	0.03266758	0.43429876	0.49334815	 0.22380784	 0.17954855	 0.11877286	-0.15022739	0.06739688	0.06664507	0.06570408	0.06864006	0.00000022	0.00000043	0.13304416	0.03153076	0.00000042	0.00002362	0.00665796	0.02152027	0.00000021	0.02816753	0.06320492
GGB31256	N	 0.03756646	0.03106023	0.22645339	0.27535882	-0.64405832	-0.70882293	-0.19397170	-0.05556539	0.09061662	0.09128929	0.08616553	0.09093595	0.00000000	0.00000000	0.01964678	0.02472862	0.43730919	0.52436611	0.01743105	0.00799163	0.11505277	0.07924934	0.12568624
GGB31312	N	-0.23128844	0.02856890	0.00000000	0.00000000	-0.00524571	-0.24431303	-0.01629333	 0.19644564	0.06938882	0.06934476	0.06795664	0.07054840	0.00000155	0.00000278	0.06938301	0.03134088	0.01432408	0.03117593	0.01045677	0.01326782	0.00883166	0.01579538	0.15179735
GGB31384	N	 0.20658856	0.05590166	0.00022260	0.00050573	 0.20135015	 0.06069508	-0.02281847	-0.19004820	0.06639572	0.06523077	0.06381615	0.06653375	0.00000069	0.00000128	0.00039400	0.00922336	0.96733329	1.00000000	0.10735451	0.14051952	0.02702694	0.08660209	0.00000014
GGB31439	N	-0.06594661	0.03337783	0.04817129	0.06931313	 0.14847087	 0.01398726	 0.16215700	 0.32722907	0.07898082	0.07965903	0.07698443	0.08015983	0.00053027	0.00075049	0.07579009	0.03082961	0.00545345	0.01486783	0.00000007	0.02648564	0.04171827	0.02512487	0.13727178
GGB3171	N	-0.11564522	0.02628857	0.00001077	0.00002875	 0.00311822	-0.28451885	 0.18420177	 0.35385200	0.07194187	0.07248722	0.07036103	0.07343871	0.00000000	0.00000000	0.15771871	0.03862913	0.00000441	0.00007608	0.00125017	0.00756490	0.01658883	0.01641459	0.14834271
GGB31759	N	-0.16988239	0.02796345	0.00000000	0.00000001	-0.11066701	-0.45637297	-0.17290621	-0.49862578	0.08037464	0.08050917	0.07816740	0.08115535	0.00000000	0.00000000	0.01105932	0.02089615	0.62278153	0.69526042	0.01768436	0.00533745	0.06773103	0.04173552	0.03135515
GGB31762	N	 0.07238779	0.02956521	0.01434648	0.02397251	-0.12176466	-0.29302636	-0.05228738	 0.11039946	0.09197296	0.09394926	0.08664551	0.09207823	0.00212892	0.00271620	0.04378443	0.02392523	0.03539523	0.06410744	0.10196150	0.00721747	0.15950054	0.05830464	0.12837768
GGB31793	N	-0.12963593	0.02724970	0.00000193	0.00000556	-0.31488176	-0.27347005	-0.16588597	-0.32240514	0.08448552	0.08494130	0.08140430	0.08537163	0.00022619	0.00033097	0.08552579	0.03055955	0.00181225	0.00609577	0.02076495	0.00161666	0.07050160	0.05458643	0.09908814
GGB31822	N	-0.01089868	0.02545783	0.66855248	0.71257239	 0.05378084	-0.15890911	-0.25438881	 0.00477332	0.08648682	0.08808335	0.08310338	0.08736985	0.00367666	0.00460026	0.07462324	0.03187067	0.00837132	0.02045446	0.03921742	0.00065730	0.09485364	0.04027018	0.15923101
GGB31823	N	-0.02997294	0.02523090	0.23472467	0.28408266	-0.34882119	-0.63704597	-0.66950170	-0.81566737	0.08506882	0.08624192	0.08158311	0.08583853	0.00000000	0.00000000	0.08278912	0.03037874	0.00248491	0.00766179	0.03234290	0.00018071	0.10197522	0.05093079	0.10871761
GGB31838	N	-0.18117977	0.02589633	0.00000000	0.00000000	-0.19137282	-0.19166832	-0.02876755	 0.05730920	0.08067405	0.08253730	0.07852058	0.08207107	0.01301726	0.01491801	0.13067383	0.03547063	0.00002975	0.00029768	0.00262000	0.00515049	0.07016733	0.01945204	0.12858045
GGB31851	N	-0.27625306	0.02200524	0.00000000	0.00000000	-0.07230232	-0.20247366	-0.07911150	-0.29299268	0.07243592	0.07506997	0.07088605	0.07407029	0.00089523	0.00122033	0.13113676	0.03858974	0.00014078	0.00098547	0.00000038	0.00422195	0.06440620	0.00608198	0.18435731
GGB31853	N	-0.06675974	0.02895309	0.02111834	0.03355613	-0.28146881	-0.87771647	-0.29092659	-0.73882312	0.07494964	0.07478375	0.07290411	0.07570267	0.00000000	0.00000000	0.00829641	0.02436396	0.74047495	0.82310305	0.00000008	0.01153061	0.04025161	0.03944815	0.12134916
GGB3583	N	 0.20018568	0.03611449	0.00000003	0.00000011	-0.00320728	-0.17038917	 0.00108151	-0.02385236	0.07656456	0.07753313	0.07389823	0.07754716	0.20215548	0.20943308	0.12203139	0.03365651	0.00001882	0.00021194	0.08470646	0.03401356	0.05174203	0.03381324	0.13316423
GGB3661	N	-0.03944167	0.02977635	0.18487417	0.22909298	-0.09555581	-0.49577652	 0.08155522	 0.41819089	0.07284697	0.07339676	0.07091041	0.07423773	0.00000000	0.00000000	0.17611040	0.04011207	0.00000100	0.00002362	0.00145496	0.01694997	0.02114024	0.02464603	0.15469337
GGB3793	N	-0.14586725	0.02955479	0.00000080	0.00000254	-0.45238416	-1.02173106	-0.28524483	-0.60816975	0.07573510	0.07629563	0.07349091	0.07655687	0.00000000	0.00000000	0.03218286	0.02502365	0.17402384	0.23619164	0.03402469	0.01575365	0.06470704	0.03715812	0.09899980
GGB42328	N	-0.14317755	0.03393587	0.00002454	0.00006293	-0.16683080	-0.14183779	-0.11418619	-0.06367570	0.07810404	0.07753458	0.07569365	0.07880991	0.18779707	0.19612678	0.01689691	0.02574614	0.51820321	0.60730603	0.00930441	0.01869996	0.02858999	0.05255371	0.13328111
GGB42343	N	 0.06423184	0.02970307	0.03058689	0.04605817	-0.11699543	-0.29765978	 0.25230480	 0.54536994	0.08593514	0.08966122	0.08241340	0.08686952	0.00000000	0.00000000	0.09124638	0.03109596	0.00144922	0.00528658	0.01718848	0.01581807	0.18503475	0.02480389	0.10996319
GGB42579	N	 0.04340137	0.03515252	0.21701518	0.26512703	-0.26367090	-0.60207955	 0.15111192	 0.43076102	0.09304548	0.09406267	0.08786236	0.09307180	0.00000000	0.00000000	0.00000014	0.00000001	0.99401764	1.00000000	0.06356964	0.01991937	0.15091407	0.08177055	0.08059458
GGB42586	N	 0.03218712	0.02953826	0.27573335	0.32609561	 0.10485000	-0.09025951	 0.21214025	 0.16151810	0.07643157	0.07547262	0.07412242	0.07717322	0.00117978	0.00157507	0.03390474	0.02653532	0.20247566	0.27031545	0.00411677	0.00433597	0.02013837	0.05456208	0.09408909
GGB42601	N	-0.06941085	0.02844588	0.01468393	0.02422381	-0.15650527	-0.07212708	-0.36345464	-0.44349878	0.07315159	0.07288151	0.07129290	0.07395846	0.00000000	0.00000000	0.00000006	0.02589088	1.00000000	1.00000000	0.01836910	0.00911073	0.01731073	0.02793137	0.19190553
GGB42619	N	 0.04382768	0.02466082	0.07550942	0.10514484	 0.03676697	 0.05497395	 0.39323920	 0.81448390	0.07624389	0.07646232	0.07431424	0.07731548	0.00000000	0.00000000	0.06550911	0.02594336	0.00300490	0.00884397	0.03968374	0.00087885	0.04841933	0.03251496	0.05394439
GGB42644	N	 0.05615388	0.02676030	0.03587577	0.05340129	 0.03056680	 0.34939273	 0.05462036	 0.21475659	0.07565837	0.07545010	0.07399218	0.07690223	0.00001503	0.00002496	0.10353475	0.03026224	0.00039561	0.00200907	0.00944793	0.00288472	0.03060192	0.02841823	0.01389638
GGB42949	N	-0.01484318	0.02239082	0.50707419	0.56365758	-0.03940654	-0.17745153	 0.16282806	 0.12532464	0.08116340	0.08390931	0.07952063	0.08282064	0.00457838	0.00559339	0.04342616	0.02856103	0.10311564	0.15348823	0.00616397	0.00078245	0.09185918	0.00801354	0.13240267
GGB45514	N	 0.01216195	0.02794106	0.66333309	0.70993087	-0.11152630	-0.29896222	-0.28822088	-0.41511032	0.07124351	0.07030462	0.06940165	0.07210595	0.00000001	0.00000002	0.06015890	0.02456460	0.00766200	0.01908134	0.02539547	0.00390413	0.01556947	0.03795536	0.01995719
GGB45536	N	-0.00880100	0.03309013	0.79027685	0.80822520	 0.00919598	-0.07614326	-0.21544099	-0.17500041	0.07122512	0.07024871	0.06934360	0.07195880	0.00449030	0.00551180	0.04342397	0.02211296	0.01903278	0.03881488	0.02340455	0.01664141	0.01381561	0.03827300	0.03360311
GGB45624	N	 0.04923330	0.03254163	0.13029385	0.16727537	-0.18532915	-0.09343001	-0.19334719	 0.04918228	0.06817594	0.06754149	0.06679149	0.06889498	0.00069741	0.00096594	0.01728773	0.02104600	0.40082122	0.48284975	0.05999004	0.02014881	0.01253639	0.01812870	0.05111643
GGB45977	N	-0.08437958	0.02761333	0.00225309	0.00429082	-0.13038782	-0.14486798	 0.02783336	 0.04880739	0.07660506	0.07628101	0.07462946	0.07773139	0.05253137	0.05839324	0.08553199	0.03098009	0.00164710	0.00592500	0.00070297	0.00366323	0.02413407	0.03604270	0.09706617
GGB46159	N	-0.36165970	0.04580262	0.00000000	0.00000000	 0.03373031	 0.17324531	 0.27712935	 0.26011689	0.07397252	0.07372437	0.07108767	0.07450060	0.00008411	0.00013123	0.03562737	0.02294896	0.09807698	0.14768569	0.01931472	0.11110864	0.05073140	0.07268023	0.08682881
GGB47144	N	-0.09014795	0.03786335	0.01713005	0.02790367	-0.08884268	-0.27439940	-0.28153790	-0.12153274	0.09174684	0.09288958	0.08799504	0.09240338	0.00462713	0.00562642	0.05172909	0.02098864	0.00226367	0.00721325	0.03613068	0.02853843	0.11748891	0.05533405	0.03402182
GGB5207	N	-0.14568188	0.02983299	0.00000104	0.00000314	 0.04162939	-0.28270419	 0.00916443	-0.09617901	0.07254765	0.07256976	0.07101891	0.07362749	0.00021059	0.00031167	0.04947086	0.02824400	0.05224063	0.08352051	0.00401660	0.01583590	0.01971343	0.01900961	0.13333861
GGB5213	N	 0.01144973	0.03066405	0.70897790	0.73859420	-0.02531951	-0.01910203	-0.24782854	-0.21021324	0.08437523	0.08582871	0.08198934	0.08554752	0.00849270	0.01004388	0.08483630	0.02748507	0.00019987	0.00134841	0.05308213	0.01225471	0.08205504	0.02676536	0.05457192
GGB54153	N	 0.21554479	0.04661194	0.00000377	0.00001049	 0.18506819	 0.07611905	 0.25124073	 0.83151162	0.08012172	0.07994487	0.07413449	0.07957815	0.00000000	0.00000000	0.01597651	0.01143292	0.13306006	0.18935470	0.27136621	0.07240731	0.10334123	0.13238785	0.01647974
GGB62427	N	-0.06279728	0.02827207	0.02637905	0.04091122	 0.00178744	 0.00751079	-0.14104118	-0.38892388	0.07097390	0.07015127	0.06898552	0.07220671	0.00000004	0.00000008	0.13286840	0.03403454	0.00001332	0.00016430	0.00208011	0.00504886	0.00378300	0.04011360	0.08635911
GGB68806	N	-0.00154958	0.02244075	0.94489165	0.94855402	 0.28766664	 0.48564697	 0.93476151	 1.09693681	0.07050779	0.07080014	0.06832946	0.07175886	0.00000000	0.00000000	0.17093528	0.04041593	0.00000094	0.00002362	0.01207206	0.00000006	0.02255256	0.03537834	0.16878930
GGB70852	N	-0.19260004	0.03192453	0.00000000	0.00000001	 0.13059418	-0.05568700	 0.22434135	 0.21964337	0.08350074	0.08458998	0.08077663	0.08461472	0.00330548	0.00415592	0.12677662	0.03260964	0.00000189	0.00003774	0.01147760	0.01575008	0.06894505	0.03641835	0.09756842
GGB74395	N	-0.01120274	0.02810046	0.69054130	0.72408987	 0.00648908	-0.05171035	-0.20247470	-0.47606346	0.06701789	0.06647619	0.06574866	0.06804822	0.00000000	0.00000000	0.06479823	0.02372757	0.00039090	0.00200907	0.03244906	0.00972989	0.00904522	0.01555434	0.03826121
GGB74408	N	 0.12269095	0.02951566	0.00003243	0.00008075	 0.02483287	-0.11970909	-0.13028479	-0.22749053	0.08067255	0.08163837	0.07876662	0.08183345	0.02192738	0.02501846	0.05129833	0.02458615	0.01097455	0.02575410	0.03361634	0.01087857	0.06012410	0.02214286	0.08084544
GGB75036	N	-0.06414864	0.02446278	0.00873609	0.01549758	 0.00224389	-0.19609397	 0.04730483	-0.16118913	0.06901070	0.06830848	0.06711272	0.07016727	0.00127015	0.00166989	0.09886518	0.03021250	0.00008907	0.00067848	0.07744035	0.00000007	0.00507101	0.03492843	0.09691557
GGB75053	N	-0.01688799	0.03009927	0.57529679	0.62605827	-0.03224508	-0.18340594	-0.25878371	-0.31005879	0.07171158	0.07130130	0.06999117	0.07256130	0.00001357	0.00002296	0.02859717	0.02303834	0.16333784	0.22744356	0.06216818	0.01227588	0.01800774	0.02765357	0.10411010
GGB75055	N	-0.01649130	0.02346244	0.48214840	0.54059063	 0.04984581	-0.40096115	-0.06467149	 0.07938841	0.07666147	0.07889205	0.07434534	0.07797653	0.00000023	0.00000044	0.11900321	0.04080438	0.00101980	0.00410171	0.01132946	0.00326325	0.05392400	0.01656405	0.26697551
GGB75064	N	-0.22467758	0.02753524	0.00000000	0.00000000	-0.04559608	-0.18739552	-0.20575414	-0.23848310	0.06714924	0.06684081	0.06574883	0.06838399	0.00064162	0.00089344	0.10764001	0.03347825	0.00034165	0.00188273	0.00189488	0.01127751	0.00584493	0.01863346	0.10391579
GGB75095	N	-0.00932242	0.02507420	0.71007705	0.73859420	 0.08920500	 0.09672167	-0.04400670	-0.04013238	0.08049079	0.08090102	0.07869142	0.08178008	0.34112696	0.34512454	0.08392983	0.01820632	0.00000493	0.00007979	0.02684616	0.00000008	0.05540310	0.02689493	0.00000009
GGB75106	N	 0.11697208	0.03070064	0.00013868	0.00032653	-0.17566659	-0.49154341	-0.20054947	 0.02309026	0.09456989	0.09628813	0.08910692	0.09470536	0.00000097	0.00000178	0.07135879	0.02514442	0.00106402	0.00411314	0.05864408	0.00779283	0.16908195	0.06867043	0.07125420
GGB75109	N	-0.05669410	0.02915761	0.05183767	0.07417656	 0.18367554	 0.21688835	-0.13023598	-0.40786361	0.07748330	0.07777613	0.07563691	0.07848282	0.00000000	0.00000000	0.03810724	0.02617116	0.14285681	0.19999953	0.05291526	0.00959115	0.04431760	0.02685143	0.07634954
GGB75314	N	-0.07560651	0.02415490	0.00174702	0.00342786	-0.01570736	 0.19543808	 0.21831326	 0.62343480	0.08627575	0.08834240	0.08380769	0.08741970	0.00000000	0.00000000	0.00000004	0.00000000	0.99804882	1.00000000	0.01626092	0.00000007	0.11651789	0.02554260	0.10553705
GGB75900	N	 0.36642712	0.04620183	0.00000000	0.00000000	 0.20485493	-0.02559427	-0.12596771	 0.48391140	0.09544716	0.09478753	0.08228881	0.09240882	0.00000000	0.00000000	0.00000003	0.00000000	1.00000000	1.00000000	0.19433315	0.05185795	0.21432620	0.26938370	0.00000003
GGB79594	N	-0.24143188	0.02966629	0.00000000	0.00000000	-0.12906493	-0.20701757	-0.06538621	 0.14555009	0.07786436	0.07937384	0.07614216	0.07910600	0.00121864	0.00161861	0.03260741	0.02750978	0.20144449	0.27031545	0.00000007	0.01891276	0.06277865	0.01432659	0.14866452
GGB79628	N	 0.03940809	0.03782970	0.29780445	0.35059706	-0.02470217	 0.09894017	 0.04741177	 0.08576581	0.05015537	0.05054899	0.04786253	0.05061826	0.07513009	0.08175922	0.05682009	0.01946564	0.00000959	0.00013778	0.00000002	0.64318725	0.02190571	0.02322869	0.05841620
GGB79680	N	-0.00511810	0.03293333	0.87625049	0.88306956	-0.11656170	 0.04999575	 0.03650690	 0.30586841	0.08019997	0.08037794	0.07794816	0.08121482	0.00004821	0.00007661	0.06882135	0.02901280	0.01103747	0.02575410	0.03305456	0.01643730	0.04284957	0.03744370	0.09069342
GGB79698	N	-0.03209586	0.02728618	0.23959080	0.28862333	-0.09354957	-0.09728965	-0.21609871	 0.06790074	0.07762424	0.07850454	0.07604040	0.07890283	0.00904276	0.01058670	0.06641969	0.02583346	0.00199449	0.00656914	0.04126356	0.00725419	0.04907124	0.01628285	0.06938289
GGB79760	N	-0.05267796	0.03143661	0.09379524	0.12522149	-0.08486228	-0.19405800	-0.32736176	-0.55023835	0.06954264	0.06804705	0.06714287	0.06989356	0.00000000	0.00000000	0.02457472	0.01319121	0.02311643	0.04556492	0.02706171	0.00837500	0.01412540	0.06676319	0.00000046
GGB79776	N	 0.02544589	0.03342743	0.44745128	0.50606935	 0.21768361	 0.36368513	 0.19944378	 0.39012328	0.08540529	0.08743589	0.08157213	0.08592100	0.00001048	0.00001798	0.03175054	0.01897267	0.05632467	0.08895176	0.16943987	0.02208466	0.13786079	0.03947687	0.05748299
GGB79804	N	-0.08697957	0.03076856	0.00472447	0.00861717	-0.03173899	-0.08453827	-0.00646997	-0.05424595	0.07969245	0.07984980	0.07746458	0.08079993	0.84600056	0.84600056	0.08901728	0.02980823	0.00031997	0.00180154	0.01178124	0.01106720	0.03780533	0.03707864	0.10697822
GGB79854	N	-0.18425071	0.02931303	0.00000000	0.00000000	-0.02758159	-0.03468140	-0.16065288	-0.32393522	0.07430438	0.07425758	0.07258864	0.07524784	0.00013755	0.00021073	0.03523789	0.02496913	0.12430647	0.17986244	0.03271586	0.01106750	0.03161129	0.02670317	0.08897679
GGB79857	N	-0.11981117	0.02535458	0.00000228	0.00000650	-0.08121718	-0.38928394	 0.05571163	 0.35028264	0.07455491	0.07509135	0.07271878	0.07585273	0.00000000	0.00000000	0.10803118	0.03605702	0.00104522	0.00410171	0.00737570	0.00393062	0.02700277	0.02267900	0.16389330
GGB79872	N	-0.06976228	0.04080611	0.08732537	0.11841503	-0.42613659	-0.68284221	-0.30128939	-0.44732351	0.07875333	0.07834140	0.07619466	0.07941327	0.00000000	0.00000000	0.03950134	0.02070069	0.03691360	0.06606310	0.01739716	0.05142871	0.05194724	0.06373996	0.01772561
GGB79926	N	-0.17106938	0.02170059	0.00000000	0.00000000	-0.12305818	-0.30109283	-0.39768717	-0.52891386	0.07252577	0.07480560	0.07130763	0.07422529	0.00000000	0.00000000	0.09197558	0.03363365	0.00263996	0.00795056	0.00000007	0.00330846	0.05769152	0.00249665	0.15049628
GGB79948	N	-0.00523625	0.02311059	0.82074777	0.83362224	 0.02210150	 0.08894606	-0.31354312	-0.55982675	0.06592171	0.06520869	0.06441991	0.06687105	0.00000000	0.00000000	0.04763461	0.02369809	0.01964174	0.03974384	0.07693443	0.00000008	0.00834432	0.02391573	0.06562220
GGB79989	N	-0.25066689	0.03092331	0.00000000	0.00000000	 0.08956394	-0.14931122	 0.03284338	-0.39727032	0.07979706	0.07990118	0.07747883	0.08054521	0.00000002	0.00000004	0.01242991	0.02057981	0.52528630	0.61283402	0.04886887	0.01224457	0.05715752	0.04246680	0.07341956
GGB80032	N	 0.46445120	0.06445191	0.00000000	0.00000000	 0.13146880	 0.02199040	 0.11745424	 0.19189201	0.05767818	0.05681935	0.05430021	0.05756315	0.00514358	0.00619622	0.00501401	0.00774142	0.46837727	0.55646658	0.28815597	0.20842260	0.02741029	0.14420408	0.02796545
GGB80101	N	-0.05159711	0.03067375	0.09251836	0.12462156	 0.13445366	 0.09612789	 0.45558823	 0.51918891	0.07089984	0.06937762	0.06815077	0.07151102	0.00000000	0.00000000	0.05533612	0.02610806	0.01825631	0.03774150	0.02091024	0.00426219	0.00346393	0.08403763	0.08599807
GGB80167	N	-0.19572311	0.02441424	0.00000000	0.00000000	 0.14665190	-0.01768958	 0.10395664	 0.38888754	0.06990499	0.06956991	0.06861037	0.07101968	0.00000016	0.00000032	0.05573515	0.02591818	0.01396784	0.03117593	0.01038047	0.00196161	0.01592470	0.01638727	0.06322254
InvSimpson	Y	-0.09474218	0.03345924	0.00463147	0.00850745	-0.10856506	-0.51744171	-0.23280400	-0.29665531	0.07154383	0.07133518	0.07007009	0.07239808	0.00000000	0.00000000	0.01711554	0.02376501	0.46347669	0.55318186	0.00508568	0.03196767	0.02215759	0.01975949	0.09763968
Lachnospiraceae_unclassified	N	-0.11005460	0.03202641	0.00058913	0.00126104	 0.16399889	 0.21062727	 0.13630066	 0.40875762	0.07142152	0.07106475	0.06999515	0.07241149	0.00000123	0.00000222	0.05048833	0.02467490	0.01728880	0.03623013	0.02097502	0.01875181	0.01718109	0.01924910	0.05788053
Lactobacillus	N	-0.06617379	0.02729327	0.01532252	0.02511730	 0.24526878	 0.82753430	 0.42822547	 0.57858595	0.06861742	0.06809108	0.06702783	0.06988192	0.00000000	0.00000000	0.12828393	0.03169656	0.00000059	0.00002362	0.00373574	0.00692998	0.00771496	0.02663151	0.06535569
Ligilactobacillus	N	 0.41396634	0.04604738	0.00000000	0.00000000	 0.29503302	 0.46337180	 0.35036585	 0.69976259	0.06385639	0.06347680	0.05768411	0.06286161	0.00000000	0.00000000	0.00000004	0.00000000	1.00000000	1.00000000	0.00239000	0.28998804	0.13125265	0.21687785	0.00000004
Limosilactobacillus	N	-0.04184434	0.02443489	0.08678609	0.11830314	 0.11212679	 0.37850931	 0.43382035	 0.62199332	0.07498965	0.07491034	0.07325366	0.07618327	0.00000000	0.00000000	0.07786497	0.02802635	0.00114158	0.00434808	0.02038026	0.00000008	0.02947867	0.02805970	0.07241568
Methanomethylovorans	N	-0.13040246	0.02333737	0.00000002	0.00000009	 0.19903086	 0.61709205	 0.36213522	 0.53274858	0.08171177	0.08401857	0.07954607	0.08305715	0.00000000	0.00000000	0.05043325	0.02974266	0.05871543	0.09106165	0.00987679	0.00102063	0.08924413	0.01748693	0.16644323
Muribaculaceae_unclassified	N	 0.20334201	0.04234208	0.00000165	0.00000484	 0.04030405	 0.08391715	 0.17872499	 0.27033716	0.06012432	0.05968711	0.05872328	0.06118283	0.00007032	0.00011038	0.10156857	0.02987576	0.00010514	0.00075639	0.05245867	0.08000247	0.00010291	0.01937893	0.08534439
Muribaculum	N	 0.05144723	0.04583319	0.26585685	0.31677665	 0.22099458	 0.30615615	 0.15839417	 0.35946154	0.06401632	0.06319338	0.06195356	0.06488996	0.00000008	0.00000015	0.07757365	0.02820993	0.00171821	0.00605706	0.01059835	0.13619745	0.00000004	0.04541715	0.12035560
Neglectibacter	N	-0.14537651	0.02825162	0.00000026	0.00000086	-0.18501857	-0.24442169	-0.39187805	-0.52770936	0.07000667	0.06863791	0.06774593	0.07039854	0.00000000	0.00000000	0.01582208	0.01783252	0.33863813	0.41765369	0.03961015	0.00266363	0.01816574	0.06078672	0.00842299
Observed	Y	 0.01343840	0.03217415	0.67614309	0.71279727	-0.14448481	-0.44322076	 0.04455825	 0.33397775	0.07515977	0.07474912	0.07234694	0.07578239	0.00000000	0.00000000	0.03513699	0.02468182	0.13828218	0.19571084	0.14885945	0.01460189	0.03307172	0.06307546	0.12546881
Oscillibacter	N	-0.13601764	0.02482757	0.00000004	0.00000016	-0.18348379	-0.19249431	-0.19133743	-0.25818029	0.06991721	0.06919471	0.06842811	0.07084586	0.00205415	0.00263379	0.04292548	0.02327164	0.02880405	0.05328748	0.00488377	0.00100225	0.01471499	0.02412739	0.04723206
Oscillospiraceae_unclassified	N	-0.07535499	0.02537406	0.00298110	0.00563580	-0.30871915	-0.56085864	-0.24391224	-0.24357287	0.07370762	0.07411627	0.07165428	0.07480321	0.00000000	0.00000000	0.07951914	0.03210442	0.00606004	0.01618094	0.08119527	0.00391286	0.03086168	0.02866676	0.15446712
Parabacteroides	N	-0.06157467	0.03495908	0.07810018	0.10817084	-0.42984952	-0.78517300	-0.15548983	-0.38059830	0.08800826	0.08835620	0.08445593	0.08858356	0.00000000	0.00000000	0.04153684	0.02141249	0.02777639	0.05235881	0.02108541	0.01985097	0.09735393	0.07136691	0.03161715
Paramuribaculum	N	 0.36387886	0.05415256	0.00000000	0.00000000	-0.12764127	 0.02232917	-0.11623912	-0.02100934	0.06423668	0.06357569	0.06027599	0.06417572	0.04549323	0.05100756	0.03973339	0.01057926	0.00007300	0.00057394	0.01978916	0.28321192	0.05824080	0.17580074	0.00000002
Romboutsia	N	 0.28800083	0.02784291	0.00000000	0.00000000	-0.16299798	-0.11056150	 0.07463559	 0.96657161	0.08057482	0.08103355	0.07764709	0.08132597	0.00000000	0.00000000	0.07734565	0.01704272	0.00002033	0.00021942	0.02211029	0.00633351	0.09491187	0.05939922	0.00000010
Schaedlerella	N	-0.12888824	0.02706658	0.00000191	0.00000556	 0.05215350	-0.25469578	-0.26068021	-0.49079066	0.06697311	0.06627680	0.06553025	0.06794682	0.00000000	0.00000000	0.06571131	0.02585119	0.00355925	0.01013016	0.02284433	0.00669792	0.00880189	0.02223369	0.04358376
Shannon	Y	-0.12161363	0.03163517	0.00012081	0.00028706	-0.12423581	-0.58213675	-0.26789269	-0.32447289	0.07033182	0.06985291	0.06875198	0.07124030	0.00000000	0.00000000	0.04680496	0.02595885	0.04786494	0.07835516	0.00238566	0.02244033	0.01661424	0.02623918	0.08154442
Simpson	Y	-0.06639050	0.03040478	0.02901034	0.04445963	 0.02660480	-0.28234030	-0.03303560	-0.03154663	0.06905798	0.06836524	0.06765828	0.06979944	0.00014244	0.00021575	0.01326200	0.02262634	0.54858299	0.62915535	0.00142754	0.01819365	0.00884226	0.01727158	0.08874141
Sphingorhabdus	N	-0.17432960	0.02826474	0.00000000	0.00000000	-0.02066156	-0.27567270	-0.08818235	-0.08902684	0.07260775	0.07460003	0.07059035	0.07378540	0.00507158	0.00613803	0.10120174	0.02747006	0.00000053	0.00002362	0.20747575	0.01554257	0.07047625	0.01478528	0.07350760
Sporofaciens	N	-0.02036453	0.03152827	0.51833751	0.57127410	-0.08175807	-0.02059569	 0.09018668	-0.11672592	0.08230297	0.08271125	0.08021638	0.08342579	0.18666616	0.19573496	0.07277719	0.02678702	0.00180074	0.00609577	0.00431031	0.01317809	0.05490801	0.03250608	0.04849483
Streptococcus	N	-0.06187444	0.02485109	0.01278948	0.02165016	-0.09647415	-0.09482097	-0.07367563	-0.15710989	0.07102694	0.07037512	0.06937417	0.07198575	0.26777134	0.27304243	0.03141889	0.02594809	0.17399495	0.23619164	0.00415920	0.00100590	0.00572698	0.02392131	0.15060799
Turicibacter	N	 0.42368011	0.03030052	0.00000000	0.00000000	-0.24239590	-0.14412938	-0.21831412	 0.49414632	0.07818419	0.07912772	0.07549183	0.07901846	0.00000000	0.00000000	0.07841320	0.02771762	0.00125807	0.00472231	0.02329715	0.01839049	0.08945071	0.04332536	0.05980049
Uniqueness	Y	 0.10548244	0.03033473	0.00050693	0.00110332	 0.02771491	-0.28898697	-0.26732427	-0.52866630	0.07633459	0.07595967	0.07430640	0.07729199	0.00000000	0.00000000	0.05076660	0.02783911	0.04022387	0.06945322	0.00000008	0.01092164	0.02377399	0.03762159	0.12403671
Zoogloea	N	-0.00739436	0.02815820	0.79262239	0.80822520	-0.15622562	-0.13791782	-0.28900884	-0.60050029	0.08340027	0.08313781	0.08066913	0.08415174	0.00000000	0.00000000	0.03812157	0.02154686	0.03919599	0.06859299	0.02846963	0.00138964	0.06204377	0.06141798	0.03441395
