feature	is.community.feat	solution.age	std.error.age	pval.age	padj.age	solution.1D	solution.2D	solution.20	solution.40	std.error.1D	std.error.2D	std.error.20	std.error.40	pval.DR	padj.DR	herit	herit.se	herit.pval	herit.padj	PVE.Cohort	PVE.Quarter.Date	PVE.Cage	PVE.Batch	PVE.Mouse
AM0715_MGBC109914	N	-0.12220966	0.02225188	0.00000004	0.00000013	-0.20895027	-0.29416153	-0.54976857	-0.71052697	0.07333392	0.07470362	0.07193579	0.07480416	0.00000000	0.00000000	0.09018582	0.03265408	0.00242471	0.00590489	0.00000007	0.00177266	0.04800948	0.01032492	0.12918885
ASF356_MGBC162170	N	-0.27199278	0.02385874	0.00000000	0.00000000	-0.08941005	-0.19745971	-0.15708152	-0.47417936	0.07310758	0.07531480	0.07137184	0.07458830	0.00000002	0.00000003	0.14042331	0.03827607	0.00003604	0.00022259	0.00000006	0.00693673	0.06271513	0.01095437	0.16684225
Acetatifactor_MGBC107450	N	-0.09233283	0.04093061	0.02407807	0.03485427	-0.56635147	-0.75806665	 0.05564559	 0.08995313	0.08948231	0.09076452	0.08533592	0.08998404	0.00000000	0.00000000	0.06867423	0.02240362	0.00017443	0.00070799	0.01984898	0.05089981	0.13589862	0.06133026	0.02096206
Acetatifactor_MGBC108232	N	-0.07840978	0.02870659	0.00630850	0.00996839	-0.21518198	-0.05052025	-0.26344079	-0.22301079	0.07366030	0.07341262	0.07199550	0.07469495	0.00049488	0.00058874	0.04678950	0.02932500	0.09843948	0.12057380	0.01403351	0.00865917	0.01664284	0.02375829	0.12633418
Acetatifactor_MGBC113998	N	-0.07445229	0.02914285	0.01063685	0.01630984	-0.10897893	-0.00216559	-0.22259284	-0.41317830	0.07779051	0.07787193	0.07605594	0.07878858	0.00000064	0.00000093	0.03317967	0.02388243	0.12625562	0.15020065	0.00087971	0.00973189	0.04205670	0.02672526	0.06766058
Acetatifactor_MGBC130773	N	 0.01351171	0.02835865	0.63174636	0.67204444	 0.05575526	 0.32834716	 0.30071245	 0.54064693	0.08801627	0.08813465	0.08443992	0.08881733	0.00000000	0.00000000	0.10243428	0.03091922	0.00025661	0.00096578	0.01607903	0.00028259	0.07394008	0.07286925	0.07223488
Acetatifactor_MGBC130908	N	 0.01609122	0.02760102	0.55988695	0.60678847	-0.13764352	 0.00354028	-0.32675959	-0.59093379	0.07409407	0.07348514	0.07197559	0.07527864	0.00000000	0.00000000	0.12379191	0.03377671	0.00004502	0.00026626	0.00447645	0.00307044	0.01482499	0.04471757	0.08803197
Acetatifactor_MGBC140221	N	-0.16214877	0.02881645	0.00000002	0.00000006	-0.21839432	-0.31026411	-0.12454083	-0.07264815	0.06961549	0.06907932	0.06772258	0.07075664	0.00007812	0.00009626	0.09787228	0.03589078	0.00384352	0.00846391	0.00339647	0.01048995	0.00000041	0.03228231	0.17555972
Acetatifactor_MGBC146413	N	 0.27820444	0.04065246	0.00000000	0.00000000	-0.15548599	-0.09314664	-0.02568801	 0.56801322	0.08713668	0.08660808	0.08275011	0.08720448	0.00000000	0.00000000	0.00353904	0.01020611	0.71929951	0.75581218	0.00000007	0.04566682	0.09977949	0.13807703	0.00000010
Acetatifactor_MGBC159247	N	-0.11862436	0.03007895	0.00007993	0.00015909	 0.32921993	 0.59269275	 0.30061042	 0.67916473	0.07957918	0.08008044	0.07773542	0.08063778	0.00000000	0.00000000	0.04325223	0.02588397	0.09499579	0.11764568	0.01369891	0.01216914	0.05553370	0.02623901	0.05393801
Acetatifactor_MGBC162151	N	-0.14990871	0.03818197	0.00008653	0.00017059	 0.06623793	-0.16142596	 0.02528557	 0.13489837	0.08345376	0.08344425	0.08066622	0.08423778	0.02249438	0.02476775	0.06266924	0.02365493	0.00467538	0.00967615	0.03839790	0.03114236	0.06570277	0.05880240	0.00937576
Acetatifactor_MGBC165152	N	-0.19114908	0.02746807	0.00000000	0.00000000	 0.37162700	 0.57103852	 0.14377762	 0.07238505	0.08116896	0.08054823	0.07845480	0.08175393	0.00000000	0.00000000	0.00506286	0.01993536	0.79724871	0.83348729	0.03150079	0.00000008	0.05076325	0.06671483	0.06910134
Acetatifactor_sp003612485	N	-0.01809681	0.03057739	0.55320880	0.60270643	 0.01964154	-0.02012560	-0.00100928	 0.28503991	0.07836264	0.07824016	0.07617254	0.07932580	0.00118617	0.00137942	0.05277245	0.02844975	0.04524770	0.06583424	0.02439987	0.01012106	0.03152571	0.03876854	0.12285602
Acutalibacter_MGBC101916	N	-0.11959589	0.03632233	0.00099331	0.00175739	-0.28142199	-0.27572265	-0.57149602	-0.81893331	0.07421138	0.07328140	0.07178481	0.07470735	0.00000000	0.00000000	0.01593065	0.01916932	0.37100617	0.40850148	0.04591463	0.02611248	0.03000066	0.06692015	0.04800746
Acutalibacter_MGBC115182	N	-0.02303682	0.04277635	0.59028462	0.63640061	 0.03993815	 0.38197753	 0.00968516	-0.02061342	0.08467211	0.08501198	0.08167360	0.08552710	0.00002794	0.00003661	0.08358525	0.02685420	0.00038845	0.00131818	0.04095387	0.04972488	0.06505326	0.05339552	0.05133924
Acutalibacter_muris	N	-0.02144020	0.02985531	0.47229564	0.52561934	-0.41723546	-0.64919213	-0.48567036	-0.48841410	0.07691336	0.07763768	0.07492776	0.07804163	0.00000000	0.00000000	0.08260975	0.03047678	0.00293274	0.00697789	0.04782433	0.01358176	0.04838266	0.02594081	0.09641477
Adlercreutzia_caecimuris	N	 0.09901950	0.03184977	0.00187710	0.00315901	 0.27526325	 0.46650876	 0.27402019	-0.08037032	0.08121901	0.08147267	0.07835563	0.08214691	0.00000000	0.00000000	0.11186544	0.03035355	0.00002319	0.00016552	0.04825604	0.01327417	0.05851080	0.05412756	0.06175152
Adlercreutzia_sp004793465	N	 0.03694871	0.03500754	0.29121409	0.33865908	 0.08740808	 0.13258682	 0.18896613	-0.17834761	0.07601214	0.07563588	0.07379626	0.07696767	0.00003346	0.00004329	0.08392658	0.02634824	0.00018256	0.00072671	0.08437510	0.02118094	0.03082428	0.04559442	0.04104620
Akkermansia_muciniphila	N	 0.00074683	0.03811075	0.98438405	0.98438405	 0.04351920	 0.14016007	 0.24085768	 0.70087174	0.07325354	0.07291204	0.07126218	0.07434163	0.00000000	0.00000000	0.11276666	0.02866469	0.00000117	0.00002208	0.01168938	0.04398643	0.02519495	0.04088798	0.04421326
Alistipes_sp002428825	N	 0.07923196	0.03970858	0.04604356	0.06439877	-0.06987041	 0.12348140	 0.06809368	 0.08822084	0.05372769	0.05436676	0.05141190	0.05434885	0.00569643	0.00647891	0.08668801	0.02668438	0.00000296	0.00003544	0.00000001	0.53093965	0.02166610	0.02244095	0.10164753
Anaerotignum_MGBC136833	N	 0.17176055	0.02951372	0.00000001	0.00000002	-0.04263353	-0.09976366	-0.14841462	-0.08935466	0.07743443	0.07759166	0.07525046	0.07851562	0.33971118	0.35336791	0.08360077	0.03148776	0.00227269	0.00560057	0.03547022	0.00927699	0.03255203	0.03516372	0.12828220
Anaerotruncus_sp000403395	N	 0.07194926	0.02371422	0.00241355	0.00396512	-0.04491582	-0.09001315	-0.29891570	-0.33846977	0.07458776	0.07475809	0.07278242	0.07585151	0.00000354	0.00000485	0.07616955	0.03379324	0.01147317	0.02083286	0.01243066	0.00000007	0.01908955	0.02378331	0.17525640
Angelakisella_MGBC131977	N	-0.08751351	0.02875767	0.00234085	0.00387645	-0.26786848	-0.30127210	-0.60326938	-0.66390359	0.07217374	0.07172258	0.07031793	0.07315781	0.00000000	0.00000000	0.06972857	0.02979287	0.01235700	0.02186238	0.01124734	0.00890111	0.01987903	0.03578270	0.09092494
Angelakisella_MGBC161672	N	-0.15616096	0.03098844	0.00000047	0.00000137	-0.14470355	-0.23651968	-0.21235861	 0.09743749	0.07931819	0.07917950	0.07678910	0.08021382	0.00006890	0.00008541	0.06016675	0.02912360	0.02276904	0.03711175	0.01023687	0.01099599	0.03698719	0.05038203	0.13698184
Bifidobacterium_globosum	N	 0.49148613	0.03089025	0.00000000	0.00000000	-0.07675763	 0.13258575	-0.03270672	 0.52828049	0.07629058	0.07644118	0.07219998	0.07656275	0.00000000	0.00000000	0.09698245	0.02660171	0.00000609	0.00006301	0.04244178	0.02057891	0.10030474	0.10384000	0.04821629
BorkfalkiaceaeNOV_MGBC107413	N	-0.14550006	0.02839902	0.00000030	0.00000091	-0.08525400	-0.24886728	 0.26250581	 0.45170310	0.07985499	0.08059666	0.07747375	0.08094161	0.00000000	0.00000000	0.08104275	0.03380644	0.00864842	0.01612814	0.00000007	0.00849831	0.05030800	0.03337132	0.16348580
ButyricicoccaceaeNOV_MGBC000503	N	-0.09166672	0.03525962	0.00933283	0.01452553	-0.07060377	-0.33458668	-0.10413844	 0.25995371	0.08229579	0.08228280	0.07977987	0.08323472	0.00000000	0.00000001	0.07189663	0.02596611	0.00092110	0.00264817	0.00596171	0.02323848	0.05105026	0.04997321	0.05986548
ButyricicoccaceaeNOV_MGBC165025	N	 0.00280228	0.03536917	0.93494804	0.94406949	-0.12735842	-0.16806166	-0.22219614	-0.51672980	0.08598392	0.08664385	0.08303200	0.08679895	0.00000019	0.00000029	0.05392517	0.02296462	0.00434861	0.00909254	0.02530693	0.02379636	0.08495479	0.04936421	0.04713908
CAG303_MGBC104195	N	-0.08534192	0.03809276	0.02507064	0.03603905	-0.33837102	-0.39177481	-0.12167112	-0.31607417	0.08339541	0.08349537	0.08053452	0.08417526	0.00000287	0.00000399	0.04559839	0.02550529	0.04537974	0.06583424	0.01723260	0.03315587	0.05542467	0.05502203	0.10637462
CAG475_MGBC105042	N	-0.19223131	0.02251029	0.00000000	0.00000000	-0.05935247	-0.30222956	 0.04022074	 0.21323264	0.07319607	0.07387052	0.07132284	0.07461913	0.00000006	0.00000010	0.14744952	0.03785328	0.00000462	0.00005031	0.01318515	0.00000006	0.02529413	0.02254822	0.16516225
CAG485_MGBC118072	N	-0.15342564	0.03600204	0.00002031	0.00004521	 0.14653984	 0.19051930	 0.19444598	 0.38550389	0.07639307	0.07664001	0.07358870	0.07760202	0.00003881	0.00004956	0.19899370	0.04005327	0.00000000	0.00000029	0.00382037	0.03363556	0.02324552	0.04705160	0.16658399
CAG485_sp002362485	N	 0.06459183	0.03352059	0.05399027	0.07352622	 0.10067200	 0.35091951	 0.34563091	 0.33215039	0.07187441	0.07096672	0.06939804	0.07288442	0.00000001	0.00000001	0.10542367	0.03257863	0.00022791	0.00087364	0.02272744	0.01651164	0.00339106	0.06088082	0.13590859
CAG485_sp003979075	N	 0.39190602	0.05746560	0.00000000	0.00000000	 0.17660241	 0.09694607	 0.22580622	 0.29522113	0.05582282	0.05523505	0.05123157	0.05520864	0.00000052	0.00000078	0.00000003	0.00000000	0.98670019	1.00000000	0.07868167	0.33957612	0.07148170	0.20840990	0.00000003
CAG510_sp003979355	N	 0.18615964	0.04639318	0.00005977	0.00012249	 0.11450920	-0.04101424	 0.12645083	 0.64037514	0.08286326	0.08260903	0.07692117	0.08242213	0.00000000	0.00000000	0.02881952	0.00942285	0.00554963	0.01115315	0.23246443	0.06623620	0.10435077	0.14209016	0.00000006
CAG552NOV_MGBC105483	N	-0.18932007	0.02294664	0.00000000	0.00000000	-0.00927321	-0.08710528	-0.07084637	 0.06051480	0.07393053	0.07476378	0.07167091	0.07514028	0.38582555	0.39932945	0.09805323	0.04122320	0.00915612	0.01692246	0.00000006	0.00095932	0.01804137	0.02469822	0.31188985
CAG552NOV_MGBC107581	N	-0.18596952	0.02539465	0.00000000	0.00000000	 0.17806121	 0.03781976	 0.08976065	 0.19187692	0.07350474	0.07538607	0.07166780	0.07487120	0.04103848	0.04471035	0.06954190	0.03603752	0.02672741	0.04223338	0.00000006	0.00922092	0.03450403	0.01058148	0.30748194
CAG56_sp004793585	N	 0.04030406	0.03643920	0.26838163	0.31565339	-0.03358186	 0.12271898	-0.16999814	-0.58534579	0.07321745	0.07381505	0.07171532	0.07441848	0.00000000	0.00000000	0.07146138	0.02881968	0.00409130	0.00891474	0.00276833	0.05574861	0.03068745	0.01517748	0.11331964
CAG582_MGBC164624	N	-0.16772636	0.03875004	0.00001498	0.00003446	 0.07872786	 0.07199952	 0.10493546	 0.41766800	0.07735275	0.07769443	0.07522178	0.07845722	0.00000351	0.00000485	0.08427594	0.03063270	0.00115359	0.00322694	0.00000007	0.06084180	0.03267315	0.03119049	0.13817456
CAG81_MGBC118027	N	-0.03291620	0.02944344	0.26355248	0.31174493	-0.33554137	-0.23753073	-0.37602384	-0.71196059	0.07577218	0.07583933	0.07399260	0.07682482	0.00000000	0.00000000	0.05971468	0.02960525	0.04618104	0.06638524	0.01485009	0.01094379	0.03502005	0.02802599	0.08041182
CAG873_MGBC106841	N	-0.31671357	0.04263257	0.00000000	0.00000000	-0.03520156	 0.03806982	 0.00344517	 0.09379128	0.06650320	0.06636262	0.06414668	0.06739310	0.42578869	0.43849880	0.10545684	0.03009460	0.00001277	0.00010577	0.12248035	0.06917147	0.01846906	0.04649033	0.13339991
CAG873_MGBC112867	N	 0.29842140	0.05872455	0.00000042	0.00000124	 0.09889731	 0.23449746	 0.30333507	 0.41811783	0.04624870	0.04573688	0.04423148	0.04654460	0.00000000	0.00000000	0.04139975	0.01086966	0.00003480	0.00022259	0.11584581	0.37127917	0.02592262	0.07174348	0.00000011
CAG873_MGBC156312	N	-0.13633833	0.02968146	0.00000436	0.00001114	 0.21889332	 0.36778395	 0.32740217	 0.32652411	0.07065938	0.06955451	0.06834985	0.07168356	0.00000006	0.00000010	0.10382134	0.03038021	0.00001621	0.00011983	0.01014079	0.00601036	0.00000007	0.05413043	0.10859473
CAG873_MGBC157102	N	-0.30774773	0.03611636	0.00000000	0.00000000	 0.28817709	 0.35665770	 0.06272360	-0.07911574	0.07782341	0.07809918	0.07470945	0.07860330	0.00000004	0.00000007	0.09788884	0.03352801	0.00080503	0.00238059	0.01094585	0.03667748	0.04869904	0.05914088	0.16687489
CAG873_MGBC163040	N	-0.05307123	0.02786960	0.05688338	0.07695986	 0.10331511	 0.20023124	 0.30038040	 0.38698483	0.06913447	0.06957690	0.06758758	0.07043631	0.00000008	0.00000012	0.08086018	0.03499435	0.00672606	0.01289161	0.00000006	0.01552881	0.00000010	0.01183642	0.27566753
CAG873_sp001689665	N	-0.03395878	0.03019463	0.26070678	0.31015117	 0.15764556	 0.19172484	 0.45181837	 0.52070476	0.07023508	0.06897852	0.06783268	0.07117110	0.00000000	0.00000000	0.09668332	0.03085841	0.00031517	0.00113131	0.00488274	0.00635936	0.00000007	0.06093876	0.09573706
CAG95_MGBC105224	N	-0.12119926	0.02650664	0.00000481	0.00001186	-0.11388198	-0.08534660	-0.40480966	-0.47877807	0.08178912	0.08171072	0.07911663	0.08263816	0.00000000	0.00000000	0.04673535	0.02618400	0.05415907	0.07327403	0.03921998	0.00000007	0.05404614	0.05382124	0.08762879
CAG95_MGBC108766	N	-0.16492438	0.03016682	0.00000005	0.00000015	-0.36464098	-0.50914364	-0.48977577	-0.81911173	0.07344486	0.07412741	0.07160710	0.07443822	0.00000000	0.00000000	0.02872917	0.02841109	0.28840473	0.32445532	0.00368818	0.02232314	0.04163607	0.02273827	0.18086390
CAG95_MGBC114603	N	-0.11314163	0.02657208	0.00002063	0.00004544	-0.20498157	-0.13003247	-0.46524683	-0.67645584	0.06681082	0.06609886	0.06510131	0.06786348	0.00000000	0.00000000	0.08328488	0.03194347	0.00473096	0.00967615	0.01070754	0.00576052	0.00000006	0.02914952	0.12879209
CAG95_MGBC123032	N	-0.15634069	0.03038309	0.00000027	0.00000082	 0.07512331	-0.01546894	 0.37592934	 0.65246501	0.07128739	0.07018898	0.06908090	0.07201138	0.00000000	0.00000000	0.04439225	0.02506139	0.04031563	0.06003838	0.00000008	0.00968960	0.01005971	0.05455090	0.10101873
CAG95_MGBC161056	N	 0.08861936	0.03812852	0.02015984	0.03002221	-0.24819307	-0.39694950	-0.26184198	-0.02003544	0.07884197	0.08003308	0.07693395	0.07995632	0.00000037	0.00000055	0.05536857	0.02584702	0.01862465	0.03059764	0.04056299	0.04381601	0.06668180	0.02052190	0.06338267
CAG95_sp003612395	N	-0.15073837	0.03776495	0.00006538	0.00013269	-0.36742552	-0.58228849	-0.42279853	-0.87156251	0.07590556	0.07675137	0.07380246	0.07679816	0.00000000	0.00000000	0.02192439	0.02461779	0.33723852	0.37330681	0.01764004	0.05340219	0.05717346	0.02723962	0.14298088
COE1_MGBC111351	N	-0.17083456	0.03005307	0.00000001	0.00000005	-0.44416090	-0.97463083	-0.44434014	-0.84288356	0.07294475	0.07302957	0.07090277	0.07382250	0.00000000	0.00000000	0.06084204	0.02663971	0.00930798	0.01705090	0.01030222	0.01815720	0.04762426	0.04062225	0.07316331
COE1_MGBC113999	N	-0.12128636	0.03675151	0.00096685	0.00172532	 0.07886070	 0.04679990	 0.26744904	 0.53461209	0.07567774	0.07584795	0.07364867	0.07670276	0.00000000	0.00000000	0.05629788	0.03173544	0.06499749	0.08461938	0.01221485	0.03831215	0.02400219	0.02909139	0.17510935
COE1_MGBC134341	N	-0.06855044	0.02388749	0.00410902	0.00664505	-0.01050084	-0.70654542	-0.45151369	-1.01224809	0.07138310	0.07100462	0.06941433	0.07229813	0.00000000	0.00000000	0.05833653	0.02893288	0.02719668	0.04242242	0.00000008	0.00000008	0.03011902	0.04264733	0.10415324
COE1_MGBC135202	N	-0.05496051	0.02428459	0.02348865	0.03424049	 0.08415379	 0.10094138	 0.00983366	-0.06654372	0.07838373	0.07927804	0.07627016	0.07967771	0.32263697	0.33730229	0.09582539	0.03741087	0.00476796	0.00967615	0.00027462	0.00096142	0.03680488	0.02423698	0.20285889
COE1_MGBC145421	N	-0.02016824	0.05822305	0.72177326	0.74703532	-0.22996368	-0.39345178	-0.44247719	-0.56068870	0.07158099	0.07063266	0.06909043	0.07223033	0.00000000	0.00000000	0.03457847	0.01381217	0.00063767	0.00203075	0.00218968	0.49710756	0.01300260	0.04273258	0.00937102
COE1_sp000403215	N	-0.21243442	0.03238585	0.00000000	0.00000000	 0.16390479	 0.56025800	 0.00593392	 0.00966091	0.07372230	0.07331264	0.07158421	0.07459294	0.00000000	0.00000000	0.06120224	0.02848247	0.02410645	0.03868244	0.02870292	0.01804075	0.02702578	0.04576353	0.09291174
COE1_sp000403335	N	-0.24231100	0.02587388	0.00000000	0.00000000	-0.20888921	-0.17615321	-0.09569702	-0.23331101	0.07284959	0.07344218	0.07136248	0.07412639	0.00636306	0.00719756	0.08244925	0.02950461	0.00062343	0.00201640	0.02216793	0.00656149	0.03164281	0.01574123	0.11292583
COE1_sp002358575	N	-0.04324500	0.03699584	0.24250033	0.29015935	-0.43209945	-0.66547057	-0.39850353	-0.73262730	0.07440135	0.07394820	0.07241549	0.07514130	0.00000000	0.00000000	0.03751079	0.02075410	0.04770708	0.06730557	0.00358290	0.04571091	0.04031089	0.04512696	0.01075892
COE1_sp002490665	N	 0.02137346	0.03439757	0.53430364	0.58518970	-0.32846117	-0.59205707	-0.31672749	-0.29538667	0.09056815	0.09097170	0.08726285	0.09116656	0.00000000	0.00000001	0.00000009	0.00000000	1.00000000	1.00000000	0.00000008	0.01688105	0.09809638	0.06191557	0.05077429
Chao1	Y	-0.10074616	0.02964825	0.00067749	0.00125215	 0.08547421	 0.00775240	 0.07833092	 0.15965768	0.06534394	0.06317458	0.06207413	0.06516194	0.10402903	0.11157518	0.00000008	0.00000000	1.00000000	1.00000000	0.04994125	0.00000008	0.00000008	0.10373195	0.02943947
ClostridiumQ_MGBC161412	N	-0.19813981	0.02990108	0.00000000	0.00000000	 0.05223417	-0.05830367	-0.09167353	-0.63826332	0.07893502	0.07887706	0.07646532	0.07978417	0.00000000	0.00000000	0.05482076	0.02595396	0.01784794	0.02979455	0.04807998	0.00870946	0.04703863	0.04921071	0.08411927
Desulfovibrio_MGBC129232	N	 0.21478826	0.04731292	0.00000566	0.00001362	-0.00101438	 0.01830983	-0.18116966	 0.13469291	0.07785155	0.07818471	0.07368164	0.07823333	0.00372915	0.00428852	0.09602026	0.02902381	0.00004872	0.00028012	0.00000011	0.16360573	0.06567400	0.07748407	0.13870520
Dorea_MGBC000041	N	-0.10294407	0.02466042	0.00002981	0.00006495	-0.45331620	-0.66197335	-0.56482346	-0.90472044	0.06948843	0.07041527	0.06812218	0.07087966	0.00000000	0.00000000	0.11961176	0.03459344	0.00006370	0.00033810	0.00000007	0.00825349	0.03221633	0.01192519	0.13070372
Dorea_MGBC000089	N	 0.12342376	0.03119057	0.00007581	0.00015236	 0.08687572	 0.29075814	-0.08297470	-0.25373701	0.07502842	0.07477205	0.07291282	0.07624440	0.00000000	0.00000000	0.13450760	0.03332919	0.00000282	0.00003544	0.01922221	0.01258251	0.02053796	0.04001513	0.08730728
Dorea_MGBC000111	N	-0.28488605	0.02413377	0.00000000	0.00000000	-0.17197049	-0.01275402	 0.01702194	-0.02652633	0.07575431	0.07583975	0.07405923	0.07686728	0.15546158	0.16502844	0.05793929	0.02585732	0.01429821	0.02454014	0.00456987	0.00000008	0.04460802	0.02824930	0.04125064
Dorea_MGBC105254	N	-0.03833454	0.02809275	0.17239415	0.21115733	 0.22159125	 0.40823787	 0.25827232	 0.42606280	0.07634632	0.07716561	0.07463946	0.07761664	0.00000001	0.00000002	0.09422174	0.02810541	0.00003656	0.00022259	0.08332630	0.00920581	0.04663626	0.01907011	0.05571349
Dorea_MGBC107888	N	 0.04899370	0.02282627	0.03186027	0.04548328	 0.07036542	 0.00336950	-0.02485819	 0.08892517	0.07876932	0.08058823	0.07682509	0.08029623	0.66168774	0.66489982	0.12469786	0.03690732	0.00009816	0.00047256	0.00886881	0.00048238	0.05221618	0.01533185	0.17569125
Dorea_MGBC109699	N	-0.04668117	0.02346570	0.04667682	0.06484632	 0.02765894	 0.01602970	 0.21336804	 0.37884081	0.07573292	0.07616426	0.07418713	0.07704835	0.00000231	0.00000328	0.06617862	0.02941965	0.01223248	0.02182865	0.01055522	0.00000008	0.03425045	0.01833561	0.10270005
Dorea_MGBC111235	N	 0.18414043	0.02759171	0.00000000	0.00000000	 0.00016032	-0.17784154	-0.29842504	-0.33903766	0.07517085	0.07512667	0.07352366	0.07648210	0.00000103	0.00000149	0.11917851	0.03091866	0.00000711	0.00006687	0.00000008	0.00587295	0.02848294	0.02623592	0.04323335
Dorea_MGBC116946	N	-0.11915480	0.02756447	0.00001538	0.00003498	-0.07251059	-0.19931963	 0.08721015	-0.02367588	0.07883518	0.07979416	0.07692863	0.08001926	0.02733896	0.02994268	0.05566739	0.02912143	0.03657443	0.05494888	0.03186889	0.00740732	0.05032244	0.02122559	0.12997148
Dorea_MGBC117094	N	-0.05237102	0.03213020	0.10309501	0.13173252	-0.25543068	-0.61286582	-0.42120131	-1.13532543	0.07364681	0.07352843	0.07159923	0.07459456	0.00000000	0.00000000	0.08271330	0.02738704	0.00034593	0.00119344	0.01180657	0.02188624	0.03974841	0.04273784	0.05298879
Dorea_MGBC129764	N	-0.05096239	0.03020661	0.09160159	0.11850955	-0.35565385	-0.48491290	-0.58180394	-1.13318988	0.07023492	0.07004902	0.06848168	0.07113357	0.00000000	0.00000000	0.05657578	0.02600957	0.01434472	0.02454014	0.04226234	0.01684165	0.02946523	0.03260405	0.07161176
Dorea_MGBC129937	N	-0.23999235	0.02909121	0.00000000	0.00000000	-0.10023639	-0.17693745	-0.03470460	 0.14037268	0.07765536	0.07954570	0.07605194	0.07904977	0.00862706	0.00970545	0.05125167	0.02874827	0.04432470	0.06553723	0.00000007	0.01808426	0.06761724	0.01031203	0.13561103
Dorea_sp000403455	N	 0.25645941	0.04116463	0.00000000	0.00000000	 0.03202797	-0.14060045	-0.20128813	-0.37754628	0.08028993	0.08002317	0.07732535	0.08095850	0.00000248	0.00000348	0.04484038	0.02490831	0.04547969	0.06583424	0.00296298	0.06106248	0.04983250	0.07059565	0.09669284
Dubosiella_newyorkensis	N	 0.28298061	0.03474612	0.00000000	0.00000000	-0.31992364	-0.15703194	-0.00817622	 0.58031566	0.08191684	0.08210695	0.07862391	0.08238080	0.00000000	0.00000000	0.01339951	0.01885526	0.42973169	0.46788169	0.03602102	0.02601040	0.08622628	0.07097350	0.07061797
Duncaniella_MGBC102213	N	-0.03581561	0.02593816	0.16729688	0.20613366	-0.03325332	 0.07000963	 0.14246323	 0.32867640	0.07316485	0.07407000	0.07144350	0.07474799	0.00004672	0.00005897	0.17882921	0.03977764	0.00000003	0.00000155	0.00000006	0.00682632	0.01453735	0.01489348	0.19693262
Duncaniella_MGBC102972	N	-0.16992966	0.03265329	0.00000019	0.00000061	 0.16663894	 0.13586478	 0.19436727	 0.16361326	0.08309648	0.08360825	0.08015262	0.08413985	0.09320333	0.10048484	0.13685548	0.03343521	0.00000065	0.00001610	0.01538110	0.01505929	0.05509850	0.04869689	0.10395867
Duncaniella_MGBC106904	N	 0.16522263	0.03992692	0.00003509	0.00007566	 0.03866038	 0.35149794	 0.20692914	 0.32032599	0.07648999	0.07621022	0.07408034	0.07758859	0.00000063	0.00000093	0.12961857	0.03172138	0.00000204	0.00003015	0.00660092	0.05029791	0.02852004	0.05202227	0.07094732
Duncaniella_MGBC164402	N	-0.38237450	0.04702352	0.00000000	0.00000000	 0.08299567	 0.21775354	 0.28242498	 0.27926863	0.07248149	0.07208750	0.06928797	0.07290573	0.00003838	0.00004935	0.04352338	0.02250574	0.03043481	0.04666671	0.05050317	0.10509595	0.04969358	0.09173679	0.08566430
Duncaniella_muris	N	-0.17393051	0.03040416	0.00000001	0.00000004	 0.30549963	 0.55462451	 0.31464460	 0.13297967	0.07629273	0.07551035	0.07379640	0.07724392	0.00000000	0.00000000	0.09169614	0.03064010	0.00071576	0.00217887	0.00989265	0.00655376	0.02021232	0.06267273	0.09329715
Duncaniella_sp001689425	N	 0.05970083	0.03284002	0.06906935	0.09164971	 0.41945687	 0.59886455	 0.57510828	 0.60854085	0.08441354	0.08453655	0.08127052	0.08523660	0.00000000	0.00000000	0.09316478	0.02774113	0.00006228	0.00033810	0.02660641	0.01321040	0.06718348	0.06500600	0.05186362
Duncaniella_sp002492665	N	 0.30098737	0.04893999	0.00000000	0.00000000	 0.14219523	 0.27963189	 0.21261335	 0.30405031	0.05314588	0.05265304	0.04990808	0.05305239	0.00000000	0.00000000	0.01863343	0.00747045	0.01205159	0.02169286	0.01401639	0.43111070	0.05186973	0.12952628	0.00000004
Emergencia_MGBC000042	N	-0.11225343	0.03214221	0.00047790	0.00090756	 0.18910888	 0.27477801	-0.31392698	-1.04205952	0.06624323	0.06515522	0.06404496	0.06677911	0.00000000	0.00000000	0.04070534	0.02294137	0.05648995	0.07500905	0.00891506	0.02175577	0.01813517	0.06931116	0.04159367
Erysipelatoclostridium_cocleatum	N	-0.02956172	0.02882037	0.30527689	0.35106842	 0.16828580	 0.13485408	 0.42327480	 0.30504143	0.07662257	0.07665327	0.07465411	0.07787969	0.00000028	0.00000043	0.12854741	0.03251090	0.00001409	0.00010805	0.03116366	0.00716890	0.03147889	0.03305663	0.05456594
Escherichia_flexneri	N	 0.22613373	0.02631095	0.00000000	0.00000000	 0.09992637	 0.27849036	 0.16224851	 0.52209841	0.07458139	0.07412880	0.07237432	0.07570747	0.00000000	0.00000000	0.12773769	0.03136276	0.00000070	0.00001610	0.00000007	0.00141325	0.02758329	0.05052536	0.06660209
EubacteriumF_MGBC164771	N	-0.15396954	0.02662391	0.00000001	0.00000003	 0.06595450	 0.20609516	-0.13440211	-0.49676887	0.08841453	0.08956155	0.08354871	0.08858285	0.00000000	0.00000000	0.02315477	0.02370438	0.30224216	0.33818448	0.08628839	0.00144842	0.13010499	0.06986552	0.15223203
EubacteriumF_MGBC165605	N	-0.23705619	0.03212528	0.00000000	0.00000000	 0.04325637	 0.11126265	-0.14048266	-0.32326626	0.06525990	0.06521014	0.06385702	0.06646963	0.00000000	0.00000001	0.10629144	0.03216744	0.00009519	0.00046915	0.04257565	0.02657137	0.00461524	0.01592755	0.12911002
EubacteriumF_MGBC166763	N	 0.10874116	0.03661504	0.00297947	0.00485630	-0.08179543	-0.09066963	 0.20222629	 0.50837830	0.09196264	0.09336984	0.08519235	0.09138076	0.00000000	0.00000000	0.00000004	0.00000000	1.00000000	1.00000000	0.07842151	0.02862271	0.18137880	0.08721817	0.15849979
EubacteriumJ_MGBC107002	N	-0.11353273	0.02530701	0.00000724	0.00001702	-0.11300833	-0.14327665	-0.15069414	-0.26162076	0.06897420	0.06856797	0.06768065	0.06991858	0.00496543	0.00567870	0.01965048	0.02582811	0.44717091	0.47960818	0.00917306	0.00432717	0.00907071	0.01341449	0.12077894
EubacteriumJ_MGBC130483	N	-0.01963699	0.02524515	0.43679036	0.49138916	-0.28833370	-0.54285760	-0.68976991	-1.15349475	0.07330953	0.07431664	0.07186549	0.07447274	0.00000000	0.00000000	0.03257387	0.02515760	0.16179727	0.18922054	0.00027159	0.00812072	0.05836531	0.01462059	0.09396282
EubacteriumJ_MGBC166616	N	-0.04002024	0.03633498	0.27073879	0.31662672	-0.17602497	-0.31206495	-0.28213874	-0.39529610	0.07883858	0.07808567	0.07639909	0.07951888	0.00000248	0.00000348	0.02607461	0.02288251	0.22234314	0.25569461	0.00034972	0.02773392	0.03242557	0.05997290	0.07363914
Evtepia_MGBC117610	N	 0.06415198	0.03086746	0.03771122	0.05310356	-0.15028615	-0.14512661	-0.49071104	-0.86119326	0.07560879	0.07494575	0.07351419	0.07633083	0.00000000	0.00000000	0.03655467	0.02194434	0.06944156	0.08873088	0.01776981	0.01061092	0.03642381	0.04964074	0.01585675
Flavonifractor_MGBC117744	N	 0.09036724	0.02666348	0.00069972	0.00128178	-0.17748744	-0.22971693	-0.38285039	-0.57631747	0.07408096	0.07422714	0.07255737	0.07524364	0.00000000	0.00000000	0.05773811	0.02974745	0.04779671	0.06730557	0.02406972	0.00556765	0.02622781	0.01889899	0.10096883
HungatellaA_MGBC142035	N	-0.23658887	0.02472287	0.00000000	0.00000000	-0.01461475	-0.00452184	-0.22738689	-0.45205303	0.07085935	0.07123927	0.06904846	0.07189612	0.00000000	0.00000000	0.05005388	0.02987310	0.07183152	0.09122163	0.08821278	0.00457724	0.02706762	0.02359206	0.16872858
HungatellaA_MGBC165023	N	-0.04496240	0.02706308	0.09664824	0.12426202	-0.22958674	-0.06770717	-0.52970510	-0.91395387	0.07539950	0.07591387	0.07348918	0.07657267	0.00000000	0.00000000	0.09919980	0.03068701	0.00007331	0.00037938	0.01253180	0.00739002	0.04336107	0.02791333	0.09634794
HungatellaA_sp002358555	N	-0.14210857	0.02911097	0.00000105	0.00000290	 0.05773349	 0.10472311	 0.31150819	 0.34868363	0.08431514	0.08471975	0.08160579	0.08530680	0.00003903	0.00004956	0.08382125	0.02922510	0.00117259	0.00323634	0.01362569	0.00519651	0.06460933	0.04728270	0.07242442
Kineothrix_MGBC130615	N	-0.01428388	0.02947574	0.62798732	0.67204444	 0.25878589	 0.57883828	 0.38377476	 0.60895703	0.07845724	0.07825507	0.07601957	0.07947388	0.00000000	0.00000000	0.10157570	0.03127819	0.00021930	0.00085653	0.01822423	0.00680839	0.03831106	0.05146070	0.07478970
Kineothrix_MGBC158835	N	 0.01499963	0.04188407	0.71626455	0.74505910	 0.31183906	 0.34246036	 0.18888960	 0.49351232	0.08307285	0.08479296	0.07939741	0.08356339	0.00000004	0.00000006	0.03368335	0.01911098	0.06769123	0.08703158	0.15081745	0.05716952	0.13192769	0.04167680	0.02859198
Kineothrix_MGBC162921	N	-0.15971006	0.03215873	0.00000068	0.00000196	 0.06863209	 0.38088402	 0.26897173	 0.32073667	0.07454681	0.07412584	0.07271343	0.07554494	0.00000006	0.00000010	0.07031372	0.02624670	0.00185354	0.00483452	0.01242628	0.01629677	0.02490341	0.03445197	0.05266959
Kineothrix_sp000403275	N	 0.20953572	0.03725482	0.00000002	0.00000006	 0.11757497	 0.14242682	 0.30390772	 0.96106554	0.06978432	0.06909824	0.06732608	0.07017733	0.00000000	0.00000000	0.00000044	0.00000002	0.98625046	1.00000000	0.04073583	0.04625410	0.03855728	0.07355484	0.07989382
Lachnospira_MGBC164289	N	-0.14796124	0.03009744	0.00000089	0.00000251	 0.00011047	-0.06212489	-0.27109237	-0.74318883	0.06885258	0.06829022	0.06703181	0.06978943	0.00000000	0.00000000	0.07656806	0.02591076	0.00028607	0.00105743	0.06035533	0.01336932	0.01638733	0.03670280	0.06357906
LachnospiraceaeNOV_MGBC000200	N	-0.07359391	0.03759254	0.05031291	0.06897200	-0.02670601	 0.02084259	-0.18071880	-0.41103542	0.08924677	0.09009349	0.08570611	0.08996904	0.00001359	0.00001827	0.06711532	0.02509159	0.00186841	0.00483452	0.01274566	0.03067933	0.09969899	0.05765435	0.05412363
LachnospiraceaeNOV_MGBC102897	N	-0.05805433	0.02542056	0.02239285	0.03310942	-0.44379777	-0.59311034	-0.60250473	-0.90103047	0.07246719	0.07261751	0.07075043	0.07349348	0.00000000	0.00000000	0.04291659	0.02733530	0.06730471	0.08703158	0.00636986	0.00473250	0.02931893	0.02508576	0.14861428
LachnospiraceaeNOV_MGBC105353	N	-0.06476207	0.02463854	0.00857629	0.01344919	-0.16313223	-0.61390413	-0.21274009	-0.65350083	0.07769151	0.07783652	0.07537550	0.07858961	0.00000000	0.00000000	0.02988904	0.02807674	0.26983601	0.30690140	0.01539788	0.00000007	0.04680406	0.04110344	0.14678102
LachnospiraceaeNOV_MGBC108519	N	-0.31962848	0.02082414	0.00000000	0.00000000	-0.20288650	-0.39891122	-0.01721474	 0.01837568	0.07436950	0.07619793	0.07278416	0.07573056	0.00000035	0.00000053	0.01805085	0.02728617	0.48886623	0.52162531	0.02296678	0.00000007	0.06601495	0.01125881	0.17777832
LachnospiraceaeNOV_MGBC113942	N	-0.01765946	0.02714113	0.51554320	0.56764596	 0.03651910	 0.28017694	 0.30288761	 0.89764494	0.08063306	0.08203769	0.07845013	0.08173361	0.00000000	0.00000000	0.04980333	0.02705200	0.05895877	0.07724345	0.04831664	0.00721415	0.08195568	0.02500389	0.08107269
LachnospiraceaeNOV_MGBC114200	N	-0.10202543	0.02523517	0.00005210	0.00010785	-0.16161133	-0.35791601	-0.03051522	-0.34941019	0.08439999	0.08720056	0.08168746	0.08550820	0.00001060	0.00001434	0.03184356	0.02302877	0.12344162	0.14770183	0.06299392	0.00416889	0.13775762	0.02270068	0.09879770
LachnospiraceaeNOV_MGBC129472	N	 0.04572891	0.02637506	0.08275229	0.10773411	 0.02462505	 0.06002122	 0.46213022	 1.00304160	0.07517792	0.07506877	0.07300131	0.07607559	0.00000000	0.00000000	0.06163891	0.02636922	0.00625147	0.01244284	0.02991826	0.00344813	0.04468813	0.04509805	0.06844540
LachnospiraceaeNOV_MGBC131033	N	-0.05546274	0.03060187	0.06991563	0.09218175	-0.25008093	-0.30217532	-0.53572899	-0.69956576	0.07256598	0.07175856	0.07038400	0.07318330	0.00000000	0.00000000	0.00229658	0.02352001	0.91994910	0.95693197	0.00086987	0.01364772	0.01642333	0.04798835	0.16090513
LachnospiraceaeNOV_MGBC136627	N	-0.12832530	0.03766106	0.00064897	0.00121023	 0.10312821	 0.04275193	 0.12305086	 0.06094986	0.07852839	0.07806949	0.07579138	0.07934172	0.51070875	0.52077198	0.07709635	0.02752045	0.00149903	0.00402987	0.05403984	0.02840286	0.03645559	0.06598816	0.07052795
LachnospiraceaeNOV_MGBC140906	N	-0.17569623	0.02809383	0.00000000	0.00000000	 0.40655178	 0.68775149	 0.48559848	 0.80639886	0.08192436	0.08297845	0.07947095	0.08287777	0.00000000	0.00000000	0.04083972	0.02374764	0.05388244	0.07327403	0.06543890	0.00737981	0.08023078	0.03301838	0.07688990
LachnospiraceaeNOV_MGBC153991	N	-0.00092217	0.03217255	0.97699421	0.98173690	-0.13411528	-0.03055390	-0.42623190	-0.60126037	0.07222374	0.07187715	0.07029215	0.07330509	0.00000000	0.00000000	0.08986886	0.03170189	0.00147787	0.00402525	0.02220464	0.01811782	0.01320761	0.03410991	0.12571603
LachnospiraceaeNOV_MGBC164599	N	-0.10314272	0.02689971	0.00012605	0.00024159	-0.02636236	-0.04626095	-0.26173007	-0.66000575	0.07765764	0.07744425	0.07557189	0.07864860	0.00000000	0.00000000	0.06698993	0.02661387	0.00429631	0.00907925	0.01900927	0.00227421	0.04174402	0.04172374	0.04402081
LachnospiraceaeNOV_MGBC165132	N	-0.09409184	0.02901053	0.00118089	0.00205416	 0.01432738	 0.21799622	-0.13500843	-0.41529609	0.07342037	0.07278356	0.07153072	0.07416018	0.00000000	0.00000000	0.01232793	0.02389767	0.60033192	0.63727543	0.00510168	0.00846833	0.02021021	0.03545876	0.11505433
Lactobacillus_johnsonii	N	 0.07597553	0.02337858	0.00114938	0.00201628	 0.22357215	 0.79766294	 0.49963859	 0.69323341	0.06846785	0.06819463	0.06660531	0.06993112	0.00000000	0.00000000	0.20270783	0.03594245	0.00000000	0.00000000	0.01125381	0.00008669	0.00942075	0.03431223	0.08696896
Lawsonibacter_MGBC000555	N	-0.12462146	0.02667235	0.00000298	0.00000781	-0.07068982	-0.14958479	-0.34930262	-0.43690795	0.07489020	0.07474198	0.07298622	0.07605147	0.00000000	0.00000001	0.09612619	0.03338436	0.00195855	0.00500518	0.00355470	0.00366933	0.02552596	0.03331637	0.10032432
Lawsonibacter_MGBC105408	N	-0.17513114	0.02916242	0.00000000	0.00000001	-0.11787369	-0.26324951	-0.48245133	-0.72901262	0.06595109	0.06510447	0.06430851	0.06661385	0.00000000	0.00000000	0.02918050	0.02333981	0.19694065	0.22774701	0.02192634	0.01302972	0.01277158	0.03241224	0.05376079
Lawsonibacter_MGBC116689	N	-0.02019058	0.02792466	0.46964972	0.52549996	-0.28294571	-0.38895094	-0.62789387	-1.09754773	0.07127584	0.07083936	0.06911738	0.07221535	0.00000000	0.00000000	0.09803356	0.02950879	0.00014266	0.00063912	0.03908348	0.00730212	0.02902053	0.05145518	0.05990333
Lawsonibacter_MGBC131434	N	-0.13305920	0.02906082	0.00000469	0.00001170	 0.07052984	 0.10891899	-0.11773858	 0.15048842	0.06852281	0.06770849	0.06674193	0.06937647	0.00214419	0.00247959	0.03839132	0.02641052	0.10457563	0.12659155	0.04724038	0.00914053	0.00026406	0.02828314	0.13932053
Lawsonibacter_MGBC163672	N	 0.16702746	0.03102681	0.00000007	0.00000024	 0.04619168	-0.01456028	-0.31268085	-0.20797678	0.07325170	0.07243822	0.07129657	0.07427260	0.00000223	0.00000318	0.09726001	0.02689083	0.00001390	0.00010805	0.01402905	0.00995317	0.01959280	0.04323678	0.00474571
Lawsonibacter_MGBC165440	N	 0.27266056	0.03526974	0.00000000	0.00000000	-0.06980682	-0.13474307	-0.22486069	-0.00927846	0.07630734	0.07591856	0.07344073	0.07691863	0.01433763	0.01595639	0.05260040	0.02183443	0.00641332	0.01252412	0.15890648	0.02316341	0.04673553	0.06909083	0.04005533
Lawsonibacter_sp003612335	N	-0.11489446	0.02792487	0.00003878	0.00008277	-0.24810391	-0.49770599	-0.79171172	-1.21887765	0.06600301	0.06524842	0.06394790	0.06674224	0.00000000	0.00000000	0.06874205	0.02597383	0.00168149	0.00446243	0.02186568	0.01034747	0.02149567	0.05872912	0.06195544
Ligilactobacillus_MGBC161554	N	 0.31027403	0.04328639	0.00000000	0.00000000	 0.03552780	 0.41467509	 0.15199811	 0.85544894	0.07778533	0.07759578	0.06735110	0.07539855	0.00000000	0.00000000	0.00000003	0.00000000	0.99551196	1.00000000	0.08749052	0.10092515	0.26440709	0.23160414	0.00000003
Ligilactobacillus_murinus	N	 0.39285456	0.04437357	0.00000000	0.00000000	 0.33842332	 0.47794957	 0.45713971	 0.76057812	0.06642416	0.06614993	0.06171045	0.06603818	0.00000000	0.00000000	0.00775772	0.00699708	0.19110165	0.22223619	0.00000013	0.25472371	0.10962527	0.15797743	0.00000005
MarseilleP3106_MGBC161418	N	-0.06460551	0.02706402	0.01698426	0.02547638	 0.13771605	 0.08985715	 0.29163768	 0.17604108	0.06880133	0.06770154	0.06711303	0.06948527	0.00052643	0.00062028	0.02884770	0.02183084	0.14887756	0.17510031	0.01175728	0.00339654	0.00895034	0.02942942	0.03412674
MuribaculaceaeNOV_MGBC128991	N	 0.31227272	0.05174576	0.00000000	0.00000001	 0.11341801	-0.01016083	 0.08024443	 0.33541896	0.06993899	0.07060134	0.06635410	0.07033081	0.00001520	0.00002004	0.08748460	0.02991651	0.00076411	0.00229232	0.04157919	0.17928785	0.06256239	0.05519048	0.15475589
Muribaculum_intestinale	N	 0.18134029	0.05618408	0.00128080	0.00220937	 0.32082700	 0.51429131	 0.36886820	 0.54586580	0.05863918	0.05805416	0.05558648	0.05890987	0.00000000	0.00000000	0.06516768	0.01405698	0.00000027	0.00000841	0.02849761	0.34419237	0.03919103	0.11797928	0.00000010
Muribaculum_sp002492595	N	 0.03831452	0.02369193	0.10605793	0.13468706	-0.06652941	-0.13684471	-0.08576101	 0.20247541	0.07123976	0.07338139	0.06939008	0.07282329	0.00055089	0.00064426	0.18680896	0.04662624	0.00000831	0.00007478	0.00436277	0.00623885	0.02322884	0.00894693	0.28376638
Oscillibacter_MGBC000151	N	 0.00440320	0.03167159	0.88936775	0.90244669	-0.08258014	-0.13918681	-0.46662858	-0.49484067	0.07698719	0.07659768	0.07492195	0.07793963	0.00000000	0.00000000	0.06065765	0.02827594	0.02725692	0.04242242	0.01230257	0.01284889	0.02877056	0.04061666	0.07771530
Oscillibacter_MGBC000153	N	-0.00531135	0.02879686	0.85366428	0.87479459	-0.28109116	-0.49746005	-0.58750475	-1.00151862	0.07117926	0.07032318	0.06909443	0.07194574	0.00000000	0.00000000	0.05214191	0.02471746	0.01339540	0.02330124	0.01147336	0.00708209	0.02012661	0.05176052	0.06415779
Oscillibacter_MGBC104027	N	-0.14011358	0.03090963	0.00000581	0.00001382	-0.18042822	-0.35389737	-0.44520804	-0.45868133	0.06732891	0.06668998	0.06560076	0.06847229	0.00000000	0.00000000	0.10803427	0.03323104	0.00031699	0.00113131	0.00408196	0.01867575	0.00000010	0.02957786	0.12054906
Oscillibacter_MGBC104191	N	-0.11882474	0.03071935	0.00010981	0.00021244	-0.21829182	-0.25011707	-0.37318937	-0.61056491	0.07423300	0.07368945	0.07220697	0.07513565	0.00000000	0.00000000	0.06400984	0.02707483	0.00697814	0.01325206	0.01521964	0.01164518	0.02638477	0.04379112	0.06078428
Oscillibacter_MGBC114107	N	-0.02184772	0.02583779	0.39782191	0.45246778	-0.17274225	-0.42865608	-0.23850854	-0.44883335	0.07354918	0.07367228	0.07209531	0.07483390	0.00000000	0.00000000	0.09001371	0.02775467	0.00003555	0.00022259	0.01218969	0.00403289	0.02644085	0.01863179	0.06690512
Oscillibacter_MGBC129725	N	-0.12466731	0.03065089	0.00004738	0.00010009	 0.01337393	-0.27039614	-0.03511700	-0.17403835	0.07384035	0.07367443	0.07203035	0.07489957	0.00052739	0.00062028	0.06356049	0.02980806	0.01507901	0.02558487	0.00338006	0.01548516	0.01864414	0.02833679	0.14018037
Oscillibacter_MGBC161747	N	-0.16253781	0.02403547	0.00000000	0.00000000	 0.18926988	 0.07581984	 0.13758359	 0.47950682	0.06998561	0.06943043	0.06859187	0.07098125	0.00000000	0.00000000	0.03813228	0.02419344	0.08002952	0.10101286	0.00906858	0.00047333	0.01449668	0.01968873	0.06622168
Oscillibacter_MGBC164430	N	 0.03587019	0.02954498	0.22471564	0.27362434	-0.16892570	-0.30120174	-0.56496663	-0.66246627	0.07434150	0.07390697	0.07236793	0.07526878	0.00000000	0.00000000	0.04956529	0.02815578	0.05705716	0.07522823	0.00883340	0.00949492	0.02080524	0.03712883	0.12055353
Oscillibacter_sp000403435	N	-0.10353261	0.02677072	0.00010981	0.00021244	 0.06517422	 0.23261900	-0.03516296	 0.28248535	0.07441942	0.07429584	0.07294733	0.07548687	0.00004794	0.00006015	0.03883935	0.02713874	0.14810309	0.17510031	0.00000008	0.00517738	0.02470145	0.01916842	0.09245616
OscillospiraceaeNOV_MGBC104380	N	-0.18137066	0.03002812	0.00000000	0.00000001	 0.18285032	-0.05775596	 0.08692101	 0.17603204	0.07844829	0.07835513	0.07635188	0.07941669	0.01387564	0.01552572	0.04698048	0.02895094	0.09098657	0.11414679	0.00000008	0.01020555	0.03523774	0.03712172	0.11728370
OscillospiraceaeNOV_MGBC105270	N	-0.06529723	0.02387186	0.00623188	0.00992307	 0.01253727	-0.12725379	-0.39583321	-0.83717196	0.06294755	0.06207412	0.06147668	0.06378639	0.00000000	0.00000000	0.04156457	0.02469644	0.05526144	0.07427999	0.04295375	0.00212884	0.00000047	0.02177417	0.08780543
OscillospiraceaeNOV_MGBC107693	N	-0.16931532	0.02891621	0.00000001	0.00000002	-0.05841922	-0.43417518	-0.18756031	-0.33659014	0.07316019	0.07306852	0.07122541	0.07430733	0.00000000	0.00000000	0.10471108	0.03234494	0.00013321	0.00061279	0.00742124	0.01062981	0.02126409	0.03326636	0.12387385
OscillospiraceaeNOV_MGBC109982	N	 0.07327326	0.03016680	0.01514948	0.02289010	-0.43436123	-0.85718261	-0.65350898	-1.01475142	0.07276223	0.07262965	0.07080093	0.07379725	0.00000000	0.00000000	0.09327117	0.02931639	0.00014820	0.00063912	0.00515267	0.01568570	0.03047343	0.03845128	0.08579594
OscillospiraceaeNOV_MGBC148330	N	-0.02810240	0.02675273	0.29338994	0.33928334	-0.08445122	-0.56521323	-0.20647904	-0.09908193	0.07700015	0.07844340	0.07470574	0.07824448	0.00000000	0.00000000	0.11947916	0.03872280	0.00047672	0.00159162	0.00793626	0.00813154	0.04315076	0.02206938	0.22887177
OscillospiraceaeNOV_MGBC161755	N	-0.20023890	0.02147997	0.00000000	0.00000000	 0.00995228	-0.00929242	-0.20536175	-0.22945549	0.06563498	0.06615011	0.06445065	0.06709429	0.00022495	0.00027391	0.09784933	0.03714041	0.00338705	0.00779020	0.00110200	0.00245277	0.00024638	0.00548030	0.23171410
OscillospiraceaeNOV_MGBC162040	N	-0.05740084	0.03064626	0.06111002	0.08161144	 0.00927879	-0.06679017	-0.12691856	 0.03556000	0.07527263	0.07476331	0.07319432	0.07631130	0.22702321	0.23854723	0.07664451	0.03030352	0.00353051	0.00803095	0.01210665	0.01005496	0.01553191	0.03947896	0.12079755
OscillospiraceaeNOV_MGBC163448	N	-0.15525850	0.02386364	0.00000000	0.00000000	-0.04242053	-0.11712938	-0.28420566	-0.38587779	0.07244552	0.07216034	0.07046415	0.07348335	0.00000016	0.00000025	0.05217341	0.03319921	0.10041040	0.12226442	0.00000007	0.00000007	0.01187979	0.03246196	0.21510652
PCoA1	Y	 0.18211309	0.03166846	0.00000001	0.00000003	 0.30767222	 0.59331128	 0.67007958	 1.10854662	0.06005528	0.05927182	0.05821873	0.06101711	0.00000000	0.00000000	0.12983558	0.03096337	0.00000028	0.00000841	0.01380459	0.03082143	0.00504545	0.04848602	0.05589180
PCoA2	Y	 0.38979362	0.04683899	0.00000000	0.00000000	-0.01291253	 0.02451363	 0.00529235	 0.26351693	0.05563615	0.05518306	0.05361737	0.05637754	0.00000188	0.00000272	0.10895531	0.02659943	0.00000020	0.00000823	0.04908062	0.17383835	0.01715941	0.06000465	0.06570114
PCoA3	Y	 0.13637022	0.04305493	0.00153177	0.00262047	-0.33248502	-0.58323915	-0.36886506	-0.76965134	0.07483134	0.07430082	0.07264716	0.07552182	0.00000000	0.00000000	0.03761596	0.02074483	0.05193446	0.07119492	0.00417852	0.09321068	0.03851149	0.05194738	0.01573209
Paramuribaculum_MGBC114255	N	-0.10527412	0.03328130	0.00156540	0.00265605	 0.35484868	 0.40597898	 0.69730680	 0.87994356	0.07177998	0.07101626	0.06950727	0.07288324	0.00000000	0.00000000	0.12981893	0.03242006	0.00000209	0.00003015	0.00000007	0.02088174	0.01103583	0.05637772	0.08975488
Paramuribaculum_intestinale	N	 0.34174252	0.04855204	0.00000000	0.00000000	 0.00408083	 0.21763773	 0.12054817	 0.19873576	0.06530555	0.06457008	0.06221807	0.06567120	0.00034004	0.00040923	0.06345726	0.01988793	0.00007968	0.00040230	0.01027564	0.19982307	0.04149418	0.12925518	0.01495983
Parvibacter_MGBC000220	N	 0.09003460	0.03263457	0.00580777	0.00931944	 0.28071705	 0.38788613	 0.26939768	-0.26344107	0.07176056	0.07148039	0.06961323	0.07305857	0.00000000	0.00000000	0.18432786	0.03490748	0.00000000	0.00000006	0.05060900	0.01818056	0.01795904	0.04313917	0.05384213
RuminiclostridiumE_MGBC129722	N	-0.06464648	0.03304351	0.05031291	0.06897200	-0.04844703	-0.66677958	-0.26062763	-0.49541523	0.08566720	0.08571333	0.08210618	0.08621635	0.00000000	0.00000000	0.04544275	0.02258928	0.01750817	0.02946497	0.03811050	0.01328175	0.07968607	0.07852030	0.06687698
Schaedlerella_MGBC000001	N	-0.04868543	0.03241182	0.13309745	0.16697680	-0.29241765	-0.46062380	-0.56158332	-1.04457398	0.07138067	0.07085789	0.06938039	0.07232817	0.00000000	0.00000000	0.08735071	0.02961913	0.00089288	0.00260317	0.00834404	0.02134175	0.02368111	0.04584230	0.06014397
Schaedlerella_MGBC163752	N	-0.01781523	0.04637676	0.70093599	0.73651650	-0.32991742	-0.60144723	-0.49487788	-0.69440868	0.07735344	0.07827915	0.07501839	0.07833112	0.00000000	0.00000000	0.05938360	0.02933367	0.02893774	0.04470233	0.01026212	0.11873900	0.04752214	0.02745840	0.15260458
Schaedlerella_sp000364245	N	-0.08230663	0.02442064	0.00075043	0.00136262	-0.03113601	-0.28091159	-0.41425948	-0.75188510	0.06721710	0.06633701	0.06529235	0.06825699	0.00000000	0.00000000	0.09011658	0.03151282	0.00224853	0.00560057	0.04335531	0.00000007	0.00350947	0.03978846	0.09408626
Schaedlerella_sp000403295	N	-0.16414656	0.02988019	0.00000004	0.00000013	-0.11867146	-0.21040473	-0.32620201	-0.47751892	0.07248994	0.07164700	0.07052106	0.07322686	0.00000000	0.00000000	0.03990666	0.02305034	0.05652856	0.07500905	0.01614974	0.00882009	0.02252358	0.04473909	0.03949781
Shannon	Y	-0.10683377	0.03104798	0.00057972	0.00109092	 0.06920083	-0.31472844	-0.02218245	-0.06015801	0.07252059	0.07225953	0.07107223	0.07359017	0.00001403	0.00001874	0.06250087	0.02571855	0.00429839	0.00907925	0.00000008	0.01921257	0.02141871	0.02084906	0.05640102
Simpson	Y	-0.04749291	0.03067504	0.12172375	0.15363912	 0.19336061	 0.00581338	 0.18318393	 0.26886544	0.07157861	0.07088006	0.07008412	0.07227965	0.00030088	0.00036422	0.00766710	0.02002254	0.68681808	0.72536399	0.00227325	0.01545877	0.01642113	0.02141099	0.06147282
TF0111_MGBC109838	N	-0.05601285	0.02977413	0.05997774	0.08061943	-0.02283914	-0.26702649	-0.24577618	-0.79440650	0.08275602	0.08267737	0.08004107	0.08357555	0.00000000	0.00000000	0.05877075	0.02405749	0.00368947	0.00827535	0.00440071	0.00619893	0.06398840	0.05979442	0.04096287
TF0111_MGBC111501	N	-0.16623517	0.02755807	0.00000000	0.00000001	-0.40268819	-0.32058740	-0.40614448	-0.39476239	0.08577881	0.08657973	0.08274144	0.08662931	0.00000006	0.00000010	0.05163741	0.02731002	0.03593281	0.05469185	0.00293611	0.00299154	0.08536779	0.04884047	0.11067042
TF0111_MGBC137941	N	-0.11582598	0.02550213	0.00000557	0.00001357	 0.17688168	 0.51159505	-0.07354717	-0.06274041	0.06991416	0.06986012	0.06876756	0.07099341	0.00000000	0.00000000	0.03450638	0.02366365	0.09548055	0.11764568	0.01179088	0.00562633	0.01937435	0.01056998	0.07851541
TF0111_MGBC140066	N	-0.12016509	0.02358153	0.00000035	0.00000104	 0.11464989	-0.01723192	-0.21066094	-0.73309252	0.07250374	0.07225824	0.07093002	0.07344375	0.00000000	0.00000000	0.02009438	0.02296610	0.33251026	0.37005174	0.00000008	0.00000008	0.02986374	0.02508624	0.09211489
Turicibacter_sp002311155	N	 0.44695717	0.02886966	0.00000000	0.00000000	-0.29692851	-0.21041229	-0.34649188	 0.32729552	0.08053228	0.08157687	0.07751878	0.08130337	0.00000000	0.00000000	0.07658005	0.02794992	0.00207783	0.00524526	0.02446329	0.01189391	0.09997350	0.04788276	0.06628358
UBA11940_MGBC107459	N	-0.00595729	0.03120892	0.84858919	0.87392021	-0.01982919	 0.16252986	 0.09974048	 0.42612532	0.08425019	0.08645793	0.08146711	0.08536349	0.00000424	0.00000578	0.07564157	0.03212653	0.00631490	0.01244938	0.00000006	0.01819595	0.09177131	0.02511428	0.18244047
UBA11940_MGBC162018	N	-0.14276869	0.02945731	0.00000127	0.00000346	 0.10960032	-0.15621627	-0.07275970	 0.01505008	0.08023210	0.08204902	0.07751952	0.08121746	0.05235848	0.05674453	0.04581624	0.03194903	0.11193036	0.13470688	0.03379333	0.01375524	0.06743655	0.02520493	0.25072186
UBA11940_sp003979335	N	-0.08065397	0.03155493	0.01058317	0.01630984	-0.46881722	-1.13997543	-0.40023346	-0.66301322	0.07518346	0.07636004	0.07238983	0.07606433	0.00000000	0.00000000	0.11687579	0.03558486	0.00017160	0.00070799	0.02363514	0.02560714	0.06550442	0.03678366	0.16873456
UBA1394_MGBC164932	N	-0.09963483	0.02997693	0.00088687	0.00159637	 0.01231845	-0.22134989	 0.22638518	 0.37523857	0.07297239	0.07344806	0.07132302	0.07434089	0.00000000	0.00000000	0.12745350	0.03599377	0.00005652	0.00031622	0.00215010	0.01745618	0.02027147	0.01860926	0.14525414
UBA2882_MGBC163421	N	-0.03179825	0.03316807	0.33765884	0.38616232	-0.09018867	-0.50918065	 0.01183636	 0.34854663	0.07270042	0.07328635	0.07085969	0.07405617	0.00000000	0.00000000	0.15345741	0.03782109	0.00000308	0.00003544	0.00516788	0.03013125	0.02187931	0.02194487	0.14959676
UBA3282_MGBC103686	N	-0.13129834	0.02864031	0.00000455	0.00001147	 0.17674353	 0.31989762	 0.01542645	-0.10954047	0.07677132	0.07679914	0.07482933	0.07783010	0.00000211	0.00000304	0.06593713	0.02842153	0.00818396	0.01540073	0.03156842	0.00737242	0.03384356	0.03172922	0.09105454
UBA3282_MGBC104969	N	-0.04725950	0.02673597	0.07709987	0.10101059	-0.05487827	-0.09519942	-0.07823508	-0.26079429	0.07557636	0.07508206	0.07375721	0.07637624	0.01570691	0.01738680	0.00044442	0.02221824	0.98341999	1.00000000	0.00000008	0.00293093	0.02297716	0.02923548	0.13277238
UBA3282_MGBC107550	N	 0.07283325	0.06022942	0.23078773	0.27775034	-0.12151626	-0.09880403	-0.03410947	-0.05793383	0.08167367	0.08101221	0.07792893	0.08197493	0.60760569	0.61654107	0.02691868	0.01585671	0.05130185	0.07119492	0.09826008	0.13567917	0.05351736	0.10416621	0.02667981
UBA3282_MGBC131258	N	-0.17616188	0.02668145	0.00000000	0.00000000	-0.03068941	-0.13936539	 0.11679534	 0.43942573	0.07641963	0.07710148	0.07467969	0.07764566	0.00000000	0.00000000	0.06038915	0.03223797	0.04727483	0.06730557	0.00832326	0.00631806	0.03388174	0.01894498	0.16498763
UBA3282_sp003611805	N	-0.13281624	0.02106881	0.00000000	0.00000000	-0.19555569	-0.67900035	-0.28028992	-0.91331645	0.06838140	0.06892874	0.06710061	0.06961627	0.00000000	0.00000000	0.05395083	0.02863388	0.02538500	0.04042074	0.00340933	0.00046959	0.03043709	0.01280903	0.13733186
UBA3700NOV_MGBC118395	N	 0.01646754	0.04312439	0.70463007	0.73665871	 0.15344007	 0.27567366	 0.26658407	 0.76523006	0.08185063	0.08260351	0.07833952	0.08252300	0.00000000	0.00000000	0.09900844	0.03108549	0.00059625	0.00195911	0.03799687	0.06485543	0.07777379	0.05610873	0.09838161
UBA3700NOV_MGBC128953	N	-0.21487796	0.02437961	0.00000000	0.00000000	 0.26353330	 0.29127209	 0.42217999	 0.77537300	0.07024176	0.07035046	0.06836747	0.07140255	0.00000000	0.00000000	0.07388528	0.03645752	0.02360679	0.03817661	0.00380436	0.00344504	0.00410800	0.02368667	0.27173435
UBA3700NOV_MGBC161649	N	-0.11375695	0.02426917	0.00000277	0.00000735	 0.22260251	 0.67308554	 0.38801688	 0.64067485	0.08196555	0.08409805	0.07959579	0.08318637	0.00000000	0.00000000	0.05228491	0.03005586	0.05181943	0.07119492	0.00872260	0.00214980	0.08947170	0.02147609	0.17367491
UBA3700_MGBC114095	N	-0.13638247	0.02609867	0.00000017	0.00000055	 0.11656091	-0.06783559	 0.19374083	 0.38680066	0.07553008	0.07598913	0.07339062	0.07672731	0.00000026	0.00000041	0.09375690	0.03659773	0.00250638	0.00603281	0.00000006	0.00471757	0.02127051	0.02767261	0.23665461
UBA7173_sp001689485	N	-0.19663584	0.03403861	0.00000001	0.00000003	 0.29145262	 0.49072308	 0.63814102	 0.85901927	0.06812506	0.06749039	0.06605167	0.06927500	0.00000000	0.00000000	0.13457387	0.03353585	0.00000110	0.00002208	0.01458763	0.02702919	0.00295407	0.04420948	0.11975287
UBA7173_sp001689685	N	 0.24141648	0.03744000	0.00000000	0.00000000	 0.00237882	-0.11334724	 0.03880384	-0.01144974	0.07562486	0.07645414	0.07289653	0.07660754	0.46641685	0.47796183	0.14231956	0.03521702	0.00000218	0.00003015	0.06581950	0.04066794	0.04787083	0.03727981	0.13395757
UBA7173_sp002491305	N	 0.03948553	0.02646838	0.13570477	0.16922221	 0.14313039	 0.12418362	 0.12665160	 0.11062449	0.07301845	0.07277231	0.07111977	0.07436132	0.22105741	0.23346370	0.13237721	0.03540331	0.00001044	0.00009007	0.01087428	0.00334936	0.00787942	0.02970828	0.14215286
UBA7182_MGBC000116	N	 0.04618966	0.03340362	0.16663039	0.20613366	-0.06781187	 0.02055615	-0.21465380	-0.69018182	0.07885833	0.07970127	0.07675309	0.07994272	0.00000000	0.00000000	0.06862945	0.02814113	0.00424757	0.00907925	0.02214482	0.02440219	0.05465993	0.02716996	0.10908981
UBA7182_MGBC105132	N	 0.02433078	0.02956115	0.41044892	0.46427829	 0.04621706	 0.31946833	-0.23954830	-0.41463231	0.07548683	0.07595350	0.07373540	0.07662592	0.00000000	0.00000000	0.07233866	0.02789226	0.00303101	0.00712976	0.04936409	0.01256915	0.03878327	0.02284412	0.08782210
UBA7182_MGBC105174	N	-0.17335120	0.02305299	0.00000000	0.00000000	-0.20771552	-0.50089750	-0.51911468	-1.13806410	0.06999124	0.06989362	0.06786985	0.07103371	0.00000000	0.00000000	0.12067516	0.03258949	0.00002459	0.00016964	0.02050183	0.00000022	0.03388316	0.04558967	0.09346116
UBA946_MGBC137711	N	-0.10497757	0.02590716	0.00005048	0.00010555	-0.15485566	-0.38518660	-0.01029438	 0.34994588	0.07596998	0.07617543	0.07387212	0.07717734	0.00000000	0.00000000	0.11127877	0.03563113	0.00065381	0.00205057	0.00750168	0.00284628	0.02864630	0.03303892	0.14463612
UBA9475_MGBC117253	N	-0.23365277	0.02792195	0.00000000	0.00000000	-0.23593913	-0.43684412	-0.19573338	-0.03643905	0.07636354	0.07716963	0.07402301	0.07742829	0.00000008	0.00000013	0.10197619	0.03261239	0.00016994	0.00070799	0.04855099	0.00950886	0.04924528	0.03202898	0.13888578
UBA9475_MGBC159253	N	-0.15513893	0.03639404	0.00001999	0.00004498	 0.05314797	 0.13169799	-0.06581045	-0.20695824	0.06686984	0.06659817	0.06543156	0.06800427	0.00008076	0.00009892	0.08820434	0.03033539	0.00094357	0.00267561	0.02027112	0.04235475	0.00413066	0.01748219	0.11440985
UBA9502_MGBC000489	N	-0.07309620	0.02898831	0.01167873	0.01777572	-0.09012538	 0.18118241	-0.15849632	-0.21024910	0.07569507	0.07594001	0.07414911	0.07686873	0.00002999	0.00003904	0.06136656	0.02770944	0.01270639	0.02229003	0.00819881	0.01068991	0.03153056	0.01921091	0.08799670
UBA9502_MGBC105519	N	-0.03773667	0.03139064	0.22933194	0.27761235	-0.28288742	-0.49938724	-0.50626612	-0.83922251	0.07451102	0.07497200	0.07271465	0.07549615	0.00000000	0.00000000	0.02206472	0.02828627	0.42605522	0.46663190	0.00077453	0.02538279	0.03517847	0.02252298	0.17695558
UBA9502_MGBC129914	N	-0.15323806	0.02694174	0.00000001	0.00000005	-0.40119343	-0.72869692	-0.44723285	-0.74931071	0.07207155	0.07236263	0.06994276	0.07313078	0.00000000	0.00000000	0.09660168	0.03641843	0.00371791	0.00827535	0.00086754	0.00943764	0.02783134	0.03423868	0.19366654
UMGS1370_MGBC163738	N	-0.01039498	0.02611000	0.69054130	0.72929617	-0.24405610	-0.32246826	-0.46249005	-0.98151688	0.07347991	0.07391088	0.07198981	0.07467038	0.00000000	0.00000000	0.06629383	0.02822936	0.00662508	0.01281674	0.00528486	0.00665649	0.03709400	0.01836228	0.08817922
UMGS1872_MGBC116724	N	 0.05333555	0.02507223	0.03340308	0.04735916	-0.02666724	 0.03794094	-0.27599388	-0.66064779	0.07242898	0.07240790	0.07069905	0.07372452	0.00000000	0.00000000	0.12255899	0.03139445	0.00000139	0.00002396	0.05761166	0.00215527	0.02295264	0.02689091	0.06763575
UMGS268_MGBC107741	N	-0.21723651	0.02969042	0.00000000	0.00000000	-0.06231149	-0.19547081	-0.02133029	 0.18853546	0.07118686	0.07091400	0.06937848	0.07236884	0.00005097	0.00006355	0.10557172	0.03237033	0.00014713	0.00063912	0.01723373	0.01230621	0.01024020	0.02926521	0.12989346
X142_MGBC000170	N	 0.15499031	0.03342716	0.00000348	0.00000901	 0.25817596	 0.50764469	 0.11178730	 0.70873170	0.07298395	0.07216197	0.07075107	0.07351265	0.00000000	0.00000000	0.01517482	0.02000509	0.43171692	0.46788169	0.01358292	0.02161204	0.03393798	0.06067666	0.03918400
X142_MGBC104031	N	 0.01745043	0.02532635	0.49083286	0.54332835	-0.14006842	-0.45575824	-0.29735185	-0.38594736	0.08595086	0.08719574	0.08328500	0.08703191	0.00000008	0.00000013	0.05898849	0.02720942	0.01858616	0.03059764	0.01647085	0.00000027	0.09096745	0.03582719	0.08103893
X142_MGBC131735	N	-0.28190087	0.02811761	0.00000000	0.00000000	-0.29336375	-0.74886268	-0.20534721	-0.66096874	0.07129336	0.07273582	0.06958416	0.07240360	0.00000000	0.00000000	0.02383418	0.03088077	0.44202488	0.47655808	0.00000007	0.02266441	0.05397862	0.01448283	0.21685457
X142_MGBC131887	N	-0.07447008	0.02398445	0.00190385	0.00317821	-0.03240437	 0.04676984	-0.03550148	-0.03084140	0.07203249	0.07174937	0.07048491	0.07332311	0.81960443	0.81960443	0.08871915	0.03193714	0.00314728	0.00732008	0.01766175	0.00000008	0.01321606	0.02189184	0.09294838
X142_MGBC164203	N	-0.17470530	0.03562243	0.00000094	0.00000263	-0.04978924	-0.30042059	-0.39580087	-0.90908831	0.06988010	0.06946779	0.06782164	0.07078451	0.00000000	0.00000000	0.08929668	0.02687747	0.00011610	0.00054622	0.08900712	0.03144127	0.02600022	0.04562328	0.04546972
X142_sp000403315	N	 0.00412665	0.02774438	0.88176831	0.89914306	-0.10064154	-0.07027179	-0.29809983	-0.72569437	0.07226711	0.07198935	0.07066281	0.07350909	0.00000000	0.00000000	0.11288328	0.03026782	0.00000664	0.00006542	0.00000008	0.00731893	0.02014782	0.02686753	0.05445149
X142_sp000403845	N	-0.19734262	0.02855438	0.00000000	0.00000000	-0.43972692	-0.37842951	-0.26954962	-0.30671425	0.07130510	0.07127565	0.06994468	0.07215768	0.00000000	0.00000000	0.00000021	0.00000001	0.99855639	1.00000000	0.00233452	0.01498013	0.02943871	0.01632662	0.09624283
X142_sp004793545	N	-0.15374343	0.03181003	0.00000134	0.00000361	 0.09121023	 0.18131777	-0.00965887	-0.02411978	0.08464542	0.08511175	0.08231613	0.08550287	0.14391913	0.15356319	0.02033079	0.01962386	0.28380070	0.32102046	0.03034153	0.01273626	0.07760494	0.03846664	0.01212323
X1XD4269_MGBC117378	N	-0.18120078	0.04049938	0.00000820	0.00001908	 0.15145436	 0.02345239	 0.33235970	 0.57152678	0.07847962	0.07797149	0.07568387	0.07921290	0.00000000	0.00000000	0.04854707	0.02717418	0.04816666	0.06736824	0.00679146	0.05026778	0.03195782	0.06823554	0.12902113
X1XD4269_MGBC129998	N	-0.08233691	0.03621521	0.02299345	0.03375634	-0.09096557	-0.02269360	-0.03982439	 0.04638289	0.08519237	0.08482297	0.08186912	0.08592909	0.61813276	0.62416333	0.08324055	0.02661822	0.00033134	0.00116251	0.01695859	0.01924124	0.05778309	0.08431089	0.04531935
X1XD4269_MGBC163558	N	-0.01967536	0.04124496	0.63308534	0.67204444	-0.18097507	-0.20778809	-0.00522903	 0.19461732	0.08111442	0.08064121	0.07837446	0.08183160	0.00001495	0.00001983	0.03810918	0.02456750	0.09474874	0.11764568	0.01740936	0.04411168	0.03855092	0.06354882	0.09434365
X1XD4269_sp003612565	N	-0.21598581	0.02634840	0.00000000	0.00000000	-0.14728234	-0.37316860	-0.24917598	-0.37514831	0.07318969	0.07400018	0.07163124	0.07436187	0.00000005	0.00000009	0.03610467	0.03075621	0.22705452	0.25967009	0.00420292	0.00924497	0.03338925	0.01432325	0.18997178
X1XD876_MGBC135302	N	 0.16219945	0.02952336	0.00000004	0.00000013	-0.15951036	-0.29890954	-0.38833190	-0.55547035	0.07469154	0.07470259	0.07285468	0.07590828	0.00000000	0.00000000	0.10182824	0.03346185	0.00070763	0.00217887	0.01138468	0.01084641	0.02078037	0.02764917	0.12049677
uniq	Y	 0.19794274	0.02519151	0.00000000	0.00000000	 0.14388127	 0.00757096	 0.00165177	-0.23707265	0.07738798	0.07724252	0.07532511	0.07843123	0.00035917	0.00042975	0.05271624	0.02843507	0.03663259	0.05494888	0.00000008	0.00000045	0.03068433	0.03591679	0.13692458
