feature	full.pathway.name	is.community.feat	solution.age	std.error.age	pval.age	padj.age	solution.1D	solution.2D	solution.20	solution.40	std.error.1D	std.error.2D	std.error.20	std.error.40	pval.DR	padj.DR	herit	herit.se	herit.pval	herit.padj	PVE.Cohort	PVE.Quarter.Date	PVE.Cage	PVE.Batch	PVE.Mouse
ALLANTOINDEGPWY	ALLANTOINDEG-PWY: superpathway of allantoin degradation in yeast	N	 0.00997030	0.02817856	0.72356763	0.77173006	-0.27863493	-0.32662675	-0.44269312	-0.40727789	0.06676408	0.06578309	0.06512849	0.06739611	0.00000000	0.00000000	0.02308498	0.02010928	0.20415094	0.23319333	0.05706084	0.00754674	0.00964735	0.02832548	0.03895458
ANAEROFRUCATPWY	ANAEROFRUCAT-PWY: homolactic fermentation	N	 0.03990462	0.02453228	0.10381081	0.14533514	 0.12464832	 0.34692491	 0.30421451	 0.57838048	0.07101101	0.07030863	0.06928596	0.07193841	0.00000000	0.00000000	0.03793336	0.02599246	0.10752225	0.12988307	0.00972427	0.00000008	0.01255900	0.03029231	0.10428220
ANAGLYCOLYSISPWY	ANAGLYCOLYSIS-PWY: glycolysis III (from glucose)	N	 0.02040413	0.02961144	0.49096990	0.55616092	 0.29914500	 0.37590478	 0.43705290	 0.34722553	0.06586151	0.06501788	0.06450304	0.06682592	0.00000000	0.00000000	0.07446694	0.02539514	0.00113176	0.00288757	0.00778464	0.01320871	0.00608419	0.01888143	0.00519076
ARGININESYN4PWY	ARGININE-SYN4-PWY: L-ornithine biosynthesis II	N	 0.18679452	0.03009118	0.00000000	0.00000000	-0.09501186	-0.01447480	-0.00180118	 0.35492220	0.07389264	0.07301569	0.07193994	0.07460224	0.00000005	0.00000010	0.03327228	0.02200916	0.10161576	0.12329379	0.00000009	0.00908895	0.02657277	0.04473938	0.02222659
ARGPOLYAMINESYN	ARG+POLYAMINE-SYN: superpathway of arginine and polyamine biosynthesis	N	 0.06925888	0.03410106	0.04225402	0.06641275	-0.09320962	-0.28986714	-0.22482665	-0.01293125	0.06841421	0.06694212	0.06611278	0.06881834	0.00000619	0.00000923	0.03279648	0.01918744	0.03652564	0.05419293	0.03437285	0.01605743	0.00949469	0.05687200	0.00000024
ARGSYNBSUBPWY	ARGSYNBSUB-PWY: L-arginine biosynthesis II (acetyl cycle)	N	-0.13239330	0.03123500	0.00002244	0.00006962	-0.27938137	-0.64982399	-0.48959704	-0.72311276	0.06723439	0.06632653	0.06544584	0.06798367	0.00000000	0.00000000	0.05496354	0.02422472	0.00770347	0.01430644	0.00000008	0.02119736	0.01533758	0.04166792	0.03204074
ARGSYNPWY	ARGSYN-PWY: L-arginine biosynthesis I (via L-ornithine)	N	-0.14694895	0.03069590	0.00000169	0.00000576	-0.29185283	-0.67281809	-0.50266604	-0.77987167	0.06447366	0.06357482	0.06278363	0.06535256	0.00000000	0.00000000	0.08468198	0.02676936	0.00012729	0.00058899	0.00000008	0.02223921	0.00924527	0.03764052	0.02792102
AROPWY	ARO-PWY: chorismate biosynthesis I	N	-0.06332995	0.03235188	0.05028290	0.07584106	-0.37323247	-0.56237982	-0.47375684	-0.83020690	0.06727853	0.06624447	0.06532235	0.06802621	0.00000000	0.00000000	0.05833844	0.02554103	0.00914420	0.01633010	0.00227936	0.02212906	0.00871903	0.04654112	0.06100985
ASPASNPWY	ASPASN-PWY: superpathway of L-aspartate and L-asparagine biosynthesis	N	 0.02577798	0.03374115	0.44474871	0.51666552	 0.16711833	 0.45299011	 0.21563482	 0.35765326	0.06499072	0.06380902	0.06320763	0.06578854	0.00000000	0.00000000	0.07228629	0.02494143	0.00066375	0.00184739	0.00510901	0.02604163	0.00000034	0.03171934	0.02646719
BIOTINBIOSYNTHESISPWY	BIOTIN-BIOSYNTHESIS-PWY: biotin biosynthesis I	N	 0.17818099	0.02502123	0.00000000	0.00000000	 0.03673799	 0.12844818	 0.19701724	 0.43677513	0.07177183	0.07102712	0.06999915	0.07269582	0.00000002	0.00000003	0.05141109	0.02648982	0.04300774	0.06083478	0.00619674	0.00000008	0.01944597	0.03556581	0.05440067
BRANCHEDCHAINAASYNPWY	BRANCHED-CHAIN-AA-SYN-PWY: superpathway of branched chain amino acid biosynthesis	N	 0.00321032	0.03420623	0.92515565	0.93891261	 0.00386796	-0.38098042	-0.13613975	-0.05802641	0.07585258	0.07486087	0.07355386	0.07660651	0.00000096	0.00000155	0.05308087	0.02408976	0.01129951	0.01959707	0.00000008	0.01822916	0.02383492	0.05986928	0.03591699
CALVINPWY	CALVIN-PWY: Calvin-Benson-Bassham cycle	N	-0.15204163	0.03443266	0.00001011	0.00003248	-0.11099442	-0.37571773	-0.35489582	-0.34323745	0.06630261	0.06511905	0.06425972	0.06701711	0.00000000	0.00000000	0.07055574	0.02409758	0.00049617	0.00152196	0.01317809	0.02534179	0.00804690	0.05001042	0.01382263
CENTFERMPWY	CENTFERM-PWY: pyruvate fermentation to butanoate	N	-0.22498527	0.02945200	0.00000000	0.00000000	 0.13279347	 0.10884790	 0.17802935	 0.29297798	0.06668197	0.06502961	0.06416540	0.06696101	0.00047374	0.00056231	0.01015705	0.02031437	0.61201844	0.65266029	0.04390554	0.00447197	0.00070840	0.06296844	0.07040205
CITRULBIOPWY	CITRULBIO-PWY: L-citrulline biosynthesis	N	 0.05383563	0.02961323	0.06906935	0.10083386	-0.40548754	-0.61423309	-0.58731947	-0.61196767	0.06728147	0.06618061	0.06547033	0.06787847	0.00000000	0.00000000	0.03675074	0.02143940	0.06624167	0.08501806	0.02989161	0.00975995	0.01414496	0.03899606	0.00000052
COAPWY	COA-PWY: coenzyme A biosynthesis I (prokaryotic)	N	 0.08786043	0.03410164	0.00998259	0.01829026	 0.39859337	 0.57565333	 0.50296755	 0.73368933	0.06676585	0.06581032	0.06489920	0.06745612	0.00000000	0.00000000	0.05266443	0.02349682	0.01217811	0.02090958	0.00398075	0.03343976	0.01548529	0.04580844	0.02347989
COAPWY1	COA-PWY-1: superpathway of coenzyme A biosynthesis III (mammals)	N	 0.14184800	0.03840355	0.00022142	0.00055456	 0.28154367	 0.45964745	 0.38125135	 0.58143285	0.06844477	0.06763580	0.06655611	0.06907424	0.00000000	0.00000000	0.03520896	0.02134007	0.07639362	0.09566724	0.00714823	0.06051014	0.02264095	0.04581162	0.02485088
COLANSYNPWY	COLANSYN-PWY: colanic acid building blocks biosynthesis	N	 0.07908395	0.03403762	0.02015984	0.03461407	 0.01496831	 0.05789833	-0.05761842	 0.08867686	0.06319740	0.06227985	0.06178547	0.06400683	0.21747975	0.22489384	0.05718256	0.02266947	0.00333448	0.00711181	0.06291664	0.02526034	0.00147684	0.01814369	0.02118588
COMPLETEAROPWY	COMPLETE-ARO-PWY: superpathway of aromatic amino acid biosynthesis	N	-0.02629149	0.03057164	0.38975700	0.46837536	-0.42516233	-0.62480811	-0.45068809	-0.77214550	0.06744789	0.06664951	0.06586273	0.06818048	0.00000000	0.00000000	0.03435523	0.02244540	0.08002578	0.09975816	0.01144029	0.01665003	0.01239836	0.02849471	0.05224920
DAPLYSINESYNPWY	DAPLYSINESYN-PWY: L-lysine biosynthesis I	N	 0.31261775	0.03621288	0.00000000	0.00000000	-0.04473457	 0.23563609	 0.05342317	 0.59052501	0.07368443	0.07375559	0.07141629	0.07460628	0.00000000	0.00000000	0.10586108	0.02734601	0.00000244	0.00003699	0.02323708	0.04143183	0.05174719	0.04836681	0.02322657
DTDPRHAMSYNPWY	DTDPRHAMSYN-PWY: dTDP-&beta;-L-rhamnose biosynthesis	N	-0.13447928	0.03241243	0.00003347	0.00009617	-0.05437176	-0.16708690	-0.06770316	-0.30363102	0.07109692	0.06987927	0.06881689	0.07190867	0.00021885	0.00026672	0.08593300	0.02579562	0.00010671	0.00050229	0.02340059	0.01103206	0.01330542	0.06018681	0.00000018
FASYNELONGPWY	FASYN-ELONG-PWY: fatty acid elongation -- saturated	N	 0.20118764	0.02479565	0.00000000	0.00000000	 0.02931745	 0.09775381	 0.17773888	 0.47069883	0.07147804	0.07076269	0.06973736	0.07238888	0.00000000	0.00000000	0.04872139	0.02584006	0.04549020	0.06191364	0.00405692	0.00000008	0.02101449	0.03499504	0.05164256
FERMENTATIONPWY	FERMENTATION-PWY: mixed acid fermentation	N	-0.08156338	0.03269181	0.01259589	0.02247502	-0.22086097	-0.24178542	-0.27293139	-0.37975166	0.06844286	0.06764206	0.06678874	0.06943591	0.00000064	0.00000109	0.08469373	0.02609443	0.00006524	0.00033605	0.00896475	0.02099752	0.00825797	0.02969756	0.03758614
FUCCATPWY	FUCCAT-PWY: fucose degradation	N	 0.04921312	0.03009819	0.10206347	0.14362540	 0.00059185	 0.07814222	 0.13387414	 0.55168203	0.06804414	0.06679276	0.06601063	0.06869299	0.00000000	0.00000000	0.04446252	0.02385906	0.04192245	0.06017837	0.02097020	0.00859080	0.00536785	0.04407860	0.04651182
FUCRHAMCATPWY	FUC-RHAMCAT-PWY: superpathway of fucose and rhamnose degradation	N	 0.16273463	0.02459513	0.00000000	0.00000000	 0.00944315	 0.06343830	 0.01900355	 0.35346348	0.07246533	0.07191598	0.07094772	0.07351266	0.00000687	0.00001014	0.06188655	0.02443752	0.00367442	0.00768783	0.00000009	0.00000009	0.02604048	0.02723817	0.00908354
GALACTARDEGPWY	GALACTARDEG-PWY: D-galactarate degradation I	N	 0.12829482	0.02649346	0.00000128	0.00000441	-0.08604299	 0.09020899	-0.12538549	 0.09485821	0.07246030	0.07162380	0.07075409	0.07330461	0.00877880	0.00982218	0.04052729	0.02410300	0.08146586	0.10063430	0.00525310	0.00176798	0.01987450	0.03257556	0.02710917
GALACTGLUCUROCATPWY	GALACT-GLUCUROCAT-PWY: superpathway of hexuronide and hexuronate degradation	N	-0.12170434	0.03523171	0.00055237	0.00132279	-0.22436528	-0.45828205	-0.44320844	-0.49250923	0.06022237	0.05898017	0.05849451	0.06077605	0.00000000	0.00000000	0.05171902	0.02025529	0.00139060	0.00335960	0.03144549	0.03300922	0.00000050	0.02955618	0.00058377
GALACTITOLCATPWY	GALACTITOLCAT-PWY: galactitol degradation	N	 0.01840083	0.03099887	0.55281403	0.61599278	-0.33052411	-0.27716973	-0.35948529	-0.33197171	0.06491265	0.06362043	0.06312401	0.06547372	0.00000000	0.00000001	0.04134116	0.02112588	0.02235372	0.03546135	0.02515616	0.01281555	0.00371878	0.03118976	0.00000045
GALACTUROCATPWY	GALACTUROCAT-PWY: D-galacturonate degradation I	N	-0.16711681	0.03449940	0.00000127	0.00000441	-0.19455776	-0.35723423	-0.35517812	-0.28432483	0.06439449	0.06302658	0.06224490	0.06489548	0.00000000	0.00000000	0.03991483	0.02134935	0.02395271	0.03758098	0.02609783	0.02406865	0.00087419	0.04926823	0.04827289
GLCMANNANAUTPWY	GLCMANNANAUT-PWY: superpathway of N-acetylglucosamine, N-acetylmannosamine and N-acetylneuraminate degradation	N	 0.04741602	0.04022041	0.23874314	0.30743810	 0.19772332	-0.08112479	 0.32024026	 0.38259208	0.07051484	0.06934735	0.06825719	0.07104663	0.00000000	0.00000000	0.02990237	0.02086661	0.10916339	0.13128461	0.02712287	0.04338679	0.01397056	0.05812996	0.04541823
GLUCARDEGPWY	GLUCARDEG-PWY: D-glucarate degradation I	N	 0.12453770	0.02617367	0.00000191	0.00000645	-0.07356452	 0.09129870	-0.11449848	 0.08706394	0.07170600	0.07064869	0.06985070	0.07251280	0.01628397	0.01771125	0.04723196	0.02435033	0.04326175	0.06087865	0.00686144	0.00020948	0.01665629	0.03925202	0.01685064
GLUCARGALACTSUPERPWY	GLUCARGALACTSUPER-PWY: superpathway of D-glucarate and D-galactarate degradation	N	 0.12829482	0.02649346	0.00000128	0.00000441	-0.08604299	 0.09020899	-0.12538549	 0.09485821	0.07246030	0.07162380	0.07075409	0.07330461	0.00877880	0.00982218	0.04052729	0.02410300	0.08146586	0.10063430	0.00525310	0.00176798	0.01987450	0.03257556	0.02710917
GLUCONEOPWY	GLUCONEO-PWY: gluconeogenesis I	N	-0.12153925	0.02428792	0.00000056	0.00000216	 0.14604831	 0.24413672	 0.26937139	 0.27073825	0.06450110	0.06371339	0.06334245	0.06561739	0.00001557	0.00002214	0.07570641	0.02576911	0.00024730	0.00102291	0.00518923	0.00239703	0.00000009	0.01136949	0.03646882
GLUCOSE1PMETABPWY	GLUCOSE1PMETAB-PWY: glucose and glucose-1-phosphate degradation	N	 0.16329887	0.02570188	0.00000000	0.00000000	 0.06132639	 0.07164166	-0.01765516	 0.36407895	0.07108236	0.07008654	0.06924541	0.07200709	0.00000082	0.00000134	0.06985361	0.02504080	0.00105382	0.00273992	0.00000009	0.00000009	0.01630562	0.04031594	0.01987142
GLUCUROCATPWY	GLUCUROCAT-PWY: superpathway of &beta;-D-glucuronosides degradation	N	-0.17758390	0.03500572	0.00000039	0.00000158	-0.19944395	-0.40346105	-0.34801314	-0.34131474	0.06664326	0.06538138	0.06455009	0.06720400	0.00000000	0.00000000	0.04506894	0.02069215	0.00628681	0.01183655	0.01348835	0.02689634	0.00834223	0.05138590	0.02316141
GLUDEGIPWY	GLUDEG-I-PWY: GABA shunt	N	-0.02669851	0.02633666	0.31062887	0.39079116	 0.23549617	 0.56425950	 0.55213667	 0.76110063	0.07761226	0.07717802	0.07523466	0.07864088	0.00000000	0.00000000	0.09921669	0.02850958	0.00002420	0.00018879	0.01284366	0.00000007	0.03581088	0.05428992	0.05955898
GLUTORNPWY	GLUTORN-PWY: L-ornithine biosynthesis I	N	-0.11997982	0.02976754	0.00005551	0.00015623	-0.39555918	-0.72995295	-0.62159284	-0.90806527	0.06349192	0.06261802	0.06191406	0.06427981	0.00000000	0.00000000	0.06333414	0.02471380	0.00219958	0.00500405	0.00000008	0.02137160	0.00958979	0.03298279	0.03381960
GLYCOCATPWY	GLYCOCAT-PWY: glycogen degradation I	N	-0.01123900	0.02518890	0.65480158	0.70656455	 0.05130083	 0.36058585	 0.26337377	 0.47188591	0.07095999	0.07041575	0.06929465	0.07203130	0.00000000	0.00000000	0.06739226	0.02695907	0.00360000	0.00761861	0.03519427	0.00135301	0.01338543	0.02778009	0.07951544
GLYCOGENSYNTHPWY	GLYCOGENSYNTH-PWY: glycogen biosynthesis I (from ADP-D-Glucose)	N	-0.18241070	0.03035837	0.00000000	0.00000001	-0.22845883	-0.61302394	-0.42753985	-0.61965619	0.06434484	0.06345114	0.06257089	0.06539229	0.00000000	0.00000000	0.11917581	0.02945029	0.00000046	0.00001267	0.00314050	0.01774321	0.00303659	0.03811930	0.04777885
GLYCOLYSIS	GLYCOLYSIS: glycolysis I (from glucose 6-phosphate)	N	 0.04095422	0.02949715	0.16508703	0.22311267	 0.21338824	 0.34567584	 0.33227264	 0.27893691	0.06580467	0.06477420	0.06427109	0.06671627	0.00000004	0.00000007	0.07508975	0.02573614	0.00097885	0.00259443	0.00462528	0.01142848	0.00293998	0.02366577	0.01360411
GLYCOLYSISED	GLYCOLYSIS-E-D: superpathway of glycolysis and the Entner-Doudoroff pathway	N	 0.02546990	0.02565378	0.32079561	0.39989589	 0.23540402	 0.61301290	 0.57579959	 0.78641123	0.07432041	0.07378322	0.07221523	0.07543746	0.00000000	0.00000000	0.11423847	0.02910145	0.00000171	0.00002920	0.01045317	0.00000008	0.02705406	0.04771438	0.04368624
GLYOXYLATEBYPASS	GLYOXYLATE-BYPASS: glyoxylate cycle	N	 0.18497347	0.02828642	0.00000000	0.00000000	 0.08653345	 0.15051891	 0.05283516	 0.39156982	0.07686831	0.07640681	0.07484125	0.07781515	0.00000962	0.00001405	0.06360463	0.02442384	0.00142978	0.00339416	0.00000008	0.00459741	0.03599127	0.04363029	0.03721488
GOLPDLCATPWY	GOLPDLCAT-PWY: superpathway of glycerol degradation to 1,3-propanediol	N	-0.11200859	0.02652197	0.00002403	0.00007370	 0.14974814	 0.42028548	 0.27059385	 0.38019572	0.07613388	0.07541651	0.07410044	0.07708270	0.00000001	0.00000003	0.06334820	0.02467847	0.00382366	0.00784857	0.02399703	0.00000008	0.02893827	0.04464078	0.02065051
HEMESYN2PWY	HEMESYN2-PWY: heme b biosynthesis II (oxygen-independent)	N	 0.18501445	0.02670194	0.00000000	0.00000000	-0.04901064	 0.01630454	-0.04120636	 0.39558394	0.07459651	0.07380530	0.07260908	0.07534135	0.00000001	0.00000001	0.02350409	0.02264826	0.25953734	0.28919875	0.00000008	0.00144429	0.02673565	0.04331561	0.06593608
HEXITOLDEGSUPERPWY	HEXITOLDEGSUPER-PWY: superpathway of hexitol degradation (bacteria)	N	 0.00546312	0.03179741	0.86358387	0.88630977	-0.12308031	 0.06172581	-0.01094038	 0.08136388	0.06827506	0.06678264	0.06611187	0.06857857	0.03369009	0.03621021	0.01453505	0.01714536	0.20946939	0.23827143	0.02863964	0.01058984	0.00942405	0.04706955	0.00000004
HISDEGPWY	HISDEG-PWY: L-histidine degradation I	N	-0.03584143	0.03392943	0.28991845	0.36812901	 0.13816965	 0.08552361	 0.24057495	 0.13201623	0.07189257	0.07061236	0.06930534	0.07281041	0.01399579	0.01540666	0.10201637	0.03056585	0.00026309	0.00105623	0.00914903	0.01371984	0.00309942	0.07136131	0.07676742
HISTSYNPWY	HISTSYN-PWY: L-histidine biosynthesis	N	-0.05773570	0.03146380	0.06651477	0.09815423	-0.16548458	-0.34983711	-0.37984761	-0.60855444	0.07286341	0.07216511	0.07105400	0.07370396	0.00000000	0.00000000	0.04548011	0.02502488	0.04884518	0.06568835	0.00000008	0.01630884	0.02098969	0.03651791	0.05409930
HSERMETANAPWY	HSERMETANA-PWY: L-methionine biosynthesis III	N	 0.02456762	0.03693208	0.50615872	0.57099723	 0.18951652	 0.25985123	 0.25054478	 0.18835913	0.06634549	0.06522894	0.06454198	0.06717133	0.00018522	0.00022984	0.07742811	0.02445255	0.00024193	0.00101611	0.00361405	0.04349064	0.00501855	0.03487135	0.00457993
ILEUSYNPWY	ILEUSYN-PWY: L-isoleucine biosynthesis I (from threonine)	N	-0.01797209	0.03365688	0.59337781	0.65057086	-0.02544767	-0.42769389	-0.18320824	-0.16187060	0.07484016	0.07388006	0.07264157	0.07565357	0.00000004	0.00000007	0.06162923	0.02508888	0.00443505	0.00877368	0.00000008	0.01760056	0.02125040	0.05501199	0.03684007
KETOGLUCONMETPWY	KETOGLUCONMET-PWY: ketogluconate metabolism	N	 0.02668686	0.03091842	0.38815945	0.46837536	-0.32292275	-0.35988530	-0.33614888	-0.16515659	0.06312137	0.06210762	0.06175427	0.06384097	0.00000000	0.00000000	0.04665643	0.02107449	0.00981545	0.01728786	0.03328393	0.01635434	0.00243828	0.01693467	0.00214874
LACTOSECATPWY	LACTOSECAT-PWY: lactose and galactose degradation I	N	 0.05508564	0.02326998	0.01791952	0.03096221	 0.19065118	 0.63216126	 0.53684517	 0.71821196	0.06547116	0.06483866	0.06382346	0.06685914	0.00000000	0.00000000	0.16165843	0.03314930	0.00000000	0.00000032	0.01500469	0.00000007	0.00178592	0.02931879	0.06280761
METHACETATEPWY	METH-ACETATE-PWY: methanogenesis from acetate	N	-0.15932469	0.02795099	0.00000001	0.00000006	-0.03084143	-0.24251569	-0.17709274	-0.38128632	0.07154084	0.07072723	0.06967930	0.07233938	0.00000022	0.00000039	0.05152894	0.02159691	0.00325283	0.00700867	0.03593587	0.00481941	0.02381602	0.04120056	0.00839054
METSAMPWY	MET-SAM-PWY: superpathway of S-adenosyl-L-methionine biosynthesis	N	 0.09392024	0.02988212	0.00167176	0.00368056	-0.01418933	 0.09722012	-0.07144513	 0.11660782	0.06998721	0.06869855	0.06794074	0.07080132	0.04804956	0.05144129	0.07667332	0.01827852	0.00041552	0.00135044	0.00000009	0.00644884	0.00953948	0.04703248	0.00000053
METSYNPWY	METSYN-PWY: superpathway of L-homoserine and L-methionine biosynthesis	N	 0.09315749	0.02989637	0.00183268	0.00400257	-0.01228239	 0.09610740	-0.07186632	 0.11213471	0.06974790	0.06844246	0.06769734	0.07055185	0.05482904	0.05847003	0.07603149	0.01823988	0.00041305	0.00135044	0.00000009	0.00651648	0.00896757	0.04695809	0.00000032
NAGLIPASYNPWY	NAGLIPASYN-PWY: lipid IVA biosynthesis (E. coli)	N	 0.07291583	0.02983028	0.01451008	0.02539264	-0.14794022	-0.02476179	-0.14607418	 0.11840902	0.07476649	0.07429349	0.07315400	0.07576156	0.00307878	0.00354644	0.06138470	0.02312032	0.00055168	0.00163706	0.00828643	0.00936013	0.02864314	0.02847285	0.00000011
NONMEVIPPPWY	NONMEVIPP-PWY: methylerythritol phosphate pathway I	N	-0.02045602	0.03518022	0.56058057	0.62210771	-0.30666339	-0.56970133	-0.47589512	-0.95709891	0.06575385	0.06512217	0.06407770	0.06681212	0.00000000	0.00000000	0.10598291	0.02944348	0.00001696	0.00015968	0.00975617	0.03968720	0.00598851	0.03157226	0.06975505
NONOXIPENTPWY	NONOXIPENT-PWY: pentose phosphate pathway (non-oxidative branch) I	N	-0.05354818	0.03712908	0.14924018	0.20681507	-0.12546896	-0.35204742	-0.40365492	-0.23850273	0.06806611	0.06683109	0.06592345	0.06875147	0.00000000	0.00000000	0.06423579	0.02393347	0.00172841	0.00399878	0.01556276	0.03211684	0.00816793	0.05212216	0.01658222
OANTIGENPWY	OANTIGEN-PWY: O-antigen building blocks biosynthesis (E. coli)	N	 0.15572875	0.03101925	0.00000051	0.00000199	 0.43154454	 0.60815672	 0.60544513	 0.82739199	0.06678488	0.06568273	0.06444690	0.06748271	0.00000000	0.00000000	0.07100616	0.02668830	0.00154734	0.00362607	0.00532884	0.01533513	0.01147950	0.07453703	0.07458721
P105PWY	P105-PWY: TCA cycle IV (2-oxoglutarate decarboxylase)	N	 0.07337459	0.02822335	0.00932238	0.01719600	-0.00712606	-0.05818198	-0.10229294	 0.14692216	0.07136384	0.07041926	0.06967842	0.07216700	0.01414131	0.01550433	0.04488193	0.02234733	0.02247184	0.03546135	0.00491184	0.00508925	0.01647907	0.03168305	0.01079704
P108PWY	P108-PWY: pyruvate fermentation to propanoate I	N	 0.01947860	0.02967664	0.51154766	0.57470169	-0.26109202	-0.23814529	-0.18977618	-0.34086547	0.07042091	0.06908982	0.06830494	0.07082254	0.00001842	0.00002570	0.00901729	0.01904726	0.63641816	0.67341922	0.02876428	0.00593879	0.01424520	0.04821211	0.02312242
P122PWY	P122-PWY: heterolactic fermentation	N	 0.08547950	0.02993664	0.00429900	0.00844336	-0.00714876	 0.15695562	 0.16057919	 0.51319324	0.07264308	0.07151238	0.07038223	0.07330323	0.00000000	0.00000000	0.05085444	0.01520707	0.00010536	0.00050229	0.05751168	0.00544283	0.02220653	0.06000667	0.00000046
P124PWY	P124-PWY: Bifidobacterium shunt	N	 0.06040025	0.02653289	0.02278267	0.03839302	 0.16125867	 0.49332422	 0.50269521	 0.75613197	0.07523490	0.07450287	0.07286228	0.07618528	0.00000000	0.00000000	0.09144150	0.02774510	0.00005595	0.00030955	0.01736639	0.00001108	0.02761309	0.06045151	0.05779552
P161PWY	P161-PWY: acetylene degradation (anaerobic)	N	 0.16106646	0.03283840	0.00000092	0.00000336	-0.25735475	-0.19527504	-0.28535198	 0.15528366	0.07324505	0.07262586	0.07140044	0.07392119	0.00000000	0.00000000	0.02063682	0.01960341	0.25435375	0.28458431	0.04671940	0.01796309	0.02947571	0.03739664	0.02846327
P164PWY	P164-PWY: purine nucleobases degradation I (anaerobic)	N	 0.00380630	0.03571978	0.91515679	0.93223061	-0.18087012	-0.38971805	-0.37040470	-0.32315312	0.06619785	0.06517220	0.06451888	0.06675381	0.00000000	0.00000000	0.02003356	0.01850320	0.19848151	0.22863060	0.04225656	0.03009049	0.00664140	0.02851449	0.04823306
P185PWY	P185-PWY: formaldehyde assimilation III (dihydroxyacetone cycle)	N	-0.07697672	0.02630984	0.00344953	0.00697572	-0.01644454	-0.13462375	-0.10798366	-0.29163517	0.06771540	0.06751530	0.06685079	0.06874554	0.00033389	0.00040332	0.03224835	0.02243514	0.12519740	0.14860387	0.00362589	0.00889323	0.01605204	0.00413345	0.02590597
P41PWY	P41-PWY: pyruvate fermentation to acetate and (S)-lactate I	N	-0.10376269	0.04064600	0.01042964	0.01898194	-0.03960702	 0.13370026	-0.12880595	-0.18856861	0.06885002	0.06787978	0.06687410	0.06975979	0.00015587	0.00019609	0.08904618	0.02604158	0.00003932	0.00023854	0.01184198	0.05497880	0.00935682	0.04383086	0.02297240
P42PWY	P42-PWY: incomplete reductive TCA cycle	N	 0.05233019	0.03151073	0.09707214	0.13730929	-0.15345114	-0.18349436	-0.12252146	-0.24835426	0.06382100	0.06205872	0.06123146	0.06403316	0.00201775	0.00234402	0.03292548	0.01954915	0.06272720	0.08115888	0.05088334	0.00872586	0.00003995	0.06163090	0.00232949
P441PWY	P441-PWY: superpathway of N-acetylneuraminate degradation	N	 0.11641473	0.02798197	0.00003175	0.00009221	-0.02474672	 0.20567099	 0.17781599	 0.60882505	0.07374216	0.07291708	0.07161694	0.07453388	0.00000000	0.00000000	0.05918005	0.01606919	0.00002367	0.00018879	0.05457404	0.00318086	0.03014182	0.05263893	0.00000041
P461PWY	P461-PWY: hexitol fermentation to lactate, formate, ethanol and acetate	N	-0.09759294	0.03413038	0.00424483	0.00839737	-0.11153689	-0.29553648	-0.24780344	-0.18089410	0.06632051	0.06514198	0.06448011	0.06695112	0.00002647	0.00003614	0.04319262	0.02127167	0.01416796	0.02410460	0.02380352	0.02276214	0.00436749	0.03488306	0.03119728
PANTOPWY	PANTO-PWY: phosphopantothenate biosynthesis I	N	 0.00147479	0.03598105	0.96735428	0.97449343	 0.05479926	 0.04846962	 0.12277225	-0.15933180	0.07046171	0.06943138	0.06837981	0.07150350	0.00198198	0.00231231	0.11143078	0.02918015	0.00002144	0.00018476	0.00128582	0.03016777	0.00687096	0.04767857	0.03588754
PANTOSYNPWY	PANTOSYN-PWY: superpathway of coenzyme A biosynthesis I (bacteria)	N	 0.03685409	0.03674042	0.31586303	0.39555324	 0.20394617	 0.25450465	 0.32275900	 0.16769500	0.06899393	0.06804071	0.06708938	0.07003000	0.00001709	0.00002406	0.11144275	0.02779396	0.00000592	0.00005985	0.00494199	0.03628397	0.00929679	0.04126524	0.00687786
PENTOSEPPWY	PENTOSE-P-PWY: pentose phosphate pathway	N	 0.18136038	0.03044552	0.00000000	0.00000001	 0.38657589	 0.41159669	 0.50075954	 0.70177392	0.06470527	0.06339751	0.06257619	0.06526008	0.00000000	0.00000000	0.05181863	0.02217141	0.00620758	0.01176854	0.01612751	0.01217987	0.00746697	0.05646215	0.02048109
PEPTIDOGLYCANSYNPWY	PEPTIDOGLYCANSYN-PWY: peptidoglycan biosynthesis I (meso-diaminopimelate containing)	N	 0.07385567	0.04416841	0.09449979	0.13436690	-0.00197599	 0.11922887	 0.02816229	-0.04224261	0.07003495	0.06951511	0.06839935	0.07084856	0.26622835	0.27221101	0.04665342	0.02227149	0.02462392	0.03841331	0.00923203	0.10696077	0.02115982	0.02896101	0.02368897
PHOSLIPSYNPWY	PHOSLIPSYN-PWY: superpathway of phospholipid biosynthesis I (bacteria)	N	 0.18695124	0.02947101	0.00000000	0.00000000	 0.06531674	 0.13600644	 0.05254541	 0.38353540	0.07199848	0.07131387	0.07025515	0.07297584	0.00000212	0.00000332	0.07327709	0.02649139	0.00140575	0.00336640	0.00000008	0.00987805	0.01912323	0.03487422	0.03771205
POLYAMINSYN3PWY	POLYAMINSYN3-PWY: superpathway of polyamine biosynthesis II	N	 0.16591662	0.03061770	0.00000006	0.00000026	 0.02472371	-0.14117751	 0.00101521	 0.16713167	0.06512623	0.06374901	0.06317991	0.06572691	0.00037867	0.00045143	0.05456902	0.02316895	0.00126338	0.00315058	0.00875101	0.01134929	0.00302222	0.03848910	0.00000004
POLYAMSYNPWY	POLYAMSYN-PWY: superpathway of polyamine biosynthesis I	N	 0.07409350	0.03388079	0.02875870	0.04692325	-0.14161780	-0.34733333	-0.31085384	-0.10803608	0.06923557	0.06790752	0.06711176	0.06971020	0.00000014	0.00000025	0.03166639	0.01907588	0.01582318	0.02602246	0.02866255	0.01700612	0.01235010	0.04969543	0.00000004
POLYISOPRENSYNPWY	POLYISOPRENSYN-PWY: polyisoprenoid biosynthesis (E. coli)	N	 0.02190452	0.02589680	0.39765695	0.47200151	 0.25969849	 0.61045955	 0.56593128	 0.76877096	0.07314961	0.07240545	0.07101611	0.07418096	0.00000000	0.00000000	0.09895678	0.02794658	0.00002091	0.00018476	0.01549869	0.00000008	0.02172075	0.05098771	0.04920449
PPGPPMETPWY	PPGPPMET-PWY: ppGpp metabolism	N	 0.09747606	0.04672941	0.03802284	0.06035021	-0.06267877	 0.05417132	 0.03641768	 0.05653183	0.06238669	0.06250351	0.06036041	0.06340014	0.34588048	0.35102368	0.12186306	0.03168539	0.00000366	0.00004461	0.00427797	0.30052294	0.01496990	0.03085428	0.10302600
PWY01061	PWY0-1061: superpathway of L-alanine biosynthesis	N	 0.28347717	0.03891941	0.00000000	0.00000000	-0.31662887	-0.16760609	-0.19979058	 0.15200334	0.07619825	0.07592770	0.07392854	0.07703346	0.00000001	0.00000002	0.06583979	0.02384242	0.00093803	0.00253232	0.02937068	0.04279553	0.04245755	0.05032181	0.03331227
PWY01241	PWY0-1241: ADP-L-glycero-&beta;-D-manno-heptose biosynthesis	N	 0.00601851	0.03101987	0.84614763	0.87169171	-0.18422241	-0.28693345	-0.00950345	 0.09743542	0.07358483	0.07292954	0.07188121	0.07427840	0.00000360	0.00000546	0.00830482	0.01941818	0.64601717	0.68093702	0.01803436	0.01277429	0.02270151	0.02932660	0.05851964
PWY01261	PWY0-1261: anhydromuropeptides recycling I	N	 0.22852599	0.03204841	0.00000000	0.00000000	-0.10185041	 0.05243227	-0.15177879	 0.20297460	0.07274603	0.07232949	0.07113302	0.07368230	0.00003991	0.00005340	0.05420280	0.02548566	0.02584859	0.03986816	0.00259276	0.02093144	0.02660582	0.02887626	0.03113561
PWY01296	PWY0-1296: purine ribonucleosides degradation	N	-0.23790308	0.02783706	0.00000000	0.00000000	-0.21660467	-0.56611038	-0.34174072	-0.63263315	0.06562090	0.06467211	0.06365742	0.06666679	0.00000000	0.00000000	0.12552129	0.02979419	0.00000020	0.00000921	0.00552351	0.00726040	0.00474352	0.04753547	0.05390372
PWY01297	PWY0-1297: superpathway of purine deoxyribonucleosides degradation	N	 0.16163094	0.03286532	0.00000086	0.00000317	-0.25671885	-0.19813070	-0.27928482	 0.15982701	0.07267522	0.07212527	0.07092623	0.07339132	0.00000000	0.00000000	0.02269920	0.01991342	0.21137191	0.23943789	0.04536164	0.01909685	0.02813778	0.03327244	0.03279644
PWY01298	PWY0-1298: superpathway of pyrimidine deoxyribonucleosides degradation	N	 0.06315386	0.03339951	0.05862014	0.08744972	-0.22951848	-0.22769401	-0.25747292	 0.06259876	0.06869647	0.06813718	0.06742124	0.06941361	0.00000024	0.00000041	0.01581059	0.01802290	0.31185608	0.34191449	0.03276945	0.02440382	0.01706144	0.01579204	0.02416445
PWY01319	PWY0-1319: CDP-diacylglycerol biosynthesis II	N	-0.10235713	0.03214337	0.00145086	0.00324660	-0.26829958	-0.52135258	-0.33893727	-0.77697557	0.06602513	0.06626425	0.06493936	0.06733921	0.00000000	0.00000000	0.11283476	0.02915771	0.00000140	0.00002539	0.00758798	0.03476301	0.01584549	0.00875233	0.06121246
PWY01477	PWY0-1477: ethanolamine utilization	N	 0.14214794	0.03706629	0.00012538	0.00032291	-0.25469464	-0.24986829	-0.35416275	 0.01331343	0.07403957	0.07317323	0.07193508	0.07468030	0.00000003	0.00000005	0.02463391	0.02092736	0.18529766	0.21434857	0.02032055	0.03042978	0.02224717	0.04784596	0.05516412
PWY01479	PWY0-1479: tRNA processing	N	 0.10566018	0.02931909	0.00031316	0.00077720	-0.30718274	-0.15141582	-0.25279226	-0.07140769	0.07379618	0.07298452	0.07191595	0.07467221	0.00007391	0.00009563	0.05827976	0.02442716	0.00681627	0.01274549	0.01552891	0.00617104	0.02200358	0.03941187	0.01744844
PWY01586	PWY0-1586: peptidoglycan maturation (meso-diaminopimelate containing)	N	 0.10394912	0.02640032	0.00008251	0.00022751	 0.18406891	 0.45164181	 0.32486348	 0.61456803	0.07262879	0.07227921	0.07092392	0.07376965	0.00000000	0.00000000	0.09506050	0.02833419	0.00009242	0.00045875	0.01700630	0.00340001	0.02417376	0.03102523	0.04061486
PWY0162	PWY0-162: superpathway of pyrimidine ribonucleotides de novo biosynthesis	N	 0.22652298	0.02841603	0.00000000	0.00000000	 0.04629009	 0.19886542	 0.19652793	 0.73018675	0.07265778	0.07275469	0.07088341	0.07372713	0.00000000	0.00000000	0.08551800	0.02808202	0.00023997	0.00101611	0.01995262	0.01120431	0.03592095	0.03019554	0.06705918
PWY0166	PWY0-166: superpathway of pyrimidine deoxyribonucleotides de novo biosynthesis (E. coli)	N	-0.01352581	0.02564659	0.59788343	0.65288871	 0.08273187	 0.42254588	 0.38836590	 0.57262231	0.07190830	0.07106489	0.07000390	0.07292035	0.00000000	0.00000000	0.07816923	0.02619164	0.00036522	0.00126553	0.01394815	0.00000008	0.01523189	0.04026359	0.04832648
PWY0301	PWY0-301: L-ascorbate degradation I (bacterial, anaerobic)	N	 0.15620750	0.02705676	0.00000001	0.00000004	-0.04176162	 0.05784479	-0.10209570	 0.11087690	0.07334518	0.07253638	0.07158585	0.07419937	0.05826454	0.06165201	0.04218102	0.02441337	0.06884294	0.08782300	0.00000009	0.00257291	0.02109600	0.03447390	0.03825571
PWY0845	PWY0-845: superpathway of pyridoxal 5'-phosphate biosynthesis and salvage	N	-0.00419786	0.03136308	0.89353839	0.91361790	-0.09237237	-0.04857055	 0.08711459	 0.37651118	0.06931942	0.06849750	0.06768659	0.07022021	0.00000000	0.00000000	0.06490316	0.02503833	0.00368903	0.00768783	0.02290502	0.01438672	0.01160534	0.02879744	0.02346754
PWY0862	PWY0-862: (5Z)-dodecenoate biosynthesis I	N	 0.20044815	0.02505193	0.00000000	0.00000000	 0.04101728	 0.12308157	 0.18893474	 0.46300469	0.07170446	0.07092266	0.06989253	0.07258485	0.00000000	0.00000000	0.04734041	0.02594665	0.05339588	0.07076250	0.00191517	0.00000008	0.02031610	0.03788225	0.05777564
PWY1042	PWY-1042: glycolysis IV	N	-0.31428336	0.02958930	0.00000000	0.00000000	-0.15471517	-0.54242972	-0.29037817	-0.75779819	0.06488777	0.06453374	0.06314600	0.06593011	0.00000000	0.00000000	0.13352876	0.02935504	0.00000001	0.00000099	0.01668828	0.02046880	0.02308823	0.04058885	0.03131743
PWY1269	PWY-1269: CMP-3-deoxy-D-manno-octulosonate biosynthesis	N	 0.01098636	0.03154950	0.72773662	0.77304318	-0.17657960	-0.12867248	-0.15066080	 0.05178740	0.07178675	0.07064177	0.06981407	0.07237772	0.00411778	0.00472334	0.01873549	0.02206809	0.37709660	0.40690661	0.00000009	0.01329478	0.01223745	0.04115768	0.06176586
PWY1861	PWY-1861: formaldehyde assimilation II (assimilatory RuMP Cycle)	N	 0.06216896	0.02510022	0.01325315	0.02349423	-0.06646919	 0.01665249	-0.02991414	-0.02516416	0.06951644	0.06887412	0.06832632	0.07028307	0.83545988	0.83545988	0.00489615	0.01802645	0.77282876	0.79917520	0.00760576	0.00269504	0.01688644	0.01294413	0.02716485
PWY1ZNC1	PWY1ZNC-1: assimilatory sulfate reduction IV	N	 0.12837554	0.03043502	0.00002467	0.00007483	-0.22332592	-0.19318290	-0.17623010	 0.05254114	0.07382190	0.07313262	0.07214226	0.07459450	0.00020005	0.00024491	0.03167830	0.02161346	0.13044076	0.15283402	0.00958508	0.01078434	0.02723927	0.03168417	0.00335316
PWY241	PWY-241: C4 photosynthetic carbon assimilation cycle, NADP-ME type	N	 0.02955207	0.02751176	0.28333991	0.36145699	 0.23352413	 0.39397756	 0.56547426	 0.77159471	0.06515198	0.06412246	0.06346765	0.06609349	0.00000000	0.00000000	0.08825697	0.02645677	0.00010579	0.00050229	0.00975159	0.00640632	0.00370747	0.03158247	0.02310062
PWY2941	PWY-2941: L-lysine biosynthesis II	N	 0.20900606	0.03219212	0.00000000	0.00000000	 0.46651344	 0.50165715	 0.67591882	 0.95374900	0.06420199	0.06311186	0.06201148	0.06472692	0.00000000	0.00000000	0.04533706	0.02219101	0.01747349	0.02856446	0.00377176	0.02701143	0.01742738	0.07420911	0.04017932
PWY2942	PWY-2942: L-lysine biosynthesis III	N	-0.06558932	0.02887942	0.02313953	0.03875516	-0.16163319	-0.45686086	-0.25009082	-0.37383036	0.07446870	0.07386824	0.07267607	0.07540225	0.00000000	0.00000000	0.05906687	0.02436236	0.00514131	0.00995446	0.00499648	0.00663601	0.02733378	0.03594448	0.02143157
PWY3001	PWY-3001: superpathway of L-isoleucine biosynthesis I	N	 0.07308684	0.03687718	0.04748839	0.07324480	 0.31247247	 0.08912010	 0.28299503	 0.32977666	0.07104305	0.06950970	0.06828786	0.07119888	0.00000050	0.00000085	0.00000029	0.00000001	1.00000000	1.00000000	0.05199060	0.02213898	0.01760681	0.09039842	0.03023080
PWY3841	PWY-3841: folate transformations II (plants)	N	-0.04632575	0.03256399	0.15483081	0.21347885	 0.22101093	 0.12174175	 0.34018600	 0.28193949	0.07573547	0.07495904	0.07370133	0.07659045	0.00003176	0.00004314	0.06315569	0.01707919	0.00040014	0.00134863	0.01422403	0.01318751	0.02839268	0.04644575	0.00000004
PWY4041	PWY-4041: &gamma;-glutamyl cycle	N	 0.19445312	0.04615122	0.00002627	0.00007882	-0.03503433	-0.00699572	-0.00396989	 0.06441403	0.06802390	0.06770840	0.06625233	0.06911520	0.73605319	0.73875926	0.11197954	0.02882223	0.00000452	0.00004941	0.03408863	0.09423846	0.01528522	0.03169382	0.05728334
PWY4984	PWY-4984: urea cycle	N	-0.01742114	0.02423349	0.47178165	0.54116131	-0.39526135	-0.68089834	-0.62751669	-0.77744271	0.06813017	0.06748722	0.06658663	0.06902111	0.00000000	0.00000000	0.05375457	0.02265693	0.00412115	0.00830210	0.03868671	0.00096889	0.02372746	0.03049307	0.00000021
PWY4FS7	PWY4FS-7: phosphatidylglycerol biosynthesis I (plastidic)	N	-0.01935379	0.02507053	0.44010829	0.51566336	 0.25428843	 0.58642068	 0.50296589	 0.71426951	0.07307520	0.07253489	0.07122878	0.07415461	0.00000000	0.00000000	0.08196539	0.02710031	0.00031844	0.00115914	0.01316551	0.00000008	0.02269737	0.03697606	0.05369837
PWY4FS8	PWY4FS-8: phosphatidylglycerol biosynthesis II (non-plastidic)	N	-0.01935379	0.02507053	0.44010829	0.51566336	 0.25428843	 0.58642068	 0.50296589	 0.71426951	0.07307520	0.07253489	0.07122878	0.07415461	0.00000000	0.00000000	0.08196539	0.02710031	0.00031844	0.00115914	0.01316551	0.00000008	0.02269737	0.03697606	0.05369837
PWY4LZ257	PWY4LZ-257: superpathway of fermentation (Chlamydomonas reinhardtii)	N	 0.12335886	0.03200241	0.00011518	0.00030528	-0.25827505	-0.23081150	-0.29031878	 0.11194728	0.07134561	0.07061634	0.06961906	0.07198583	0.00000000	0.00000000	0.01834419	0.01856398	0.28081404	0.31037341	0.05752131	0.01589126	0.02430562	0.03325587	0.01930794
PWY5005	PWY-5005: biotin biosynthesis II	N	-0.15403386	0.02815756	0.00000005	0.00000020	-0.15439427	-0.25719572	-0.19561598	-0.23043017	0.06533800	0.06480042	0.06411756	0.06651009	0.00034004	0.00040894	0.09616332	0.02822630	0.00005851	0.00030955	0.01405504	0.01136624	0.00458287	0.01397991	0.03590898
PWY5022	PWY-5022: 4-aminobutanoate degradation V	N	 0.03651832	0.02720524	0.17947089	0.23900270	-0.00871268	-0.02825453	-0.08489237	-0.10286874	0.06768374	0.06599020	0.06530682	0.06787562	0.47001580	0.47523820	0.00574142	0.01282014	0.67704337	0.70817181	0.04390239	0.00000035	0.00929678	0.05696300	0.00000034
PWY5030	PWY-5030: L-histidine degradation III	N	 0.18388041	0.03700866	0.00000067	0.00000254	-0.02570023	-0.21960011	 0.00345216	 0.11599970	0.06585607	0.06470167	0.06355550	0.06637253	0.00005921	0.00007771	0.03578813	0.01984427	0.03327580	0.04991370	0.13466965	0.03049009	0.00975324	0.06181299	0.05547655
PWY5097	PWY-5097: L-lysine biosynthesis VI	N	-0.05777397	0.02758840	0.03625649	0.05788317	-0.12924325	-0.51771983	-0.22425460	-0.42238239	0.07386931	0.07325434	0.07201760	0.07495987	0.00000000	0.00000000	0.09694403	0.02782186	0.00003519	0.00023674	0.00317652	0.00358559	0.02408219	0.03881696	0.01978134
PWY5100	PWY-5100: pyruvate fermentation to acetate and lactate II	N	-0.10294370	0.04087768	0.01157390	0.02092501	-0.03221301	 0.13656885	-0.13401006	-0.19366478	0.06863620	0.06770165	0.06670324	0.06955305	0.00008334	0.00010632	0.08757841	0.02614427	0.00005866	0.00030955	0.01089428	0.05909678	0.00904720	0.04170437	0.02775293
PWY5103	PWY-5103: L-isoleucine biosynthesis III	N	 0.03439740	0.03489279	0.32428147	0.40240382	 0.05816062	-0.30261051	-0.04724395	 0.10296812	0.07640349	0.07531840	0.07394681	0.07705196	0.00000304	0.00000469	0.04091071	0.02260716	0.03986181	0.05819398	0.00000008	0.01925020	0.02561346	0.06902570	0.03744235
PWY5121	PWY-5121: superpathway of geranylgeranyl diphosphate biosynthesis II (via MEP)	N	 0.02233812	0.02604915	0.39117063	0.46837536	 0.23556350	 0.57112629	 0.53771863	 0.74503881	0.07334908	0.07260815	0.07116064	0.07444169	0.00000000	0.00000000	0.11704836	0.02928740	0.00000127	0.00002539	0.01289377	0.00000008	0.02058064	0.05295173	0.04961798
PWY5136	PWY-5136: fatty acid &beta;-oxidation II (plant peroxisome)	N	-0.00049396	0.03081852	0.98720202	0.98720202	-0.02150648	 0.01356588	-0.07670510	 0.01645875	0.07000402	0.06867235	0.06782290	0.07052797	0.67720288	0.68220069	0.03621481	0.01484738	0.00915203	0.01633010	0.05534244	0.00754545	0.01337487	0.05222979	0.00000053
PWY5154	PWY-5154: L-arginine biosynthesis III (via N-acetyl-L-citrulline)	N	-0.03078770	0.02605411	0.23756253	0.30736763	 0.32462763	 0.68658752	 0.52493925	 0.78769978	0.07124571	0.07110078	0.06983887	0.07241622	0.00000000	0.00000000	0.08108727	0.02637050	0.00014040	0.00063884	0.00531438	0.00517438	0.02384972	0.02040292	0.04887930
PWY5188	PWY-5188: tetrapyrrole biosynthesis I (from glutamate)	N	-0.03586890	0.02939804	0.22237168	0.29046636	-0.18426557	-0.43999338	-0.37779474	-0.45445456	0.07085076	0.06960616	0.06875302	0.07129673	0.00000000	0.00000000	0.00712587	0.01869018	0.68568681	0.71175855	0.01401175	0.00617073	0.01569840	0.04892165	0.04241541
PWY5189	PWY-5189: tetrapyrrole biosynthesis II (from glycine)	N	 0.23887039	0.02501976	0.00000000	0.00000000	-0.09379216	 0.09434145	 0.07881905	 0.62504285	0.07273503	0.07223616	0.07098383	0.07367628	0.00000000	0.00000000	0.05634999	0.02517988	0.01541373	0.02551291	0.00547219	0.00063343	0.03234112	0.03643017	0.02237224
PWY5345	PWY-5345: superpathway of L-methionine biosynthesis (by sulfhydrylation)	N	 0.16927990	0.02700292	0.00000000	0.00000000	-0.07478785	 0.00814329	 0.05181839	 0.37374334	0.07485979	0.07451185	0.07317271	0.07590325	0.00000021	0.00000037	0.06899590	0.02530318	0.00243300	0.00548930	0.00915810	0.00363244	0.03367458	0.03139381	0.00788755
PWY5347	PWY-5347: superpathway of L-methionine biosynthesis (transsulfuration)	N	 0.09177872	0.02988242	0.00213115	0.00454535	-0.01035464	 0.09729281	-0.07026444	 0.11237473	0.06986396	0.06856696	0.06781800	0.07067160	0.05788348	0.06148712	0.07599527	0.01824313	0.00045357	0.00143981	0.00000009	0.00648003	0.00924954	0.04684952	0.00000054
PWY5384	PWY-5384: sucrose degradation IV (sucrose phosphorylase)	N	 0.14032279	0.02680726	0.00000017	0.00000071	 0.07034184	 0.29565001	 0.29731833	 0.41743814	0.08469502	0.08523025	0.08190922	0.08559047	0.00000085	0.00000138	0.05306521	0.02445719	0.01422628	0.02410460	0.03711000	0.00123151	0.07888315	0.04766234	0.05807427
PWY5484	PWY-5484: glycolysis II (from fructose 6-phosphate)	N	 0.09494701	0.03195334	0.00296643	0.00618196	 0.33200586	 0.47998917	 0.49041521	 0.49981884	0.06356071	0.06249485	0.06192716	0.06444490	0.00000000	0.00000000	0.08430114	0.02648038	0.00022124	0.00095870	0.00442237	0.02270250	0.00036055	0.02793129	0.02127051
PWY5497	PWY-5497: purine nucleobases degradation II (anaerobic)	N	 0.16141761	0.03059332	0.00000013	0.00000057	-0.05521884	-0.07402766	 0.04130384	 0.23879489	0.07391038	0.07315918	0.07208565	0.07464653	0.00058917	0.00069630	0.03430361	0.02136763	0.06633277	0.08501806	0.03051788	0.00989909	0.02811645	0.03767497	0.00000022
PWY5505	PWY-5505: L-glutamate and L-glutamine biosynthesis	N	 0.08022088	0.03183929	0.01175800	0.02111798	-0.17544605	-0.32429929	-0.10996354	-0.16199088	0.06660058	0.06535974	0.06471904	0.06708614	0.00004452	0.00005929	0.02857523	0.01971383	0.07108748	0.09026456	0.04630597	0.01422546	0.00999238	0.03821430	0.00000012
PWY561	PWY-561: superpathway of glyoxylate cycle and fatty acid degradation	N	 0.17089832	0.02811990	0.00000000	0.00000001	-0.03045786	 0.13628324	-0.01789091	 0.27632665	0.07178931	0.07096137	0.07006714	0.07269788	0.00007296	0.00009485	0.06344958	0.02479644	0.00423695	0.00844297	0.00000009	0.00545098	0.01979344	0.03507490	0.01281308
PWY5659	PWY-5659: GDP-mannose biosynthesis	N	 0.07508681	0.03510529	0.03244175	0.05240590	-0.01272288	 0.02911976	-0.08609875	 0.04266977	0.06375564	0.06297795	0.06244216	0.06463297	0.34159994	0.34797307	0.06019596	0.02322920	0.00258259	0.00568587	0.05864689	0.02974750	0.00296690	0.01554740	0.02365484
PWY5667	PWY-5667: CDP-diacylglycerol biosynthesis I	N	-0.10235713	0.03214337	0.00145086	0.00324660	-0.26829958	-0.52135258	-0.33893727	-0.77697557	0.06602513	0.06626425	0.06493936	0.06733921	0.00000000	0.00000000	0.11283476	0.02915771	0.00000140	0.00002539	0.00758798	0.03476301	0.01584549	0.00875233	0.06121246
PWY5675	PWY-5675: nitrate reduction V (assimilatory)	N	 0.18512221	0.02489833	0.00000000	0.00000000	-0.02544681	 0.06113671	 0.03628078	 0.38778856	0.07304365	0.07245175	0.07137568	0.07402234	0.00000023	0.00000040	0.05456480	0.02414545	0.00895516	0.01619045	0.00000009	0.00000033	0.02667969	0.03227165	0.02915679
PWY5676	PWY-5676: acetyl-CoA fermentation to butanoate II	N	-0.02392073	0.02815208	0.39552138	0.47151676	-0.08225728	-0.15925006	-0.35836929	-0.50060237	0.06239199	0.06091039	0.06043596	0.06261159	0.00000000	0.00000000	0.00000036	0.00000001	1.00000000	1.00000000	0.05374848	0.00689924	0.00000009	0.03370982	0.04001107
PWY5686	PWY-5686: UMP biosynthesis I	N	-0.10282697	0.03145163	0.00107716	0.00247114	-0.22569858	-0.46785420	-0.33043468	-0.69509415	0.06771212	0.06680496	0.06599176	0.06867481	0.00000000	0.00000000	0.09409887	0.02673188	0.00005896	0.00030955	0.00000008	0.01902941	0.01267631	0.03699005	0.00000005
PWY5695	PWY-5695: inosine 5'-phosphate degradation	N	 0.07873214	0.03548487	0.02648613	0.04382250	 0.20209446	 0.49750352	 0.39800281	 0.40313662	0.06593751	0.06525252	0.06431132	0.06705905	0.00000000	0.00000000	0.11236057	0.03076768	0.00002166	0.00018476	0.00441619	0.04289597	0.00247691	0.02790581	0.06640045
PWY5723	PWY-5723: Rubisco shunt	N	-0.01569737	0.03064833	0.60840780	0.66173438	-0.30262988	-0.22191943	-0.39936863	-0.37725493	0.07070603	0.06941940	0.06857806	0.07121511	0.00000001	0.00000001	0.01903294	0.02088062	0.32506068	0.35496627	0.00773032	0.00879009	0.01138096	0.04917575	0.05035001
PWY5837	PWY-5837: 2-carboxy-1,4-naphthoquinol biosynthesis	N	 0.17950502	0.02684381	0.00000000	0.00000000	-0.10466887	 0.02900795	-0.00470224	 0.31478658	0.07452700	0.07391777	0.07272183	0.07542828	0.00000341	0.00000523	0.04683470	0.02487265	0.04197239	0.06017837	0.00000009	0.00251832	0.02849293	0.03642254	0.03819487
PWY5838	PWY-5838: superpathway of menaquinol-8 biosynthesis I	N	 0.17248774	0.02807797	0.00000000	0.00000000	-0.07462048	 0.09045848	-0.02594751	 0.25715390	0.07487174	0.07423846	0.07301033	0.07580737	0.00027360	0.00033197	0.05823662	0.02640147	0.01932110	0.03121101	0.00000008	0.00450164	0.02648348	0.03828329	0.03966831
PWY5840	PWY-5840: superpathway of menaquinol-7 biosynthesis	N	 0.17736341	0.02645522	0.00000000	0.00000000	-0.10169428	 0.03399562	 0.00555390	 0.33400860	0.07433952	0.07374161	0.07254027	0.07525525	0.00000097	0.00000156	0.04785469	0.02513677	0.03856227	0.05690540	0.00000009	0.00192682	0.02770610	0.03596641	0.04436586
PWY5897	PWY-5897: superpathway of menaquinol-11 biosynthesis	N	 0.18044694	0.02637243	0.00000000	0.00000000	-0.10018994	 0.02951992	 0.00074203	 0.32386830	0.07423666	0.07363221	0.07245853	0.07514640	0.00000206	0.00000325	0.04623989	0.02489502	0.04467104	0.06190454	0.00000009	0.00183485	0.02784774	0.03534728	0.04059656
PWY5898	PWY-5898: superpathway of menaquinol-12 biosynthesis	N	 0.18044694	0.02637243	0.00000000	0.00000000	-0.10018994	 0.02951992	 0.00074203	 0.32386830	0.07423666	0.07363221	0.07245853	0.07514640	0.00000206	0.00000325	0.04623989	0.02489502	0.04467104	0.06190454	0.00000009	0.00183485	0.02784774	0.03534728	0.04059656
PWY5899	PWY-5899: superpathway of menaquinol-13 biosynthesis	N	 0.18044694	0.02637243	0.00000000	0.00000000	-0.10018994	 0.02951992	 0.00074203	 0.32386830	0.07423666	0.07363221	0.07245853	0.07514640	0.00000206	0.00000325	0.04623989	0.02489502	0.04467104	0.06190454	0.00000009	0.00183485	0.02784774	0.03534728	0.04059656
PWY5910	PWY-5910: superpathway of geranylgeranyldiphosphate biosynthesis I (via mevalonate)	N	 0.00726877	0.02740369	0.79084238	0.83038450	 0.23315256	 0.66341091	 0.52103193	 0.79180843	0.07363071	0.07320433	0.07151674	0.07475204	0.00000000	0.00000000	0.11839747	0.03115475	0.00000482	0.00005065	0.01883950	0.00403763	0.02258900	0.04492028	0.07461968
PWY5913	PWY-5913: partial TCA cycle (obligate autotrophs)	N	 0.09248270	0.02439017	0.00014938	0.00038113	 0.25502022	 0.57978182	 0.55825181	 0.68078650	0.06646096	0.06574902	0.06473880	0.06776950	0.00000000	0.00000000	0.14992420	0.03188166	0.00000000	0.00000051	0.01000904	0.00093647	0.00299694	0.03252178	0.06224073
PWY5941	PWY-5941: glycogen degradation II	N	-0.10406131	0.03923144	0.00800212	0.01496287	-0.27433785	-0.28817715	-0.42877003	-0.43059717	0.06702369	0.06592085	0.06499843	0.06780319	0.00000000	0.00000000	0.07536759	0.02502814	0.00056840	0.00166853	0.00624727	0.05528009	0.00804567	0.04820276	0.02120004
PWY5973	PWY-5973: cis-vaccenate biosynthesis	N	 0.05811472	0.03978783	0.14415837	0.20079202	 0.22178938	 0.29820306	 0.25577659	 0.36839640	0.06949326	0.06899535	0.06786274	0.07049557	0.00000067	0.00000114	0.08144451	0.02664422	0.00044317	0.00142336	0.00745065	0.06659305	0.01590064	0.02885114	0.03918463
PWY5981	PWY-5981: CDP-diacylglycerol biosynthesis III	N	-0.00873316	0.02470187	0.72367361	0.77173006	 0.32577816	 0.74789897	 0.65530676	 0.84866640	0.06714644	0.06708190	0.06568749	0.06853283	0.00000000	0.00000000	0.14510665	0.03310063	0.00000004	0.00000298	0.01374275	0.00464218	0.00769253	0.01914884	0.10844339
PWY5989	PWY-5989: stearate biosynthesis II (bacteria and plants)	N	 0.19396769	0.02536355	0.00000000	0.00000000	 0.02469672	 0.10533637	 0.15502311	 0.40842499	0.07303620	0.07230837	0.07120616	0.07394663	0.00000036	0.00000061	0.05196723	0.02574305	0.03259692	0.04916552	0.00295762	0.00000009	0.02444488	0.03861151	0.04026864
PWY6121	PWY-6121: 5-aminoimidazole ribonucleotide biosynthesis I	N	-0.09995709	0.02784768	0.00033211	0.00080952	-0.11412972	-0.56745604	-0.18028822	-0.24295499	0.07127633	0.07024221	0.06919535	0.07226958	0.00000000	0.00000000	0.09567777	0.02817801	0.00003444	0.00023674	0.00000008	0.00297806	0.01025733	0.04924449	0.05536878
PWY6122	PWY-6122: 5-aminoimidazole ribonucleotide biosynthesis II	N	-0.10726402	0.02753056	0.00009773	0.00026158	-0.18713455	-0.62244885	-0.30001694	-0.46488494	0.06772875	0.06655157	0.06570559	0.06872224	0.00000000	0.00000000	0.10880812	0.02841894	0.00000279	0.00003815	0.00000008	0.00333259	0.00473580	0.04760716	0.03193265
PWY6123	PWY-6123: inosine-5'-phosphate biosynthesis I	N	 0.14778121	0.03610862	0.00004264	0.00012126	 0.38066049	 0.38118109	 0.59756923	 0.78635144	0.06412727	0.06322438	0.06242810	0.06483967	0.00000000	0.00000000	0.05794165	0.02324155	0.00413585	0.00830210	0.01500974	0.04434803	0.01166268	0.03724026	0.01754190
PWY6124	PWY-6124: inosine-5'-phosphate biosynthesis II	N	 0.15590451	0.03597412	0.00001467	0.00004657	 0.37798097	 0.40018194	 0.59103514	 0.80012706	0.06441094	0.06352977	0.06269679	0.06511905	0.00000000	0.00000000	0.05582296	0.02325226	0.00589987	0.01126339	0.01510251	0.04384336	0.01254461	0.03820749	0.02278470
PWY6125	PWY-6125: superpathway of guanosine nucleotides de novo biosynthesis II	N	-0.09390188	0.03194400	0.00328681	0.00674661	 0.33320200	 0.41004636	 0.45136996	 0.33371991	0.06983898	0.06859221	0.06764026	0.07069501	0.00000000	0.00000000	0.07939663	0.02733367	0.00058473	0.00169820	0.00000008	0.01284953	0.00294578	0.05218298	0.06729351
PWY6126	PWY-6126: superpathway of adenosine nucleotides de novo biosynthesis II	N	-0.08541509	0.03181327	0.00725793	0.01375983	 0.33915774	 0.41216727	 0.45994092	 0.35134992	0.06911644	0.06783120	0.06692917	0.06994909	0.00000000	0.00000000	0.07707357	0.02697066	0.00065210	0.00183529	0.00000008	0.01281118	0.00148155	0.05104464	0.06680451
PWY6143	PWY-6143: CMP-pseudaminate biosynthesis	N	-0.21801492	0.02741871	0.00000000	0.00000000	-0.10941957	-0.41210750	-0.16198348	-0.38557258	0.06833811	0.06772886	0.06670927	0.06926008	0.00000000	0.00000000	0.05346586	0.02685915	0.02183370	0.03485731	0.01313858	0.00775580	0.01020883	0.02808845	0.09967983
PWY6147	PWY-6147: 6-hydroxymethyl-dihydropterin diphosphate biosynthesis I	N	 0.00705646	0.02534121	0.78067301	0.82287155	 0.14469387	 0.54213195	 0.47138844	 0.75455026	0.07455323	0.07411879	0.07262294	0.07568975	0.00000000	0.00000000	0.10227853	0.02725343	0.00000376	0.00004461	0.01070645	0.00000008	0.02967549	0.04029388	0.03036307
PWY6151	PWY-6151: S-adenosyl-L-methionine salvage I	N	-0.06863755	0.03518287	0.05109978	0.07664966	-0.08723489	-0.11643503	-0.22158560	-0.35399086	0.06964877	0.06816410	0.06713324	0.07025660	0.00000664	0.00000986	0.06327501	0.02435587	0.00381480	0.00784857	0.00514208	0.01924427	0.00620243	0.07083882	0.02613892
PWY6163	PWY-6163: chorismate biosynthesis from 3-dehydroquinate	N	-0.07484915	0.03316901	0.02376091	0.03955323	-0.33577591	-0.40419398	-0.41008086	-0.83301541	0.06629700	0.06519534	0.06435020	0.06702778	0.00000000	0.00000000	0.05920379	0.02573874	0.01031371	0.01804900	0.00059319	0.02753347	0.00596893	0.04549751	0.05703148
PWY621	PWY-621: sucrose degradation III (sucrose invertase)	N	 0.03111947	0.03588510	0.38584376	0.46837536	-0.10472806	-0.14982314	-0.27306100	-0.00136917	0.06637890	0.06565575	0.06509828	0.06702388	0.00011318	0.00014371	0.01240622	0.01898444	0.48038016	0.51428935	0.04316760	0.03263942	0.00803411	0.01388412	0.04602259
PWY622	PWY-622: starch biosynthesis	N	 0.40472889	0.03661288	0.00000000	0.00000000	-0.07253115	 0.16662263	 0.01371153	 0.61700697	0.07464701	0.07467093	0.07162164	0.07532508	0.00000000	0.00000000	0.10944192	0.02757164	0.00000060	0.00001491	0.03611638	0.04273118	0.06536129	0.07423580	0.03744642
PWY6270	PWY-6270: isoprene biosynthesis I	N	 0.17133875	0.03516635	0.00000110	0.00000396	 0.31547581	 0.29799545	 0.42148211	 0.49188081	0.06915862	0.06857573	0.06757294	0.07001220	0.00000000	0.00000000	0.05972284	0.02301429	0.00074917	0.00204524	0.00230177	0.04390047	0.02395368	0.03162691	0.00000009
PWY6277	PWY-6277: superpathway of 5-aminoimidazole ribonucleotide biosynthesis	N	-0.10726402	0.02753056	0.00009773	0.00026158	-0.18713455	-0.62244885	-0.30001694	-0.46488494	0.06772875	0.06655157	0.06570559	0.06872224	0.00000000	0.00000000	0.10880812	0.02841894	0.00000279	0.00003815	0.00000008	0.00333259	0.00473580	0.04760716	0.03193265
PWY6282	PWY-6282: palmitoleate biosynthesis I (from (5Z)-dodec-5-enoate)	N	 0.19999692	0.02490070	0.00000000	0.00000000	 0.03153705	 0.11759018	 0.18080620	 0.46732120	0.07199028	0.07128825	0.07022485	0.07290659	0.00000000	0.00000000	0.04995355	0.02624573	0.04531750	0.06191364	0.00141543	0.00000008	0.02216212	0.03591323	0.05369936
PWY6292	PWY-6292: superpathway of L-cysteine biosynthesis (mammalian)	N	-0.07974137	0.02590113	0.00207951	0.00447012	 0.13197634	 0.44617738	 0.29218302	 0.48599958	0.07480968	0.07413159	0.07282109	0.07574527	0.00000000	0.00000000	0.05132789	0.02587886	0.02983806	0.04525439	0.02250366	0.00000010	0.02284220	0.04082580	0.06841794
PWY6293	PWY-6293: superpathway of L-cysteine biosynthesis (fungi)	N	-0.07495856	0.02777344	0.00695327	0.01346272	 0.14921403	 0.48076807	 0.52348493	 0.65883433	0.07375776	0.07297505	0.07165324	0.07476941	0.00000000	0.00000000	0.09421488	0.02694613	0.00003604	0.00023674	0.02498264	0.00260461	0.02066325	0.04867765	0.03508834
PWY6305	PWY-6305: superpathway of putrescine biosynthesis	N	 0.06909950	0.03248075	0.03338356	0.05361007	-0.19617543	-0.36847027	-0.38321737	-0.19236150	0.07228017	0.07144548	0.07046738	0.07307828	0.00000003	0.00000006	0.05284705	0.02211211	0.00116591	0.00294716	0.02484449	0.01523374	0.02148043	0.03756105	0.00000004
PWY6317	PWY-6317: D-galactose degradation I (Leloir pathway)	N	-0.16115650	0.03386716	0.00000195	0.00000650	-0.20233505	-0.38369801	-0.42741857	-0.55361534	0.06356799	0.06236009	0.06162125	0.06432132	0.00000000	0.00000000	0.07553705	0.02547491	0.00028126	0.00109691	0.00403664	0.03013018	0.00000008	0.04253997	0.04083412
PWY6353	PWY-6353: purine nucleotides degradation II (aerobic)	N	-0.01310165	0.03493073	0.70758611	0.76051578	-0.16310476	-0.37861681	-0.34792564	-0.31133023	0.06695348	0.06586558	0.06515744	0.06750379	0.00000000	0.00000000	0.02433621	0.01906951	0.13308507	0.15526592	0.04369245	0.02548574	0.00825252	0.03398044	0.03833636
PWY6385	PWY-6385: peptidoglycan biosynthesis III (mycobacteria)	N	 0.04956236	0.03983690	0.21343094	0.28012811	-0.07370130	 0.06939976	-0.10364255	-0.09496269	0.07707121	0.07652909	0.07504127	0.07776082	0.17702808	0.18375918	0.02087489	0.01958881	0.26720040	0.29652727	0.00000008	0.06452109	0.03730097	0.04310257	0.01964807
PWY6386	PWY-6386: UDP-N-acetylmuramoyl-pentapeptide biosynthesis II (lysine-containing)	N	 0.12000496	0.03778080	0.00149076	0.00330876	-0.02902362	 0.19056070	-0.06951765	 0.04761656	0.07583340	0.07511619	0.07374627	0.07657506	0.01514978	0.01654356	0.04036357	0.02193329	0.04581156	0.06191364	0.00000008	0.04402999	0.03155966	0.04897844	0.01816730
PWY6387	PWY-6387: UDP-N-acetylmuramoyl-pentapeptide biosynthesis I (meso-diaminopimelate containing)	N	 0.08125327	0.04502901	0.07116252	0.10279030	-0.07996030	 0.08758066	-0.04754014	-0.15527938	0.07110766	0.07094609	0.06951735	0.07198461	0.02939790	0.03184773	0.04153379	0.02297577	0.05630956	0.07355267	0.01043503	0.11937698	0.02588485	0.02404405	0.05192813
PWY6470	PWY-6470: peptidoglycan biosynthesis V (&beta;-lactam resistance)	N	-0.03715307	0.03115165	0.23307449	0.30299684	-0.09256909	-0.11162686	-0.07417851	 0.00478973	0.06659780	0.06459833	0.06372398	0.06647980	0.24613120	0.25356158	0.00000050	0.00000001	1.00000000	1.00000000	0.01154508	0.00506851	0.00465290	0.07673958	0.00000017
PWY6507	PWY-6507: 4-deoxy-L-threo-hex-4-enopyranuronate degradation	N	-0.15289487	0.03393177	0.00000662	0.00002152	-0.12373662	-0.26558170	-0.27564889	-0.15108779	0.06726591	0.06597046	0.06517731	0.06777613	0.00005478	0.00007225	0.03286097	0.01959624	0.03983829	0.05819398	0.02234897	0.02033709	0.00705584	0.04794717	0.03483722
PWY6519	PWY-6519: 8-amino-7-oxononanoate biosynthesis I	N	 0.17985822	0.02499709	0.00000000	0.00000000	 0.03372163	 0.13261838	 0.19368867	 0.43379887	0.07204221	0.07133096	0.07027371	0.07297444	0.00000003	0.00000005	0.05129486	0.02645496	0.04210282	0.06017837	0.00548874	0.00000008	0.02045633	0.03527184	0.05523144
PWY6527	PWY-6527: stachyose degradation	N	-0.07512295	0.03722124	0.04357382	0.06797516	-0.08155198	-0.27627581	-0.23111094	-0.11805669	0.06752784	0.06589865	0.06480142	0.06811275	0.00007501	0.00009660	0.07413278	0.02505049	0.00063723	0.00181211	0.00000008	0.02876402	0.00000008	0.07974954	0.03140037
PWY6531	PWY-6531: mannitol cycle	N	 0.06780941	0.03447994	0.04921514	0.07526838	-0.11974911	-0.10317364	-0.22608010	-0.00943671	0.06902673	0.06803694	0.06727657	0.06987670	0.00532799	0.00604608	0.07043574	0.02447838	0.00036622	0.00126553	0.02033606	0.02245908	0.01061961	0.03323977	0.00000016
PWY6545	PWY-6545: pyrimidine deoxyribonucleotides de novo biosynthesis III	N	-0.02685984	0.02563029	0.29470544	0.37247493	 0.08756974	 0.41445706	 0.39983347	 0.56548540	0.07152973	0.07064242	0.06963380	0.07250878	0.00000000	0.00000000	0.07160399	0.02582406	0.00102121	0.00268068	0.01500809	0.00000008	0.01388279	0.03974377	0.05096473
PWY6549	PWY-6549: L-glutamine biosynthesis III	N	 0.01918295	0.02524538	0.44733325	0.51746600	 0.27610810	 0.47522980	 0.54307617	 0.60455203	0.06652288	0.06536337	0.06455001	0.06753607	0.00000000	0.00000000	0.09832791	0.02845603	0.00003642	0.00023674	0.01593093	0.00000008	0.00000048	0.04162484	0.05675534
PWY6562	PWY-6562: norspermidine biosynthesis	N	-0.07768874	0.03912888	0.04712276	0.07309382	-0.24433867	-0.33029947	-0.19500233	-0.15917035	0.06729241	0.06581322	0.06506311	0.06756037	0.00001259	0.00001809	0.00710490	0.01773121	0.66886475	0.70230799	0.00506651	0.05023748	0.00524540	0.04941946	0.03983967
PWY6565	PWY-6565: superpathway of polyamine biosynthesis III	N	-0.07682819	0.03912911	0.04962750	0.07526838	-0.24681002	-0.33268386	-0.19783706	-0.16073325	0.06746512	0.06600165	0.06525085	0.06773951	0.00001082	0.00001572	0.00679432	0.01765840	0.68126461	0.70986733	0.00500735	0.05050016	0.00577442	0.04903565	0.03934997
PWY6588	PWY-6588: pyruvate fermentation to acetone	N	-0.11361367	0.02952314	0.00011890	0.00031212	-0.12122905	-0.32410929	-0.24946220	-0.07248125	0.07448446	0.07418121	0.07280019	0.07540492	0.00004698	0.00006226	0.04342948	0.02209257	0.02119089	0.03403008	0.03334530	0.00974100	0.03178803	0.02920291	0.03302560
PWY6590	PWY-6590: superpathway of Clostridium acetobutylicum acidogenic fermentation	N	-0.22373788	0.02954709	0.00000000	0.00000000	 0.12974818	 0.10836971	 0.17337335	 0.28626485	0.06658332	0.06491785	0.06404973	0.06684959	0.00071274	0.00083870	0.00946771	0.02021835	0.63523472	0.67341922	0.04413060	0.00460489	0.00044954	0.06357324	0.07082932
PWY6595	PWY-6595: superpathway of guanosine nucleotides degradation (plants)	N	-0.01571879	0.03290702	0.63286173	0.68560020	 0.02411817	 0.02789030	 0.12891016	 0.19449751	0.06909335	0.06806056	0.06722100	0.06985989	0.03219627	0.03474143	0.06037641	0.02185148	0.00060131	0.00172798	0.06820885	0.01552586	0.01254801	0.03825260	0.00000018
PWY6606	PWY-6606: guanosine nucleotides degradation II	N	-0.09322907	0.03092310	0.00257151	0.00540018	 0.07406954	 0.06145696	 0.12151775	 0.34697690	0.06987336	0.06893436	0.06816498	0.07059795	0.00002381	0.00003283	0.03713622	0.02126026	0.04944022	0.06616265	0.03695626	0.01180056	0.01293869	0.03098221	0.02548866
PWY6607	PWY-6607: guanosine nucleotides degradation I	N	-0.07828533	0.02669017	0.00336532	0.00685622	 0.19481692	 0.34151264	 0.46204227	 0.63822743	0.07240917	0.07155742	0.07046106	0.07331246	0.00000000	0.00000000	0.06328470	0.02350423	0.00107995	0.00278138	0.03483988	0.00141301	0.01896832	0.04228083	0.03444323
PWY6608	PWY-6608: guanosine nucleotides degradation III	N	-0.07274633	0.03066931	0.01769597	0.03077069	-0.13179771	-0.39119874	-0.27548974	-0.16729439	0.07387844	0.07278968	0.07175556	0.07455574	0.00000082	0.00000134	0.03862061	0.02173879	0.03360850	0.05013727	0.00000009	0.00830285	0.02132407	0.05228339	0.02680539
PWY6609	PWY-6609: adenine and adenosine salvage III	N	-0.22713637	0.02644134	0.00000000	0.00000000	-0.10821630	-0.58124587	-0.26077197	-0.69182160	0.06852107	0.06777289	0.06660411	0.06956835	0.00000000	0.00000000	0.11549086	0.02839202	0.00000031	0.00001223	0.00000008	0.00395516	0.01581941	0.04657976	0.04824335
PWY6628	PWY-6628: superpathway of L-phenylalanine biosynthesis	N	 0.04251132	0.03030508	0.16066031	0.21930132	-0.23744263	-0.25948905	-0.20677089	-0.17380999	0.06506278	0.06338422	0.06279486	0.06520297	0.00019678	0.00024199	0.00000020	0.00000000	1.00000000	1.00000000	0.01616864	0.00843813	0.00000009	0.04443022	0.03997595
PWY6630	PWY-6630: superpathway of L-tyrosine biosynthesis	N	 0.01968862	0.03225279	0.54169896	0.60608121	-0.25851166	-0.24564698	-0.19473189	-0.19304104	0.06467236	0.06296123	0.06229521	0.06475784	0.00018252	0.00022753	0.00000046	0.00000001	1.00000000	1.00000000	0.02529450	0.01291896	0.00000009	0.04917868	0.03658778
PWY66391	PWY66-391: fatty acid &beta;-oxidation VI (mammalian peroxisome)	N	-0.14301254	0.02504826	0.00000001	0.00000005	-0.21864875	-0.38836288	-0.21438645	-0.12563676	0.07332373	0.07274960	0.07148599	0.07424961	0.00000300	0.00000465	0.04202181	0.02413489	0.05069231	0.06750732	0.03018087	0.00000008	0.02367008	0.03539631	0.06826169
PWY66399	PWY66-399: gluconeogenesis III	N	 0.08296818	0.04086455	0.04232901	0.06641275	 0.24328169	 0.11205930	 0.38310850	 0.61775790	0.06550190	0.06401146	0.06299830	0.06564108	0.00000000	0.00000000	0.00000034	0.00000001	0.99269485	1.00000000	0.03719942	0.04968383	0.00991721	0.07491279	0.03951678
PWY66409	PWY66-409: superpathway of purine nucleotide salvage	N	 0.08540394	0.02985084	0.00422382	0.00839737	-0.08966541	 0.00332227	-0.15116754	 0.09906998	0.06830508	0.06711549	0.06655776	0.06901401	0.00471784	0.00538900	0.05050314	0.02343327	0.01134189	0.01959707	0.00068893	0.00976060	0.00916783	0.03312314	0.00000014
PWY66429	PWY66-429: fatty acid biosynthesis initiation (mitochondria)	N	-0.13231344	0.03155383	0.00002726	0.00008089	-0.00922337	-0.45443198	-0.21881013	-0.32784478	0.07758231	0.07699037	0.07528683	0.07860249	0.00000000	0.00000000	0.10443900	0.02773155	0.00000448	0.00004941	0.00367476	0.01029942	0.03292258	0.05566885	0.02073216
PWY6700	PWY-6700: queuosine biosynthesis I (de novo)	N	-0.22456346	0.02841372	0.00000000	0.00000000	 0.09192140	-0.18162409	 0.18634098	-0.05687470	0.07847670	0.07808439	0.07617035	0.07959319	0.00018624	0.00023007	0.12299773	0.02980275	0.00000310	0.00004024	0.00837487	0.00324281	0.03769566	0.05210732	0.02050521
PWY6703	PWY-6703: preQ0 biosynthesis	N	-0.01104496	0.03612912	0.75986109	0.80403906	 0.30482999	 0.41757996	 0.44895587	 0.28783865	0.06950948	0.06830650	0.06727116	0.07042147	0.00000000	0.00000000	0.10387170	0.02736625	0.00001238	0.00012069	0.00118475	0.02945761	0.00809386	0.05826952	0.01346943
PWY6731	PWY-6731: starch degradation III	N	-0.03544525	0.03613627	0.32688472	0.40379878	-0.30778619	-0.37370015	-0.19183535	-0.00193299	0.06821110	0.06710538	0.06633213	0.06892775	0.00000000	0.00000000	0.05586903	0.02232073	0.00212495	0.00487488	0.01235658	0.03102906	0.00899220	0.03894062	0.01602823
PWY6749	PWY-6749: CMP-legionaminate biosynthesis I	N	-0.11124805	0.03344529	0.00088210	0.00209403	-0.11820917	-0.14094291	-0.15930390	 0.02153984	0.06483824	0.06394689	0.06349080	0.06553993	0.00969484	0.01080282	0.03523542	0.02058601	0.04574971	0.06191364	0.02394669	0.02540637	0.00527142	0.01700409	0.02127417
PWY6803	PWY-6803: phosphatidylcholine acyl editing	N	 0.15809867	0.02642480	0.00000000	0.00000001	-0.02604634	 0.13134249	-0.04491742	 0.27788681	0.07095034	0.07034692	0.06948643	0.07202237	0.00003664	0.00004928	0.07708913	0.02547336	0.00039232	0.00133880	0.00000009	0.00368889	0.01962321	0.02502424	0.00894373
PWY6823	PWY-6823: molybdopterin biosynthesis	N	-0.15034281	0.02962358	0.00000039	0.00000158	 0.04037090	-0.22521749	-0.27884767	-0.45184623	0.06565720	0.06403710	0.06314839	0.06588820	0.00000000	0.00000000	0.01816175	0.01770201	0.24954497	0.28035300	0.04059644	0.00546643	0.00776704	0.07333195	0.01966876
PWY6859	PWY-6859: all-trans-farnesol biosynthesis	N	 0.00662363	0.02591378	0.79826177	0.83496346	 0.22840169	 0.62029671	 0.55767397	 0.77621137	0.07422804	0.07358634	0.07204636	0.07527988	0.00000000	0.00000000	0.10213304	0.02892068	0.00003063	0.00023228	0.01385313	0.00000001	0.02453728	0.05112693	0.05744982
PWY6876	PWY-6876: isopropanol biosynthesis (engineered)	N	-0.06531412	0.02814511	0.02032223	0.03467481	-0.05418948	-0.04083076	-0.15533373	-0.33991427	0.06988514	0.06891825	0.06819521	0.07057614	0.00001575	0.00002228	0.02986262	0.02126821	0.12771921	0.15093198	0.03370434	0.00548439	0.01536609	0.03126734	0.01511410
PWY6895	PWY-6895: superpathway of thiamine diphosphate biosynthesis II	N	 0.15738622	0.02654152	0.00000000	0.00000002	-0.00118571	 0.03621177	-0.05344318	 0.30591908	0.07320536	0.07212600	0.07119590	0.07396831	0.00001845	0.00002570	0.04705985	0.02260232	0.01851830	0.03009223	0.00000009	0.00000009	0.02282107	0.04844440	0.01000123
PWY6897	PWY-6897: thiamine diphosphate salvage II	N	-0.05783924	0.03195593	0.07034293	0.10214691	 0.12838670	 0.29778699	 0.09798719	 0.14588063	0.06525017	0.06375562	0.06322777	0.06548725	0.00018219	0.00022753	0.00000019	0.00000001	1.00000000	1.00000000	0.02522248	0.01438869	0.00073167	0.03530967	0.04637410
PWY6901	PWY-6901: superpathway of glucose and xylose degradation	N	 0.15544146	0.03059141	0.00000038	0.00000157	 0.37017227	 0.43295440	 0.49307190	 0.67660551	0.06605973	0.06484411	0.06399142	0.06670826	0.00000000	0.00000000	0.05640070	0.02345620	0.00532274	0.01023315	0.01664150	0.01222791	0.00747489	0.05174484	0.03431505
PWY6936	PWY-6936: seleno-amino acid biosynthesis (plants)	N	 0.07513410	0.02539034	0.00308416	0.00637860	 0.21915075	 0.63319527	 0.54732536	 0.72374820	0.07019166	0.06944945	0.06814758	0.07138461	0.00000000	0.00000000	0.14101614	0.03177607	0.00000006	0.00000306	0.00676005	0.00043776	0.01229874	0.04747946	0.06141613
PWY6953	PWY-6953: dTDP-3-acetamido-&alpha;-D-fucose biosynthesis	N	-0.02879667	0.02956411	0.33007591	0.40590416	-0.41906578	-0.41492024	-0.45412702	-0.45656459	0.06754717	0.06668089	0.06597604	0.06825089	0.00000000	0.00000000	0.03160731	0.02149217	0.09984882	0.12169075	0.04321905	0.01116490	0.01227579	0.02691313	0.02988920
PWY6961	PWY-6961: L-ascorbate degradation II (bacterial, aerobic)	N	 0.15167844	0.02654429	0.00000001	0.00000005	-0.05140802	 0.05682449	-0.10463214	 0.08529727	0.07272848	0.07194121	0.07105632	0.07359930	0.09070299	0.09523814	0.04149549	0.02428960	0.07215637	0.09119763	0.00000009	0.00215930	0.02004881	0.03105718	0.03652299
PWY6969	PWY-6969: TCA cycle V (2-oxoglutarate synthase)	N	 0.12769769	0.03267596	0.00009318	0.00025439	-0.03477610	 0.06573792	 0.03771233	 0.30255885	0.07211076	0.07153276	0.07037117	0.07296340	0.00007885	0.00010106	0.05165037	0.02212589	0.00492033	0.00959641	0.05234950	0.01761021	0.02374783	0.03309098	0.02208292
PWY702	PWY-702: L-methionine biosynthesis II	N	-0.05632164	0.03236887	0.08183884	0.11697384	 0.08458508	 0.20088642	 0.19892434	 0.33087220	0.06342439	0.06190731	0.06148006	0.06364425	0.00000233	0.00000364	0.01196402	0.01725608	0.45991012	0.49431285	0.02739351	0.01611540	0.00124517	0.03163918	0.00195956
PWY7090	PWY-7090: UDP-2,3-diacetamido-2,3-dideoxy-&alpha;-D-mannuronate biosynthesis	N	 0.04606793	0.03644569	0.20604498	0.27174048	-0.23871044	-0.28399147	-0.11150431	-0.27648943	0.06831343	0.06745490	0.06674640	0.06896655	0.00002462	0.00003378	0.02666275	0.02117032	0.20097553	0.23053075	0.05729186	0.03022055	0.01233189	0.02499274	0.02277243
PWY7111	PWY-7111: pyruvate fermentation to isobutanol (engineered)	N	 0.03124819	0.03362402	0.35320754	0.43240205	-0.09748504	 0.17106641	 0.01602026	 0.18779635	0.07247032	0.07145846	0.07036378	0.07325244	0.00035075	0.00041998	0.05446742	0.02501016	0.01500703	0.02513447	0.01405478	0.01712151	0.01283611	0.04790291	0.05841575
PWY7115	PWY-7115: C4 photosynthetic carbon assimilation cycle, NAD-ME type	N	 0.25670300	0.03849484	0.00000000	0.00000000	-0.30231365	-0.15426119	-0.14560290	 0.18750375	0.07572668	0.07537736	0.07355446	0.07657811	0.00000001	0.00000002	0.06747095	0.02343490	0.00050305	0.00152593	0.03396702	0.03927365	0.03956786	0.04820835	0.01992826
PWY7117	PWY-7117: C4 photosynthetic carbon assimilation cycle, PEPCK type	N	 0.03834600	0.02743831	0.16269465	0.22097333	 0.22388532	 0.39845235	 0.55508171	 0.76834134	0.06499614	0.06391587	0.06324053	0.06593962	0.00000000	0.00000000	0.09372640	0.02683920	0.00005158	0.00030610	0.01113190	0.00573582	0.00316187	0.03435859	0.01943274
PWY7118	PWY-7118: chitin deacetylation	N	 0.18695468	0.02977449	0.00000000	0.00000000	-0.00595259	 0.09389169	 0.00551792	 0.32285337	0.07366907	0.07282642	0.07166142	0.07454832	0.00003194	0.00004317	0.06678556	0.02541226	0.00256020	0.00568241	0.00000008	0.00782307	0.02267541	0.04701525	0.03139432
PWY7184	PWY-7184: pyrimidine deoxyribonucleotides de novo biosynthesis I	N	-0.01787777	0.02551129	0.48343703	0.54990962	 0.08326075	 0.43340697	 0.39753648	 0.57459501	0.07149018	0.07064711	0.06962094	0.07251372	0.00000000	0.00000000	0.07945030	0.02630282	0.00031567	0.00115914	0.01381955	0.00000008	0.01433975	0.03885218	0.04710234
PWY7197	PWY-7197: pyrimidine deoxyribonucleotide phosphorylation	N	-0.06579805	0.03347609	0.04936199	0.07526838	 0.33622928	 0.44592314	 0.47069840	 0.35599354	0.06898925	0.06784231	0.06692121	0.06985230	0.00000000	0.00000000	0.07444137	0.02737324	0.00137311	0.00334696	0.00000008	0.02196218	0.00200897	0.04571656	0.07811630
PWY7198	PWY-7198: pyrimidine deoxyribonucleotides de novo biosynthesis IV	N	 0.07198412	0.03293467	0.02884233	0.04692325	-0.09282369	-0.01004370	-0.06168354	 0.26231544	0.06859762	0.06767886	0.06694524	0.06920510	0.00000463	0.00000698	0.01816802	0.02050049	0.36170051	0.39184222	0.05361374	0.01877055	0.01187170	0.02799350	0.04025130
PWY7199	PWY-7199: pyrimidine deoxyribonucleosides salvage	N	-0.15912579	0.02456554	0.00000000	0.00000000	-0.18508775	-0.65384993	-0.31692843	-0.68863555	0.06223230	0.06151710	0.06099927	0.06317118	0.00000000	0.00000000	0.06258721	0.02430220	0.00130917	0.00321986	0.00340143	0.00542903	0.00341007	0.01642506	0.05706671
PWY7208	PWY-7208: superpathway of pyrimidine nucleobases salvage	N	-0.13577213	0.03156828	0.00001699	0.00005331	 0.30940048	 0.37466368	 0.41242996	 0.25208460	0.07187182	0.07078056	0.06969945	0.07280380	0.00000000	0.00000000	0.08616450	0.02829947	0.00040721	0.00135044	0.00000008	0.01128412	0.00822150	0.05186437	0.06461598
PWY7211	PWY-7211: superpathway of pyrimidine deoxyribonucleotides de novo biosynthesis	N	 0.09470873	0.02514276	0.00016525	0.00041771	 0.01494117	 0.18079216	 0.03618956	 0.14556425	0.06356588	0.06203260	0.06174564	0.06409929	0.01115912	0.01238390	0.04093562	0.01560384	0.00388481	0.00791457	0.00000009	0.00027290	0.00000009	0.03063115	0.00000004
PWY7220	PWY-7220: adenosine deoxyribonucleotides de novo biosynthesis II	N	-0.08566577	0.03187752	0.00720556	0.01375606	 0.33402573	 0.41792068	 0.45437458	 0.34139616	0.06950434	0.06823356	0.06729366	0.07035566	0.00000000	0.00000000	0.08021440	0.02734092	0.00047123	0.00146187	0.00000008	0.01263848	0.00209739	0.05254614	0.06731831
PWY7221	PWY-7221: guanosine ribonucleotides de novo biosynthesis	N	 0.10090924	0.03877900	0.00927028	0.01719600	 0.33590511	 0.42601803	 0.53795496	 0.73280275	0.06695476	0.06587423	0.06490646	0.06743673	0.00000000	0.00000000	0.02804154	0.01998096	0.13518899	0.15704934	0.01554230	0.05223484	0.01803857	0.05500257	0.01615856
PWY7222	PWY-7222: guanosine deoxyribonucleotides de novo biosynthesis II	N	-0.08566577	0.03187752	0.00720556	0.01375606	 0.33402573	 0.41792068	 0.45437458	 0.34139616	0.06950434	0.06823356	0.06729366	0.07035566	0.00000000	0.00000000	0.08021440	0.02734092	0.00047123	0.00146187	0.00000008	0.01263848	0.00209739	0.05254614	0.06731831
PWY7228	PWY-7228: superpathway of guanosine nucleotides de novo biosynthesis I	N	-0.09019861	0.03203527	0.00487025	0.00949698	 0.33915952	 0.42629837	 0.47112410	 0.35388934	0.07013088	0.06889698	0.06790274	0.07101920	0.00000000	0.00000000	0.08703619	0.02815347	0.00031769	0.00115914	0.00000008	0.01268233	0.00381316	0.05430092	0.06196345
PWY7229	PWY-7229: superpathway of adenosine nucleotides de novo biosynthesis I	N	-0.05928465	0.03210408	0.06480245	0.09614711	 0.35711203	 0.43521354	 0.49402891	 0.41409292	0.06808161	0.06673939	0.06587692	0.06887300	0.00000000	0.00000000	0.07512430	0.02654013	0.00066993	0.00184739	0.00000008	0.01423061	0.00000006	0.05152662	0.06295631
PWY7234	PWY-7234: inosine-5'-phosphate biosynthesis III	N	 0.22509688	0.03443993	0.00000000	0.00000000	 0.38704665	 0.45097452	 0.57974719	 0.80349034	0.06932048	0.06859627	0.06709881	0.06997897	0.00000000	0.00000000	0.05364524	0.02352037	0.00843682	0.01545806	0.00377218	0.03704436	0.03219895	0.06706367	0.03700473
PWY7237	PWY-7237: myo-, chiro- and scyllo-inositol degradation	N	-0.17233367	0.03427342	0.00000050	0.00000196	-0.11987697	-0.56316756	-0.32617212	-0.31932567	0.06574387	0.06434925	0.06340359	0.06635035	0.00000000	0.00000000	0.06877468	0.02305298	0.00020674	0.00091032	0.01352048	0.02133666	0.00502081	0.06488763	0.01746349
PWY7238	PWY-7238: sucrose biosynthesis II	N	-0.07007097	0.03048749	0.02153461	0.03651521	-0.43864215	-0.76469019	-0.69058388	-0.96641122	0.06177677	0.06074770	0.06012552	0.06249794	0.00000000	0.00000000	0.06005019	0.02432663	0.00311790	0.00680950	0.00000008	0.02564571	0.00318399	0.03411104	0.04630400
PWY724	PWY-724: superpathway of L-lysine, L-threonine and L-methionine biosynthesis II	N	 0.00093201	0.03502882	0.97876768	0.98236609	 0.12518662	-0.19645979	 0.15293031	 0.33861890	0.07675184	0.07592101	0.07445864	0.07747036	0.00000000	0.00000001	0.03969766	0.02231786	0.04155058	0.06017837	0.00000008	0.02369344	0.02975296	0.05802076	0.04508890
PWY7242	PWY-7242: D-fructuronate degradation	N	-0.16459599	0.03521191	0.00000295	0.00000970	-0.13865621	-0.33717233	-0.34323133	-0.26766016	0.06536271	0.06431628	0.06359943	0.06619392	0.00000001	0.00000002	0.07808994	0.02412986	0.00003158	0.00023299	0.01257653	0.03170106	0.00519752	0.03463719	0.01389170
PWY7282	PWY-7282: 4-amino-2-methyl-5-diphosphomethylpyrimidine biosynthesis II	N	-0.02547149	0.03269168	0.43588181	0.51513304	-0.10840253	 0.02571985	 0.08907727	 0.41664627	0.06949345	0.06852046	0.06768827	0.07031037	0.00000000	0.00000000	0.05953978	0.02505617	0.00961094	0.01703757	0.01377026	0.01760267	0.01013030	0.03559632	0.03274854
PWY7315	PWY-7315: dTDP-N-acetylthomosamine biosynthesis	N	-0.23012914	0.02965152	0.00000000	0.00000000	-0.10824062	-0.44094176	-0.25705363	-0.54182091	0.06311653	0.06227585	0.06163025	0.06401478	0.00000000	0.00000000	0.07568996	0.02521916	0.00019661	0.00087990	0.01020427	0.01704741	0.00351022	0.02511772	0.04246043
PWY7316	PWY-7316: dTDP-N-acetylviosamine biosynthesis	N	-0.03811026	0.02821898	0.17683788	0.23665070	 0.01691723	-0.12616165	-0.02366362	-0.12365341	0.06273622	0.06151227	0.06112747	0.06342079	0.05874422	0.06191958	0.05203749	0.01628237	0.00155403	0.00362607	0.04989094	0.00752365	0.00000044	0.02303935	0.00000007
PWY7323	PWY-7323: superpathway of GDP-mannose-derived O-antigen building blocks biosynthesis	N	-0.01631323	0.02997755	0.58621134	0.64791780	-0.12919613	-0.21898887	-0.27493341	-0.16095071	0.06353064	0.06242662	0.06202595	0.06405580	0.00011960	0.00015117	0.02007016	0.01827351	0.21353448	0.24088807	0.05937184	0.01295482	0.00361569	0.02094739	0.02152228
PWY7328	PWY-7328: superpathway of UDP-glucose-derived O-antigen building blocks biosynthesis	N	 0.00665100	0.03095253	0.82984893	0.85813924	 0.19257311	 0.21344739	 0.28705948	 0.32427065	0.06939224	0.06777093	0.06684590	0.06976809	0.00001517	0.00002169	0.03093122	0.02004621	0.08384257	0.10310370	0.02568713	0.00559140	0.00780922	0.07003915	0.02043185
PWY7345	PWY-7345: superpathway of anaerobic sucrose degradation	N	 0.03367905	0.03020303	0.26489366	0.33951160	 0.13420498	 0.38642026	 0.31213310	 0.57966224	0.07394364	0.07317772	0.07198612	0.07477900	0.00000000	0.00000000	0.05529574	0.02213461	0.00326045	0.00700867	0.03919166	0.00816213	0.02470833	0.04244903	0.01664684
PWY7356	PWY-7356: thiamine diphosphate salvage IV (yeast)	N	-0.09347532	0.03014013	0.00192679	0.00417472	-0.13141046	-0.19648449	-0.23223201	-0.33803402	0.06741822	0.06598423	0.06526722	0.06773722	0.00001231	0.00001778	0.01503739	0.01681043	0.28815598	0.31720396	0.04193041	0.00777940	0.01167286	0.05062876	0.00000022
PWY7357	PWY-7357: thiamine phosphate formation from pyrithiamine and oxythiamine (yeast)	N	-0.11432539	0.02980463	0.00012538	0.00032291	 0.04250947	 0.16560554	-0.07739395	-0.05358150	0.06679719	0.06539569	0.06480723	0.06709907	0.00533738	0.00604608	0.00000037	0.00000001	1.00000000	1.00000000	0.03357113	0.00839358	0.00594743	0.03786974	0.03862014
PWY7383	PWY-7383: anaerobic energy metabolism (invertebrates, cytosol)	N	-0.11454425	0.03262353	0.00044813	0.00108265	 0.09294453	-0.08181852	 0.20989695	 0.31472453	0.07244251	0.07139883	0.07032448	0.07324908	0.00000080	0.00000132	0.06492251	0.02388108	0.00126946	0.00315058	0.01660294	0.01326804	0.01472292	0.05000035	0.03237252
PWY7392	PWY-7392: taxadiene biosynthesis (engineered)	N	-0.00106725	0.02589334	0.96706339	0.97449343	 0.23799987	 0.61514504	 0.56900030	 0.78891587	0.07461314	0.07402290	0.07239530	0.07567517	0.00000000	0.00000000	0.10435003	0.02939207	0.00002326	0.00018879	0.01617534	0.00000003	0.02519312	0.05123068	0.06484725
PWY7400	PWY-7400: L-arginine biosynthesis IV (archaebacteria)	N	-0.05147961	0.02817789	0.06769685	0.09936150	 0.15823039	 0.35091464	 0.31249399	 0.52850653	0.07294243	0.07239482	0.07133734	0.07382239	0.00000000	0.00000000	0.03228223	0.02330093	0.12826454	0.15093198	0.01811594	0.00644105	0.02045949	0.02610000	0.05858698
PWY7456	PWY-7456: &beta;-(1,4)-mannan degradation	N	 0.00802323	0.03525524	0.81994315	0.85143909	 0.04449148	 0.10301096	 0.10446150	 0.14119483	0.06315066	0.06217399	0.06169099	0.06384422	0.17675940	0.18375918	0.03944528	0.02222400	0.05380171	0.07095588	0.06299034	0.02924552	0.00000008	0.01859552	0.04145716
PWY7560	PWY-7560: methylerythritol phosphate pathway II	N	 0.17414339	0.03510706	0.00000070	0.00000262	 0.31620266	 0.31631164	 0.42909676	 0.51305130	0.06943358	0.06885561	0.06780603	0.07030304	0.00000000	0.00000000	0.06403483	0.02332771	0.00034464	0.00122192	0.00116499	0.04444140	0.02483295	0.03360750	0.00000008
PWY7663	PWY-7663: gondoate biosynthesis (anaerobic)	N	 0.06838330	0.03920214	0.08118589	0.11665131	 0.22463604	 0.32613296	 0.26507503	 0.39459369	0.06889393	0.06838636	0.06728751	0.06991537	0.00000004	0.00000008	0.08645121	0.02713698	0.00025273	0.00102979	0.00603383	0.06607937	0.01489392	0.02836955	0.03678936
PWY7664	PWY-7664: oleate biosynthesis IV (anaerobic)	N	 0.19984334	0.02488878	0.00000000	0.00000000	 0.03265498	 0.11785755	 0.18193966	 0.46812421	0.07196978	0.07126978	0.07020684	0.07288692	0.00000000	0.00000000	0.04992199	0.02624371	0.04541909	0.06191364	0.00153136	0.00000008	0.02212367	0.03579584	0.05379292
PWY7688	PWY-7688: dTDP-&alpha;-D-ravidosamine and dTDP-4-acetyl-&alpha;-D-ravidosamine biosynthesis	N	-0.03857992	0.03001541	0.19868694	0.26330842	-0.37935622	-0.42850020	-0.38712487	-0.45541463	0.06501447	0.06414338	0.06360731	0.06579405	0.00000000	0.00000000	0.04562957	0.02317291	0.02558519	0.03968612	0.03248698	0.01414400	0.00614091	0.02013055	0.02485631
PWY7761	PWY-7761: NAD salvage pathway II (PNC IV cycle)	N	-0.12822813	0.03560565	0.00031652	0.00077847	-0.06232145	-0.33301559	-0.31833679	-0.41363930	0.06649268	0.06589966	0.06524703	0.06713291	0.00000000	0.00000000	0.01484127	0.01735251	0.34245927	0.37247562	0.02877601	0.03715618	0.01811103	0.01638724	0.00596200
PWY7790	PWY-7790: UMP biosynthesis II	N	-0.10298481	0.03144785	0.00105984	0.00247114	-0.22553375	-0.46794492	-0.33015787	-0.69533956	0.06774678	0.06684080	0.06602440	0.06871065	0.00000000	0.00000000	0.09432841	0.02675758	0.00005882	0.00030955	0.00000008	0.01896923	0.01275139	0.03709417	0.00000005
PWY7791	PWY-7791: UMP biosynthesis III	N	-0.10282697	0.03145163	0.00107716	0.00247114	-0.22569858	-0.46785420	-0.33043468	-0.69509415	0.06771212	0.06680496	0.06599176	0.06867481	0.00000000	0.00000000	0.09409887	0.02673188	0.00005896	0.00030955	0.00000008	0.01902941	0.01267631	0.03699005	0.00000005
PWY7851	PWY-7851: coenzyme A biosynthesis II (eukaryotic)	N	 0.14780767	0.03742541	0.00007825	0.00021799	 0.30347652	 0.50052868	 0.42149133	 0.64822951	0.06729417	0.06649664	0.06546617	0.06793029	0.00000000	0.00000000	0.03582257	0.02169288	0.07359462	0.09258678	0.00685258	0.05759295	0.02076641	0.04354670	0.03081038
PWY7953	PWY-7953: UDP-N-acetylmuramoyl-pentapeptide biosynthesis III (meso-diaminopimelate containing)	N	 0.03289739	0.03829790	0.39033441	0.46837536	-0.04845807	 0.08282215	-0.07828294	-0.07449017	0.07576300	0.07521366	0.07390428	0.07653449	0.25675567	0.26351240	0.03226038	0.02150436	0.11967500	0.14266932	0.00102104	0.05122598	0.03190122	0.03709917	0.01729498
PWY7977	PWY-7977: L-methionine biosynthesis IV	N	 0.03366770	0.04333154	0.44276735	0.51656191	 0.19244067	 0.29312248	 0.28167359	 0.29813105	0.06372371	0.06249471	0.06151093	0.06447834	0.00000070	0.00000118	0.08551560	0.02441616	0.00003808	0.00023684	0.00219784	0.11894634	0.00260771	0.05574801	0.01958310
PWY8004	PWY-8004: Entner-Doudoroff pathway I	N	 0.15607686	0.02852828	0.00000004	0.00000020	 0.39966214	 0.57482790	 0.57144261	 0.73613837	0.06748898	0.06673242	0.06566159	0.06854933	0.00000000	0.00000000	0.11803825	0.02906008	0.00000115	0.00002539	0.00806607	0.00936350	0.01273553	0.04160730	0.03211362
PWY801	PWY-801: homocysteine and cysteine interconversion	N	-0.07437415	0.02785180	0.00757625	0.01426424	 0.15021768	 0.48461679	 0.52315140	 0.66042756	0.07379776	0.07302075	0.07169201	0.07480951	0.00000000	0.00000000	0.09440659	0.02694882	0.00003459	0.00023674	0.02492932	0.00276121	0.02082828	0.04870028	0.03506487
PWY8073	PWY-8073: lipid IVA biosynthesis (P. putida)	N	 0.07291583	0.02983028	0.01451008	0.02539264	-0.14794022	-0.02476179	-0.14607418	 0.11840902	0.07476649	0.07429349	0.07315400	0.07576156	0.00307878	0.00354644	0.06138470	0.02312032	0.00055168	0.00163706	0.00828643	0.00936013	0.02864314	0.02847285	0.00000011
PWY8131	PWY-8131: 5'-deoxyadenosine degradation II	N	-0.16860751	0.02565156	0.00000000	0.00000000	-0.15742705	-0.03183021	-0.11287307	-0.13454835	0.07038968	0.06952758	0.06886359	0.07120175	0.12142920	0.12701215	0.03526643	0.02224152	0.08826050	0.10804985	0.00000009	0.00166229	0.01793703	0.02660561	0.01684447
PWY8178	PWY-8178: pentose phosphate pathway (non-oxidative branch) II	N	-0.10553974	0.03654273	0.00387603	0.00778055	-0.09893784	-0.32866699	-0.34979155	-0.27389392	0.06864008	0.06747439	0.06649821	0.06938068	0.00000001	0.00000003	0.07418663	0.02429148	0.00031103	0.00115914	0.01542105	0.03004885	0.01170837	0.05485039	0.00519272
PWY8187	PWY-8187: L-arginine degradation XIII (reductive Stickland reaction)	N	-0.26545311	0.03669148	0.00000000	0.00000000	 0.26366160	 0.11831769	 0.01903003	-0.24075874	0.06552235	0.06475874	0.06377618	0.06626795	0.00000000	0.00000000	0.05159792	0.02251994	0.00834269	0.01538888	0.08824276	0.03639353	0.01210077	0.03527944	0.04641684
PWY821	PWY-821: superpathway of sulfur amino acid biosynthesis (Saccharomyces cerevisiae)	N	 0.19333009	0.02599549	0.00000000	0.00000000	-0.07956514	-0.01379025	-0.06629211	 0.32619846	0.07535259	0.07461082	0.07344212	0.07616284	0.00000071	0.00000119	0.03763739	0.02180180	0.06135951	0.07976736	0.00000009	0.00000009	0.03523926	0.04303797	0.00284839
PWY841	PWY-841: superpathway of purine nucleotides de novo biosynthesis I	N	-0.07055418	0.03228730	0.02887585	0.04692325	 0.35803729	 0.41078207	 0.48722991	 0.40635093	0.06876454	0.06746306	0.06657975	0.06956532	0.00000000	0.00000000	0.07326550	0.02640381	0.00094614	0.00253232	0.00000008	0.01475193	0.00141789	0.05104470	0.06415694
PWY922	PWY-922: mevalonate pathway I (eukaryotes and bacteria)	N	 0.00624479	0.02748117	0.82025084	0.85143909	 0.22247859	 0.66343887	 0.51596599	 0.78871420	0.07302215	0.07256826	0.07093276	0.07416247	0.00000000	0.00000000	0.12334404	0.03144818	0.00000195	0.00003130	0.01829234	0.00437325	0.02026299	0.04435755	0.07544833
PWYI9	PWY-I9: L-cysteine biosynthesis VI (from L-methionine)	N	-0.09688826	0.03183353	0.00233192	0.00493500	 0.08182761	 0.44030836	 0.13203119	 0.33230131	0.06922638	0.06858376	0.06775713	0.07008704	0.00000000	0.00000000	0.04139470	0.02397152	0.05550943	0.07285613	0.02051888	0.01825847	0.01143060	0.02147876	0.05647169
PYRIDNUCSYNPWY	PYRIDNUCSYN-PWY: NAD de novo biosynthesis I (from aspartate)	N	 0.03331142	0.04681321	0.47674496	0.54456642	 0.01380650	 0.00545706	 0.20600052	 0.12872055	0.06602893	0.06506854	0.06383779	0.06703246	0.00572656	0.00646013	0.11112597	0.03060244	0.00008795	0.00044462	0.01734904	0.10126118	0.00000008	0.05032365	0.07740274
PYRIDOXSYNPWY	PYRIDOXSYN-PWY: pyridoxal 5'-phosphate biosynthesis I	N	 0.02206182	0.02927141	0.45105476	0.51956941	-0.07813459	-0.05379626	 0.06774346	 0.37234431	0.06795223	0.06702427	0.06636640	0.06883116	0.00000000	0.00000000	0.06422023	0.02414438	0.00245309	0.00548930	0.02057579	0.00915715	0.00937940	0.02706190	0.01001593
RHAMCATPWY	RHAMCAT-PWY: L-rhamnose degradation I	N	-0.17676376	0.03388691	0.00000018	0.00000076	-0.05073228	-0.31401511	-0.30493418	-0.44773508	0.06739212	0.06615896	0.06519974	0.06807457	0.00000000	0.00000000	0.05972354	0.02491444	0.00492124	0.00959641	0.00247160	0.02436563	0.00597832	0.05750812	0.05711306
RIBOSYN2PWY	RIBOSYN2-PWY: flavin biosynthesis I (bacteria and plants)	N	-0.15642981	0.02602289	0.00000000	0.00000001	-0.10424799	-0.02466378	-0.22698147	-0.36684180	0.06685344	0.06551176	0.06490229	0.06734399	0.00000010	0.00000018	0.02448201	0.01854438	0.11863817	0.14205360	0.03721456	0.00075098	0.01111389	0.04250361	0.00000016
SALVADEHYPOXPWY	SALVADEHYPOX-PWY: adenosine nucleotides degradation II	N	-0.09839649	0.03006875	0.00106558	0.00247114	-0.11304245	-0.37091369	-0.24699063	-0.12814165	0.07348748	0.07239721	0.07136691	0.07418321	0.00000348	0.00000531	0.04235007	0.02261824	0.02782317	0.04243422	0.00191072	0.00675391	0.02032166	0.05219517	0.02800408
SERGLYSYNPWY	SER-GLYSYN-PWY: superpathway of L-serine and glycine biosynthesis I	N	 0.04868815	0.03417246	0.15564869	0.21352810	-0.02779618	-0.30606722	-0.23299520	-0.33335612	0.07196188	0.07109259	0.06985741	0.07294716	0.00000016	0.00000028	0.08828637	0.02905120	0.00032829	0.00117926	0.00265846	0.02288790	0.00877945	0.04693597	0.08810665
SO4ASSIMPWY	SO4ASSIM-PWY: assimilatory sulfate reduction I	N	 0.18461337	0.02666074	0.00000000	0.00000000	-0.19231513	-0.14590766	-0.11800614	 0.20191937	0.07580890	0.07552859	0.07416485	0.07682185	0.00000538	0.00000806	0.05309714	0.02386437	0.01430383	0.02410460	0.00513206	0.00298335	0.03781029	0.02935036	0.00562409
SULFATECYSPWY	SULFATE-CYS-PWY: superpathway of sulfate assimilation and cysteine biosynthesis	N	 0.17449255	0.02659921	0.00000000	0.00000000	-0.18275862	-0.16943460	-0.11353483	 0.17448746	0.07578574	0.07541007	0.07411057	0.07675800	0.00002311	0.00003203	0.04889161	0.02288705	0.01541989	0.02551291	0.00735358	0.00242018	0.03715223	0.03101446	0.00000004
TCA	TCA: TCA cycle I (prokaryotic)	N	 0.19550456	0.02530980	0.00000000	0.00000000	-0.03174672	 0.03550515	 0.05167134	 0.34731452	0.07456998	0.07398855	0.07276751	0.07547781	0.00000948	0.00001391	0.04273348	0.02349356	0.04260634	0.06058089	0.00000009	0.00000010	0.03146513	0.03672553	0.03513199
THISYNARAPWY	THISYNARA-PWY: superpathway of thiamine diphosphate biosynthesis III (eukaryotes)	N	-0.11902714	0.02859410	0.00003142	0.00009221	 0.07754782	 0.24738173	 0.00804689	 0.02162222	0.06655048	0.06523157	0.06466835	0.06694049	0.00127932	0.00149895	0.00000004	0.01955709	0.99528587	1.00000000	0.03391025	0.00662248	0.00321595	0.03259256	0.06411711
THRESYNPWY	THRESYN-PWY: superpathway of L-threonine biosynthesis	N	 0.04823142	0.03512086	0.16965377	0.22815507	 0.36140665	 0.13733395	 0.38563337	 0.55305808	0.07024396	0.06913628	0.06819919	0.07089550	0.00000000	0.00000000	0.04441745	0.02246093	0.02754745	0.04224974	0.00000008	0.03124116	0.01555233	0.05052962	0.02341027
TRNACHARGINGPWY	TRNA-CHARGING-PWY: tRNA charging	N	-0.21759558	0.03148936	0.00000000	0.00000000	 0.15150099	-0.16994064	 0.13440104	-0.09734483	0.07594937	0.07543386	0.07388902	0.07698610	0.00006878	0.00008984	0.10135300	0.02654154	0.00000043	0.00001267	0.01056291	0.01203101	0.03308594	0.04669713	0.00000004
UDPNAGSYNPWY	UDPNAGSYN-PWY: UDP-N-acetyl-D-glucosamine biosynthesis I	N	 0.17900335	0.02975960	0.00000000	0.00000001	 0.43420918	 0.63075544	 0.63142456	 0.86317228	0.06720962	0.06625098	0.06491896	0.06797838	0.00000000	0.00000000	0.08376437	0.02784576	0.00027328	0.00108124	0.00400872	0.01264272	0.01571515	0.07213459	0.07241263
Uniqueness	NA	Y	 0.09403263	0.02928378	0.00132311	0.00301008	 0.06890258	-0.19944966	-0.12633961	-0.08883653	0.07876060	0.07855690	0.07680680	0.07973750	0.01238088	0.01368413	0.05540810	0.02418353	0.00887534	0.01615311	0.03475751	0.00636151	0.04142659	0.03605786	0.02154278
VALSYNPWY	VALSYN-PWY: L-valine biosynthesis	N	-0.19111266	0.03244563	0.00000000	0.00000002	-0.25874793	-0.66152075	-0.45568750	-0.84042726	0.06673782	0.06620889	0.06498518	0.06776090	0.00000000	0.00000000	0.12079574	0.02855633	0.00000040	0.00001267	0.00650998	0.02922856	0.02344230	0.04208906	0.00048360
X1CMET2PWY	1CMET2-PWY: folate transformations III (E. coli)	N	 0.02404225	0.04440542	0.59214945	0.65057086	 0.19454819	 0.29032379	 0.28789610	 0.29591108	0.06395439	0.06283672	0.06186510	0.06474539	0.00000076	0.00000126	0.08496185	0.02421535	0.00003817	0.00023684	0.00404722	0.13175886	0.00466202	0.05030190	0.01767920
