feature	full.pathway.name	is.community.feat	PVE.Age	pval.Age	padj.Age	PVE.Diet	pval.Diet	padj.Diet	PVE.Genetics	pval.Genetics	padj.Genetics	PVE.Time	pval.Time	padj.Time	PVE.Cohort	pval.Cohort	padj.Cohort	PVE.Batch	pval.Batch	padj.Batch	PVE.Cage	pval.Cage	padj.Cage	PVE.Mouse	pval.Mouse	padj.Mouse	PVE.Residual	pval.Residual	padj.Residual
ALLANTOINDEGPWY	ALLANTOINDEG-PWY: superpathway of allantoin degradation in yeast	N	0.00025106	0.89735319	1.00000000	0.02830854	0.00000001	0.00000002	0.02176230	0.21677788	0.24454695	0.00698791	0.03442780	0.06618867	0.05595174	0.00000010	0.00000452	0.02737340	0.00001108	0.00001551	0.00885932	0.19534670	0.29793100	0.03813662	0.06490910	0.17544736	0.8123691	NA	NA
ANAEROFRUCATPWY	ANAEROFRUCAT-PWY: homolactic fermentation	N	0.00000008	1.00000000	1.00000000	0.05282209	0.00000000	0.00000000	0.03524960	0.11325207	0.13560445	0.00000003	1.00000000	1.00000000	0.01002318	0.07455439	0.18011812	0.02674160	0.00000156	0.00000261	0.01147869	0.14454342	0.23915366	0.09910718	0.00001212	0.00110254	0.7645775	NA	NA
ANAGLYCOLYSISPWY	ANAGLYCOLYSIS-PWY: glycolysis III (from glucose)	N	0.00041688	0.87876941	0.99960021	0.02836445	0.00000023	0.00000049	0.07166076	0.00127936	0.00312772	0.01238603	0.00008030	0.00035357	0.00771298	0.09882940	0.21935307	0.01731726	0.00521065	0.00549231	0.00555136	0.39344435	0.51639571	0.00561341	0.80818333	0.95927847	0.8509769	NA	NA
ARGININESYN4PWY	ARGININE-SYN4-PWY: L-ornithine biosynthesis II	N	0.10279412	0.00017957	0.00106571	0.02654004	0.00000084	0.00000164	0.02854103	0.10991200	0.13218491	0.00343195	0.45877607	0.63255488	0.00000008	1.00000000	1.00000000	0.03390933	0.00000003	0.00000007	0.02496575	0.00040989	0.00339087	0.01830092	0.35026237	0.50327171	0.7615168	NA	NA
ARGPOLYAMINESYN	ARG+POLYAMINE-SYN: superpathway of arginine and polyamine biosynthesis	N	0.00641941	0.35231929	0.48823943	0.01291603	0.00028795	0.00039503	0.03285471	0.03526918	0.05204587	0.01722201	0.01490871	0.03060209	0.03156318	0.00118504	0.00622147	0.05275154	0.00000000	0.00000000	0.00890623	0.15112201	0.24412016	0.00000024	0.98908506	1.00000000	0.8373666	NA	NA
ARGSYNBSUBPWY	ARGSYNBSUB-PWY: L-arginine biosynthesis II (acetyl cycle)	N	0.03782217	0.00002829	0.00023249	0.09705229	0.00000000	0.00000000	0.04859235	0.00735520	0.01394424	0.01257514	0.00400832	0.01003920	0.00118805	0.77741436	1.00000000	0.03238003	0.00000055	0.00000102	0.01358157	0.04603956	0.10061244	0.02861455	0.14878999	0.29222781	0.7281939	NA	NA
ARGSYNPWY	ARGSYN-PWY: L-arginine biosynthesis I (via L-ornithine)	N	0.04266803	0.00012216	0.00077556	0.10871264	0.00000000	0.00000000	0.07281442	0.00012513	0.00057897	0.01546178	0.00062999	0.00213435	0.00056948	0.88494584	1.00000000	0.02893828	0.00000506	0.00000772	0.00831074	0.20425974	0.30808238	0.02427253	0.22852870	0.39737793	0.6982521	NA	NA
AROPWY	ARO-PWY: chorismate biosynthesis I	N	0.05337201	0.00000000	0.00000001	0.08375980	0.00000000	0.00000000	0.04844598	0.01197628	0.02095849	0.02472686	0.00000396	0.00002514	0.00285219	0.49273986	0.75998860	0.02557786	0.00000376	0.00000584	0.00656612	0.34237755	0.46271817	0.05864948	0.00507634	0.05347017	0.6960497	NA	NA
ASPASNPWY	ASPASN-PWY: superpathway of L-aspartate and L-asparagine biosynthesis	N	0.00085028	0.74964149	0.88593994	0.03094356	0.00000000	0.00000000	0.07001311	0.00066981	0.00193526	0.02621192	0.00002845	0.00013870	0.00400237	0.43062006	0.67953338	0.03017912	0.00001630	0.00002225	0.00002488	1.00000000	1.00000000	0.02567964	0.23592328	0.40763960	0.8120951	NA	NA
BIOTINBIOSYNTHESISPWY	BIOTIN-BIOSYNTHESIS-PWY: biotin biosynthesis I	N	0.04754442	0.00307451	0.01036223	0.02682197	0.00000096	0.00000185	0.04865544	0.03874625	0.05605699	0.00000014	1.00000000	1.00000000	0.00715444	0.26084589	0.46849295	0.03527176	0.00000005	0.00000011	0.01731972	0.02116138	0.05158087	0.04901381	0.03607697	0.11587073	0.7682183	NA	NA
BRANCHEDCHAINAASYNPWY	BRANCHED-CHAIN-AA-SYN-PWY: superpathway of branched chain amino acid biosynthesis	N	0.00066666	0.79956092	0.93682460	0.02196258	0.00001016	0.00001733	0.05116295	0.01263167	0.02182561	0.01788265	0.00004903	0.00022718	0.00000008	1.00000000	1.00000000	0.05754001	0.00000000	0.00000000	0.02305339	0.00250145	0.01101446	0.03580358	0.10492278	0.24481981	0.7919281	NA	NA
CALVINPWY	CALVIN-PWY: Calvin-Benson-Bassham cycle	N	0.03755042	0.00649100	0.01968936	0.03250274	0.00000000	0.00000000	0.06634696	0.00045381	0.00147728	0.01963307	0.00514136	0.01242117	0.01574257	0.03944323	0.11704350	0.04473661	0.00000000	0.00000000	0.00708656	0.28294259	0.39409861	0.01328016	0.50005130	0.64393398	0.7631209	NA	NA
CENTFERMPWY	CENTFERM-PWY: pyruvate fermentation to butanoate	N	0.06964621	0.00023737	0.00135006	0.00896401	0.00586126	0.00714341	0.00939126	0.61295066	0.65365441	0.00433709	0.42081150	0.58613030	0.03204931	0.00176993	0.00805316	0.06055112	0.00000000	0.00000000	0.00064038	0.91381622	0.97832089	0.06548549	0.00084826	0.02105225	0.7489351	NA	NA
CITRULBIOPWY	CITRULBIO-PWY: L-citrulline biosynthesis	N	0.00700228	0.06929884	0.14332261	0.05906077	0.00000000	0.00000000	0.03454472	0.06594511	0.08412624	0.00626520	0.19017518	0.30903466	0.02755736	0.00063592	0.00369374	0.03236624	0.00000011	0.00000022	0.01336835	0.03522913	0.08150469	0.00000048	1.00000000	1.00000000	0.8198346	NA	NA
COAPWY	COA-PWY: coenzyme A biosynthesis I (prokaryotic)	N	0.03316665	0.00107289	0.00443786	0.08251160	0.00000000	0.00000000	0.05169971	0.00793302	0.01473276	0.01406412	0.00485158	0.01182571	0.00811882	0.14437051	0.29194924	0.02933799	0.00000394	0.00000608	0.01274228	0.04810162	0.10306210	0.01951873	0.33691628	0.49090554	0.7488401	NA	NA
COAPWY1	COA-PWY-1: superpathway of coenzyme A biosynthesis III (mammals)	N	0.05243161	0.00006113	0.00040705	0.05929869	0.00000000	0.00000000	0.03579945	0.05361043	0.07002702	0.03292076	0.00250805	0.00652094	0.01120862	0.06735310	0.16869170	0.02983933	0.00000036	0.00000068	0.01983781	0.00271017	0.01138273	0.02179499	0.24893768	0.41455077	0.7368687	NA	NA
COLANSYNPWY	COLANSYN-PWY: colanic acid building blocks biosynthesis	N	0.00000008	1.00000000	1.00000000	0.00132502	0.46903179	0.48872396	0.05691367	0.00314521	0.00672215	0.04293547	0.00000092	0.00000757	0.04901969	0.00000046	0.00001795	0.01845024	0.00065006	0.00072140	0.00124175	0.83830027	0.91177679	0.02163449	0.28059810	0.44460280	0.8084796	NA	NA
COMPLETEAROPWY	COMPLETE-ARO-PWY: superpathway of aromatic amino acid biosynthesis	N	0.02344920	0.00004236	0.00031254	0.07386435	0.00000000	0.00000000	0.02992542	0.08885532	0.10877804	0.02124570	0.00007388	0.00033065	0.01027846	0.04200476	0.12199254	0.02027969	0.00041031	0.00046673	0.01005492	0.14691325	0.24161035	0.05029948	0.01185100	0.06343769	0.7606028	NA	NA
DAPLYSINESYNPWY	DAPLYSINESYN-PWY: L-lysine biosynthesis I	N	0.06032438	1.00000000	1.00000000	0.07346042	0.00000000	0.00000000	0.08330352	0.00000228	0.00003278	0.13264035	0.00001248	0.00006680	0.00000033	1.00000000	1.00000000	0.03311714	0.00000000	0.00000000	0.04001511	0.00000003	0.00000301	0.01867037	0.28174463	0.44460280	0.5584684	NA	NA
DTDPRHAMSYNPWY	DTDPRHAMSYN-PWY: dTDP-&beta;-L-rhamnose biosynthesis	N	0.05629844	0.35783521	0.48844506	0.01286485	0.00072849	0.00096076	0.08083366	0.00008890	0.00043339	0.00583840	0.21588162	0.34264931	0.01765691	0.02016519	0.07057815	0.05181703	0.00000000	0.00000000	0.01204476	0.05134652	0.10782770	0.00000016	1.00000000	1.00000000	0.7626458	NA	NA
FASYNELONGPWY	FASYN-ELONG-PWY: fatty acid elongation -- saturated	N	0.06551197	0.00176799	0.00691296	0.03423042	0.00000002	0.00000005	0.04397396	0.04524028	0.06237675	0.00000008	1.00000000	1.00000000	0.00327038	0.55062072	0.81695357	0.03370033	0.00000008	0.00000016	0.01876112	0.01178575	0.03217510	0.04589620	0.03905533	0.11918279	0.7546555	NA	NA
FERMENTATIONPWY	FERMENTATION-PWY: mixed acid fermentation	N	0.00930826	0.03109652	0.07318406	0.02224090	0.00000120	0.00000227	0.08282256	0.00006067	0.00033445	0.02282334	0.00013752	0.00056884	0.00809548	0.13575410	0.27865315	0.02583796	0.00000868	0.00001228	0.00792505	0.25176563	0.35797925	0.03703246	0.07916458	0.20011047	0.7839140	NA	NA
FUCCATPWY	FUCCAT-PWY: fucose degradation	N	0.00100430	0.69175594	0.83933054	0.05161846	0.00000000	0.00000000	0.04291449	0.03880869	0.05605699	0.01207250	0.00525907	0.01259409	0.01769156	0.01534189	0.05659912	0.03932538	0.00000001	0.00000002	0.00498922	0.45967269	0.58097520	0.04271211	0.04906641	0.14100135	0.7876720	NA	NA
FUCRHAMCATPWY	FUC-RHAMCAT-PWY: superpathway of fucose and rhamnose degradation	N	0.05103794	0.00050844	0.00231339	0.02187665	0.00001656	0.00002740	0.05646037	0.00429430	0.00874044	0.00000008	1.00000000	1.00000000	0.00000008	1.00000000	1.00000000	0.02355402	0.00006946	0.00008699	0.02431031	0.00093413	0.00566706	0.00821484	0.69956923	0.86028108	0.8145457	NA	NA
GALACTARDEGPWY	GALACTARDEG-PWY: D-galactarate degradation I	N	0.03584571	0.07625573	0.15535682	0.00766684	0.02352049	0.02664355	0.03830882	0.08544597	0.10555090	0.00203507	0.54673747	0.72809429	0.00505592	0.33907477	0.56101461	0.02775961	0.00006376	0.00008021	0.01936544	0.00755706	0.02344405	0.02608900	0.25358966	0.41455077	0.8378736	NA	NA
GALACTGLUCUROCATPWY	GALACT-GLUCUROCAT-PWY: superpathway of hexuronide and hexuronate degradation	N	0.00573178	0.27867298	0.40252764	0.04975749	0.00000000	0.00000000	0.04937549	0.00107266	0.00281574	0.03616051	0.00000017	0.00000143	0.03654075	0.00011088	0.00114696	0.02683115	0.00000779	0.00001119	0.00000017	0.99733229	1.00000000	0.00000003	0.98744771	1.00000000	0.7956026	NA	NA
GALACTITOLCATPWY	GALACTITOLCAT-PWY: galactitol degradation	N	0.00000009	1.00000000	1.00000000	0.01910882	0.00000002	0.00000005	0.03988762	0.02640706	0.04072954	0.01243967	0.00969703	0.02133058	0.02530758	0.00040958	0.00279536	0.02964003	0.00000525	0.00000784	0.00353593	0.53207060	0.65430303	0.00000005	1.00000000	1.00000000	0.8700802	NA	NA
GALACTUROCATPWY	GALACTUROCAT-PWY: D-galacturonate degradation I	N	0.12290585	0.01778944	0.04538801	0.02308733	0.00000005	0.00000010	0.03421175	0.02228453	0.03541819	0.02621053	0.00001773	0.00009134	0.03153781	0.00025615	0.00205506	0.03477611	0.00000000	0.00000000	0.00034693	0.94902870	1.00000000	0.04085709	0.01753350	0.07720396	0.6860666	NA	NA
GLCMANNANAUTPWY	GLCMANNANAUT-PWY: superpathway of N-acetylglucosamine, N-acetylmannosamine and N-acetylneuraminate degradation	N	0.03272315	0.00016643	0.00100968	0.03483364	0.00000000	0.00000000	0.03220522	0.07295685	0.09094620	0.01816925	0.00124473	0.00353969	0.04132090	0.00047448	0.00301240	0.03862589	0.00000000	0.00000000	0.01208140	0.06263364	0.12572783	0.04084308	0.04261529	0.12509648	0.7491975	NA	NA
GLUCARDEGPWY	GLUCARDEG-PWY: D-glucarate degradation I	N	0.03060528	0.18655995	0.30681244	0.00637815	0.04136722	0.04553730	0.04472720	0.04713843	0.06338436	0.00121133	0.75702300	0.95238377	0.00624355	0.27355688	0.48060531	0.03488984	0.00000233	0.00000378	0.01626663	0.01952988	0.04803295	0.01659636	0.47698966	0.62008656	0.8430817	NA	NA
GLUCARGALACTSUPERPWY	GLUCARGALACTSUPER-PWY: superpathway of D-glucarate and D-galactarate degradation	N	0.03584571	0.07625573	0.15535682	0.00766684	0.02352049	0.02664355	0.03830882	0.08544597	0.10555090	0.00203507	0.54673747	0.72809429	0.00505592	0.33907477	0.56101461	0.02775961	0.00006376	0.00008021	0.01936544	0.00755706	0.02344405	0.02608900	0.25358966	0.41455077	0.8378736	NA	NA
GLUCONEOPWY	GLUCONEO-PWY: gluconeogenesis I	N	0.02550678	0.04625140	0.10349699	0.00872953	0.00380763	0.00470354	0.07082839	0.00035546	0.00127686	0.00385660	0.08672650	0.15080467	0.00520591	0.15083773	0.30171516	0.00779392	0.21951978	0.22032684	0.00000009	1.00000000	1.00000000	0.03640175	0.08593333	0.20946249	0.8416770	NA	NA
GLUCOSE1PMETABPWY	GLUCOSE1PMETAB-PWY: glucose and glucose-1-phosphate degradation	N	0.04580337	0.03363643	0.07848500	0.02449287	0.00000191	0.00000345	0.06386099	0.00127988	0.00312772	0.00000034	1.00000000	1.00000000	0.00000008	1.00000000	1.00000000	0.03867640	0.00000017	0.00000034	0.01437057	0.04684460	0.10149663	0.01972177	0.36417657	0.50984720	0.7930736	NA	NA
GLUCUROCATPWY	GLUCUROCAT-PWY: superpathway of &beta;-D-glucuronosides degradation	N	0.04329445	0.02033035	0.05091913	0.03076717	0.00000000	0.00000001	0.04146768	0.00602873	0.01167266	0.03584082	0.00000274	0.00001867	0.01646095	0.04413548	0.12551027	0.04290666	0.00000000	0.00000000	0.00724476	0.23532676	0.34172449	0.02092330	0.24485169	0.41455077	0.7610942	NA	NA
GLUDEGIPWY	GLUDEG-I-PWY: GABA shunt	N	0.01301804	0.04938003	0.10959959	0.08943179	0.00000000	0.00000000	0.08993623	0.00002360	0.00020132	0.00000007	1.00000000	1.00000000	0.00889126	0.21774877	0.40097354	0.04289178	0.00000000	0.00000000	0.03221310	0.00011794	0.00129967	0.05448706	0.00861661	0.05841765	0.6691307	NA	NA
GLUTORNPWY	GLUTORN-PWY: L-ornithine biosynthesis I	N	0.03531380	0.00002148	0.00018323	0.13331907	0.00000000	0.00000000	0.05401796	0.00220799	0.00499435	0.00910842	0.00687571	0.01590735	0.00047586	0.89813588	1.00000000	0.02313290	0.00010565	0.00012706	0.00857008	0.18103237	0.28241049	0.02981652	0.12367540	0.26173165	0.7062454	NA	NA
GLYCOCATPWY	GLYCOCAT-PWY: glycogen degradation I	N	0.00354622	0.22417399	0.35220211	0.03851084	0.00000000	0.00000000	0.06403295	0.00408202	0.00837888	0.00025779	0.93175380	1.00000000	0.03078036	0.00046835	0.00301240	0.02658374	0.00087033	0.00095422	0.01270964	0.10352465	0.18472046	0.07770585	0.00033464	0.01522613	0.7458726	NA	NA
GLYCOGENSYNTHPWY	GLYCOGENSYNTH-PWY: glycogen biosynthesis I (from ADP-D-Glucose)	N	0.08507970	0.03676526	0.08434383	0.07478358	0.00000000	0.00000000	0.09867992	0.00000061	0.00001523	0.01725924	0.00023733	0.00092559	0.00065152	0.88679076	1.00000000	0.03281916	0.00000032	0.00000062	0.00265655	0.68612307	0.78373054	0.04101551	0.04407585	0.12800752	0.6470548	NA	NA
GLYCOLYSIS	GLYCOLYSIS: glycolysis I (from glucose 6-phosphate)	N	0.00221205	0.45412261	0.59035939	0.01779446	0.00003636	0.00005576	0.07200267	0.00125244	0.00312772	0.01095573	0.00142241	0.00388319	0.00482957	0.27023262	0.48060531	0.02067194	0.00124020	0.00134355	0.00229398	0.71997332	0.81557143	0.01446542	0.53289008	0.67980837	0.8547742	NA	NA
GLYCOLYSISED	GLYCOLYSIS-E-D: superpathway of glycolysis and the Entner-Doudoroff pathway	N	0.00604822	0.27818715	0.40252764	0.09924497	0.00000000	0.00000000	0.10151800	0.00000207	0.00003278	0.00000007	1.00000000	1.00000000	0.00866618	0.19324367	0.36891974	0.03984478	0.00000001	0.00000002	0.02431594	0.00180082	0.00862500	0.04012430	0.05371691	0.15118264	0.6802375	NA	NA
GLYOXYLATEBYPASS	GLYOXYLATE-BYPASS: glyoxylate cycle	N	0.06554648	0.00188292	0.00694644	0.02147742	0.00005732	0.00008645	0.05828130	0.00138300	0.00334124	0.00362757	0.43074948	0.59692694	0.00000008	1.00000000	1.00000000	0.04049077	0.00000000	0.00000000	0.03293198	0.00003430	0.00062428	0.03359263	0.10741310	0.24543004	0.7440518	NA	NA
GOLPDLCATPWY	GOLPDLCAT-PWY: superpathway of glycerol degradation to 1,3-propanediol	N	0.01321172	0.01084551	0.02987563	0.02578866	0.00000592	0.00001035	0.05995467	0.00444481	0.00892230	0.00000008	1.00000000	1.00000000	0.01874794	0.01952175	0.06921347	0.04207050	0.00000000	0.00000000	0.02808288	0.00019014	0.00178996	0.02065049	0.33985768	0.49090554	0.7914931	NA	NA
HEMESYN2PWY	HEMESYN2-PWY: heme b biosynthesis II (oxygen-independent)	N	0.10601969	0.00031442	0.00156995	0.02989853	0.00000029	0.00000060	0.02029995	0.26102053	0.28966913	0.00252772	0.57127849	0.74980302	0.00000007	1.00000000	1.00000000	0.03363182	0.00000001	0.00000003	0.02494623	0.00080990	0.00514194	0.05605003	0.00597784	0.05429402	0.7266259	NA	NA
HEXITOLDEGSUPERPWY	HEXITOLDEGSUPER-PWY: superpathway of hexitol degradation (bacteria)	N	0.00000009	0.99434030	1.00000000	0.00382118	0.11840632	0.12676442	0.01400232	0.22223166	0.24966766	0.00978002	0.06495361	0.11666011	0.02834156	0.00050469	0.00313134	0.04610207	0.00000000	0.00000000	0.00909576	0.11228111	0.19524041	0.00000004	1.00000000	1.00000000	0.8888569	NA	NA
HISDEGPWY	HISDEG-PWY: L-histidine degradation I	N	0.00212151	0.58736059	0.73218922	0.00521490	0.05000492	0.05460538	0.10059613	0.00029298	0.00115917	0.01317058	0.01261909	0.02691416	0.01040087	0.19602894	0.37163819	0.06787935	0.00000000	0.00000000	0.00245959	0.75062423	0.84329389	0.07747739	0.00258619	0.04060912	0.7206797	NA	NA
HISTSYNPWY	HISTSYN-PWY: L-histidine biosynthesis	N	0.02269016	0.00001902	0.00017310	0.04422130	0.00000000	0.00000000	0.04242341	0.05071489	0.06711059	0.01156750	0.00206691	0.00547831	0.00000008	1.00000000	1.00000000	0.03124534	0.00000127	0.00000220	0.01890649	0.01172473	0.03217510	0.05247228	0.01789318	0.07753713	0.7764735	NA	NA
HSERMETANAPWY	HSERMETANA-PWY: L-methionine biosynthesis III	N	0.00427792	0.21938634	0.35220211	0.01005435	0.00113632	0.00147021	0.07596187	0.00022581	0.00096322	0.05170570	0.00000000	0.00000000	0.00229312	0.62912689	0.91357256	0.03294650	0.00000088	0.00000158	0.00469154	0.44559694	0.57111721	0.00469624	0.82633155	0.97508528	0.8133727	NA	NA
ILEUSYNPWY	ILEUSYN-PWY: L-isoleucine biosynthesis I (from threonine)	N	0.00025303	0.91658361	1.00000000	0.02647997	0.00000029	0.00000059	0.05965979	0.00475968	0.00940517	0.01688272	0.00004989	0.00022718	0.00000008	1.00000000	1.00000000	0.05191369	0.00000000	0.00000000	0.02047032	0.00729702	0.02343630	0.03615580	0.10709761	0.24543004	0.7881846	NA	NA
KETOGLUCONMETPWY	KETOGLUCONMET-PWY: ketogluconate metabolism	N	0.00236620	0.33816091	0.47342527	0.01799869	0.00000299	0.00000529	0.04435598	0.01166914	0.02068620	0.01491791	0.00109786	0.00325779	0.03186574	0.00000975	0.00014788	0.01492317	0.00956847	0.00997020	0.00178983	0.76200095	0.85256664	0.00329247	0.86906600	1.00000000	0.8684900	NA	NA
LACTOSECATPWY	LACTOSECAT-PWY: lactose and galactose degradation I	N	0.01428011	0.09522780	0.18976051	0.10124219	0.00000000	0.00000000	0.14360582	0.00000000	0.00000035	0.00000007	1.00000000	1.00000000	0.00960264	0.09862963	0.21935307	0.02250312	0.00005819	0.00007494	0.00198530	0.78527238	0.87018881	0.05676018	0.00918516	0.05841765	0.6500206	NA	NA
METHACETATEPWY	METH-ACETATE-PWY: methanogenesis from acetate	N	0.04099132	0.00720820	0.02138954	0.02070404	0.00001395	0.00002322	0.04801546	0.00349568	0.00739783	0.00383039	0.34026620	0.49675227	0.03181235	0.00113647	0.00608344	0.03975796	0.00000000	0.00000000	0.02132501	0.00193469	0.00910640	0.00838655	0.65641847	0.81827508	0.7851769	NA	NA
METSAMPWY	MET-SAM-PWY: superpathway of S-adenosyl-L-methionine biosynthesis	N	0.00000010	1.00000000	1.00000000	0.00509309	0.05361971	0.05831945	0.07427831	0.00048439	0.00152886	0.01690755	0.04165244	0.07799395	0.00000009	1.00000000	1.00000000	0.04658839	0.00000000	0.00000000	0.00858752	0.21843169	0.32233433	0.00000004	1.00000000	1.00000000	0.8485449	NA	NA
METSYNPWY	METSYN-PWY: superpathway of L-homoserine and L-methionine biosynthesis	N	0.00000044	1.00000000	1.00000000	0.00479814	0.06343832	0.06872485	0.07364375	0.00048714	0.00152886	0.01687015	0.03897382	0.07440456	0.00000009	1.00000000	1.00000000	0.04657395	0.00000000	0.00000000	0.00805582	0.24463244	0.35149819	0.00000026	1.00000000	1.00000000	0.8500574	NA	NA
NAGLIPASYNPWY	NAGLIPASYN-PWY: lipid IVA biosynthesis (E. coli)	N	0.00206934	0.56251343	0.70767819	0.00915598	0.01512602	0.01764702	0.05943240	0.00068053	0.00193526	0.01069759	0.01468952	0.03052388	0.01016608	0.10680744	0.22959395	0.02767046	0.00010515	0.00012702	0.02843348	0.00008698	0.00107936	0.00000011	0.99406034	1.00000000	0.8523745	NA	NA
NONMEVIPPPWY	NONMEVIPP-PWY: methylerythritol phosphate pathway I	N	0.04020254	0.00000015	0.00000261	0.10306423	0.00000000	0.00000000	0.08812921	0.00002627	0.00020487	0.04209171	0.00000000	0.00000002	0.00677726	0.15781798	0.31220513	0.01617242	0.00444815	0.00472507	0.00435484	0.53716268	0.65760274	0.06503170	0.00201578	0.03498064	0.6341761	NA	NA
NONOXIPENTPWY	NONOXIPENT-PWY: pentose phosphate pathway (non-oxidative branch) I	N	0.00625400	0.22448046	0.35220211	0.02817067	0.00000000	0.00000001	0.06295146	0.00155239	0.00365346	0.02831978	0.00011560	0.00049311	0.01611235	0.03294125	0.10219273	0.04879146	0.00000000	0.00000000	0.00772235	0.25827255	0.36532853	0.01610921	0.44768481	0.58758632	0.7855687	NA	NA
OANTIGENPWY	OANTIGEN-PWY: O-antigen building blocks biosynthesis (E. coli)	N	0.09872499	0.00000000	0.00000000	0.10104954	0.00000000	0.00000000	0.05581826	0.00233934	0.00523475	0.00445889	0.18546183	0.30318011	0.00605006	0.27434187	0.48060531	0.04606945	0.00000000	0.00000000	0.00953120	0.15824680	0.25412574	0.06648164	0.00044156	0.01722094	0.6118160	NA	NA
P105PWY	P105-PWY: TCA cycle IV (2-oxoglutarate decarboxylase)	N	0.01243825	0.01425067	0.03851915	0.00679658	0.03407258	0.03781226	0.04561656	0.01832034	0.03012924	0.00562160	0.22321501	0.35021666	0.00576296	0.27463161	0.48060531	0.02586635	0.00016963	0.00019875	0.01614929	0.01935176	0.04802755	0.00824430	0.70696242	0.86547417	0.8735041	NA	NA
P108PWY	P108-PWY: pyruvate fermentation to propanoate I	N	0.00597836	0.16652207	0.28772485	0.00844629	0.01962425	0.02279754	0.00792077	0.67748478	0.71135902	0.00388506	0.40104061	0.56145685	0.02678646	0.00150116	0.00731816	0.04450616	0.00000000	0.00000000	0.01391004	0.04606797	0.10061244	0.02382459	0.28484703	0.44691517	0.8647423	NA	NA
P122PWY	P122-PWY: heterolactic fermentation	N	0.03111693	0.00127854	0.00520956	0.04914387	0.00000000	0.00000000	0.04894581	0.00007682	0.00038835	0.00000008	1.00000000	1.00000000	0.04732745	0.00000955	0.00014788	0.04470952	0.00000000	0.00000000	0.02076064	0.00101556	0.00602713	0.00000044	1.00000000	1.00000000	0.7579953	NA	NA
P124PWY	P124-PWY: Bifidobacterium shunt	N	0.01691470	0.40893940	0.54458759	0.09900751	0.00000000	0.00000000	0.08158453	0.00005493	0.00031243	0.00000024	0.99799764	1.00000000	0.01132213	0.15957674	0.31341331	0.04772422	0.00000000	0.00000000	0.02441527	0.00178710	0.00862500	0.05193870	0.01077117	0.06001083	0.6670927	NA	NA
P161PWY	P161-PWY: acetylene degradation (anaerobic)	N	0.06190434	0.00042669	0.00204028	0.02773837	0.00000044	0.00000087	0.02094717	0.21349884	0.24184723	0.01610475	0.05434540	0.10024523	0.03210123	0.01586208	0.05773799	0.02469908	0.00005911	0.00007576	0.02570998	0.00029268	0.00257749	0.02708389	0.16356843	0.31226699	0.7637112	NA	NA
P164PWY	P164-PWY: purine nucleobases degradation I (anaerobic)	N	0.00880823	0.05667539	0.11994095	0.02373758	0.00000010	0.00000022	0.02037585	0.18498665	0.21219057	0.01819538	0.00113633	0.00330018	0.04300191	0.00000443	0.00008648	0.02132680	0.00063166	0.00070385	0.00594224	0.35240845	0.47160542	0.04663030	0.01638698	0.07456075	0.8119817	NA	NA
P185PWY	P185-PWY: formaldehyde assimilation III (dihydroxyacetone cycle)	N	0.00012365	1.00000000	1.00000000	0.01552141	0.00017173	0.00024042	0.03081187	0.13603158	0.15870351	0.01375213	0.03072350	0.06034185	0.00457366	0.31246178	0.54134171	0.00609296	0.24857222	0.24857222	0.01570518	0.02764154	0.06561861	0.02628412	0.24792657	0.41455077	0.8871350	NA	NA
P41PWY	P41-PWY: pyruvate fermentation to acetate and (S)-lactate I	N	0.00748358	0.16146440	0.28076293	0.01449113	0.00019303	0.00026886	0.08488376	0.00003987	0.00024737	0.08648907	0.00000000	0.00000005	0.00492216	0.35562808	0.58135609	0.04017014	0.00000000	0.00000001	0.00857754	0.18624645	0.28726147	0.02173436	0.31055896	0.46583844	0.7312483	NA	NA
P42PWY	P42-PWY: incomplete reductive TCA cycle	N	0.00607265	0.13873917	0.25250529	0.00308043	0.15812630	0.16731969	0.03030292	0.08832713	0.10861850	0.00733802	0.22599878	0.35255809	0.05000346	0.00000693	0.00011827	0.05867626	0.00000000	0.00000000	0.00005969	0.99324169	1.00000000	0.00443834	0.82864390	0.97508528	0.8400282	NA	NA
P441PWY	P441-PWY: superpathway of N-acetylneuraminate degradation	N	0.03686560	0.00182320	0.00691296	0.07290867	0.00000000	0.00000000	0.05414447	0.00002008	0.00018274	0.00000025	1.00000000	1.00000000	0.04318642	0.00003723	0.00046643	0.03856909	0.00000000	0.00000000	0.02811715	0.00001733	0.00043006	0.00000037	1.00000000	1.00000000	0.7262080	NA	NA
P461PWY	P461-PWY: hexitol fermentation to lactate, formate, ethanol and acetate	N	0.00838465	0.06812530	0.14197104	0.01457939	0.00008883	0.00013025	0.04192649	0.01476793	0.02519778	0.02183570	0.00138585	0.00384791	0.02429658	0.00124706	0.00642356	0.03088758	0.00000285	0.00000451	0.00389338	0.54627001	0.66576658	0.03029915	0.13103793	0.26498781	0.8238971	NA	NA
PANTOPWY	PANTO-PWY: phosphopantothenate biosynthesis I	N	0.00236826	0.42941360	0.56632808	0.00833021	0.00931266	0.01105372	0.10972844	0.00002142	0.00018859	0.03026799	0.00000158	0.00001198	0.00121736	0.81590986	1.00000000	0.04655514	0.00000000	0.00000000	0.00656223	0.38825069	0.51204077	0.03621650	0.13412761	0.26924145	0.7587539	NA	NA
PANTOSYNPWY	PANTOSYN-PWY: superpathway of coenzyme A biosynthesis I (bacteria)	N	0.00067854	0.84823681	0.98122309	0.01429662	0.00005864	0.00008797	0.11075999	0.00000434	0.00004555	0.03871291	0.00000355	0.00002310	0.00396873	0.45773067	0.71816364	0.04118270	0.00000000	0.00000001	0.00885090	0.20982583	0.31410111	0.00593143	0.79812344	0.95564780	0.7756182	NA	NA
PENTOSEPPWY	PENTOSE-P-PWY: pentose phosphate pathway	N	0.08880988	0.00000004	0.00000093	0.06183297	0.00000000	0.00000000	0.04314846	0.00790203	0.01473276	0.00000007	1.00000000	1.00000000	0.01305372	0.05959543	0.15643799	0.04297199	0.00000000	0.00000000	0.00582343	0.30607497	0.42155070	0.02029450	0.26058369	0.42344849	0.7240650	NA	NA
PEPTIDOGLYCANSYNPWY	PEPTIDOGLYCANSYN-PWY: peptidoglycan biosynthesis I (meso-diaminopimelate containing)	N	0.00113148	0.73077902	0.87119071	0.00139200	0.55069314	0.57163204	0.04669636	0.02028923	0.03277490	0.12586575	0.00000000	0.00000000	0.00700678	0.19021997	0.36570459	0.02766139	0.00000676	0.00000993	0.01982603	0.00269657	0.01138273	0.02207938	0.30125626	0.45862373	0.7483408	NA	NA
PHOSLIPSYNPWY	PHOSLIPSYN-PWY: superpathway of phospholipid biosynthesis I (bacteria)	N	0.07886576	0.00676337	0.02029012	0.02052330	0.00002079	0.00003339	0.06580117	0.00148990	0.00353689	0.00938006	0.02845569	0.05670368	0.00002766	1.00000000	1.00000000	0.03007311	0.00000414	0.00000635	0.01788738	0.01489145	0.03835250	0.03326880	0.12855243	0.26387078	0.7441728	NA	NA
POLYAMINSYN3PWY	POLYAMINSYN3-PWY: superpathway of polyamine biosynthesis II	N	0.05773162	0.17771574	0.29948393	0.01007119	0.00110218	0.00143284	0.05281360	0.00097860	0.00259376	0.00796019	0.13640330	0.22845461	0.00616476	0.33892057	0.56101461	0.03521374	0.00000895	0.00001259	0.00284657	0.63748530	0.74373285	0.00000004	0.99143994	1.00000000	0.8271983	NA	NA
POLYAMSYNPWY	POLYAMSYN-PWY: superpathway of polyamine biosynthesis I	N	0.00797770	0.26790403	0.39111123	0.01623545	0.00003521	0.00005430	0.03137219	0.01563429	0.02651031	0.01793528	0.01228258	0.02640271	0.02631786	0.00433820	0.01850514	0.04546839	0.00000000	0.00000000	0.01145752	0.06809127	0.13373322	0.00000004	0.99083225	1.00000000	0.8432356	NA	NA
POLYISOPRENSYNPWY	POLYISOPRENSYN-PWY: polyisoprenoid biosynthesis (E. coli)	N	0.00720149	0.14125831	0.25538754	0.09474372	0.00000000	0.00000000	0.08827815	0.00002492	0.00020365	0.00000007	1.00000000	1.00000000	0.01252058	0.08189485	0.19444573	0.04281896	0.00000000	0.00000001	0.01990280	0.00960347	0.02832244	0.04541185	0.02470727	0.09775485	0.6891224	NA	NA
PPGPPMETPWY	PPGPPMET-PWY: ppGpp metabolism	N	0.00020792	0.90315324	1.00000000	0.00071211	0.66232179	0.68490095	0.11375028	0.00000112	0.00002182	0.37624638	0.00000000	0.00000000	0.00131250	0.77539642	1.00000000	0.02826542	0.00000000	0.00000000	0.01120651	0.09050680	0.16472237	0.08893260	0.00000306	0.00083446	0.3793663	NA	NA
PWY01061	PWY0-1061: superpathway of L-alanine biosynthesis	N	0.07812142	0.08081261	0.16342107	0.02485304	0.00000165	0.00000304	0.05505111	0.00128317	0.00312772	0.10080112	0.00003412	0.00016343	0.00340809	0.67354804	0.96778219	0.03893204	0.00000000	0.00000000	0.03424184	0.00000420	0.00019118	0.03183267	0.06976732	0.18347157	0.6327587	NA	NA
PWY01241	PWY0-1241: ADP-L-glycero-&beta;-D-manno-heptose biosynthesis	N	0.00216311	0.45412138	0.59035939	0.02125675	0.00003908	0.00005961	0.00888533	0.61646594	0.65484515	0.01324196	0.00079160	0.00242818	0.01742614	0.01393599	0.05358485	0.02678622	0.00002626	0.00003501	0.02165002	0.00489118	0.01804448	0.05687404	0.00616526	0.05429402	0.8317164	NA	NA
PWY01261	PWY0-1261: anhydromuropeptides recycling I	N	0.10542815	0.02762160	0.06732765	0.01487817	0.00026566	0.00036628	0.04590066	0.03053309	0.04620372	0.02861089	0.00098516	0.00295549	0.00078763	0.87020505	1.00000000	0.02411338	0.00006114	0.00007799	0.02309211	0.00123127	0.00665384	0.02793192	0.19855245	0.36624878	0.7292571	NA	NA
PWY01296	PWY0-1296: purine ribonucleosides degradation	N	0.11581896	0.02803077	0.06772034	0.06207067	0.00000000	0.00000000	0.10101531	0.00000027	0.00001236	0.01361818	0.00827446	0.01882439	0.00078378	0.88780447	1.00000000	0.04123727	0.00000000	0.00000000	0.00421246	0.51452406	0.63776875	0.04463867	0.02331755	0.09676578	0.6166047	NA	NA
PWY01297	PWY0-1297: superpathway of purine deoxyribonucleosides degradation	N	0.06124396	0.00027459	0.00149215	0.02810098	0.00000034	0.00000068	0.02280378	0.17679619	0.20365131	0.01737444	0.03191486	0.06179259	0.03052893	0.02572747	0.08779498	0.02077230	0.00054562	0.00061298	0.02443264	0.00060887	0.00426207	0.03118122	0.11034557	0.24549120	0.7635618	NA	NA
PWY01298	PWY0-1298: superpathway of pyrimidine deoxyribonucleosides degradation	N	0.00015724	0.96473127	1.00000000	0.01872728	0.00002859	0.00004485	0.01626108	0.28780164	0.31554156	0.03284645	0.00000191	0.00001387	0.02622441	0.00080299	0.00447380	0.01552352	0.01147309	0.01181944	0.01630564	0.01233858	0.03335081	0.02278576	0.21752367	0.38300064	0.8511686	NA	NA
PWY01319	PWY0-1319: CDP-diacylglycerol biosynthesis II	N	0.00000021	1.00000000	1.00000000	0.09242537	0.00000000	0.00000000	0.10231139	0.00000111	0.00002182	0.03667144	0.00000000	0.00000000	0.01000272	0.04863870	0.13412491	0.00761017	0.07099000	0.07231444	0.01460578	0.04869968	0.10306210	0.05426679	0.00938941	0.05841765	0.6821061	NA	NA
PWY01477	PWY0-1477: ethanolamine utilization	N	0.04272990	0.00964148	0.02741795	0.01841289	0.00008074	0.00011915	0.02520018	0.15602130	0.18125027	0.02535835	0.00111911	0.00328514	0.01430133	0.10188482	0.22251645	0.03691811	0.00000000	0.00000001	0.02111233	0.00435819	0.01723677	0.05144288	0.01303765	0.06591256	0.7645240	NA	NA
PWY01479	PWY0-1479: tRNA processing	N	0.02327267	0.18943121	0.30966899	0.00750144	0.02863650	0.03204002	0.05476847	0.00854923	0.01566403	0.00718223	0.10610333	0.17991434	0.01483261	0.03279666	0.10219273	0.03320006	0.00001926	0.00002616	0.02204220	0.00260709	0.01129738	0.01804343	0.43159635	0.57476001	0.8191569	NA	NA
PWY01586	PWY0-1586: peptidoglycan maturation (meso-diaminopimelate containing)	N	0.04374384	0.00862775	0.02505720	0.05480503	0.00000000	0.00000000	0.08641605	0.00009696	0.00046440	0.00085559	0.72474373	0.92025599	0.00945163	0.13037012	0.26962911	0.02275246	0.00046045	0.00051943	0.02217486	0.00221851	0.01009422	0.03845585	0.07578798	0.19518980	0.7213447	NA	NA
PWY0162	PWY0-162: superpathway of pyrimidine ribonucleotides de novo biosynthesis	N	0.07239737	0.00749972	0.02201531	0.08680809	0.00000000	0.00000000	0.07137360	0.00023819	0.00100042	0.02268815	0.00013199	0.00055437	0.00863542	0.38103590	0.61189883	0.02215445	0.00003686	0.00004884	0.03070344	0.00005344	0.00085823	0.05612512	0.00390016	0.05070202	0.6291144	NA	NA
PWY0166	PWY0-166: superpathway of pyrimidine deoxyribonucleotides de novo biosynthesis (E. coli)	N	0.00460724	0.25617440	0.37803033	0.05349976	0.00000000	0.00000000	0.07270200	0.00042689	0.00145678	0.00000008	1.00000000	1.00000000	0.01178884	0.07011310	0.17244033	0.03793241	0.00000013	0.00000026	0.01417920	0.06117373	0.12463007	0.04683344	0.02634642	0.10027706	0.7584570	NA	NA
PWY0301	PWY0-301: L-ascorbate degradation I (bacterial, anaerobic)	N	0.04352840	0.03107809	0.07318406	0.00403997	0.16312108	0.17193844	0.04087367	0.06561520	0.08409835	0.00495024	0.29090843	0.43877349	0.00000008	0.99175148	1.00000000	0.03169093	0.00000155	0.00000261	0.02035906	0.00755358	0.02344405	0.03541565	0.12963886	0.26411499	0.8191420	NA	NA
PWY0845	PWY0-845: superpathway of pyridoxal 5'-phosphate biosynthesis and salvage	N	0.00229039	0.35510964	0.48844506	0.03090321	0.00000002	0.00000005	0.06409759	0.00311278	0.00672215	0.01489477	0.00043350	0.00159928	0.02176295	0.00364720	0.01580454	0.02641237	0.00004038	0.00005299	0.01102332	0.11964399	0.20414256	0.02204715	0.31919882	0.47618184	0.8065682	NA	NA
PWY0862	PWY0-862: (5Z)-dodecenoate biosynthesis I	N	0.06324271	0.00181196	0.00691296	0.03150640	0.00000008	0.00000017	0.04323744	0.05132636	0.06736585	0.00000008	1.00000000	1.00000000	0.00152856	0.78040411	1.00000000	0.03699579	0.00000002	0.00000005	0.01800565	0.01554793	0.03930171	0.05136381	0.02339392	0.09676578	0.7541196	NA	NA
PWY1042	PWY-1042: glycolysis IV	N	0.30549371	0.00000000	0.00000002	0.08294050	0.00000000	0.00000000	0.08151750	0.00000002	0.00000182	0.00874245	0.04506394	0.08369017	0.00960383	0.06017230	0.15644797	0.01601159	0.00023090	0.00026823	0.01463737	0.00535041	0.01906498	0.02170038	0.11931052	0.25446697	0.4593527	NA	NA
PWY1269	PWY-1269: CMP-3-deoxy-D-manno-octulosonate biosynthesis	N	0.00000009	1.00000000	1.00000000	0.00723176	0.02188544	0.02520980	0.01894773	0.36783243	0.39691010	0.01301214	0.01041133	0.02255789	0.00000009	1.00000000	1.00000000	0.04010450	0.00000000	0.00000000	0.01281468	0.08624772	0.16154740	0.06082552	0.00679919	0.05624780	0.8470635	NA	NA
PWY1861	PWY-1861: formaldehyde assimilation II (assimilatory RuMP Cycle)	N	0.00586555	0.02082429	0.05168210	0.00000009	1.00000000	1.00000000	0.00304036	0.85645883	0.88565629	0.00086802	0.70657348	0.90137645	0.00738767	0.10091152	0.22216811	0.01148347	0.07337087	0.07446188	0.01536559	0.03111711	0.07260659	0.02939133	0.17180067	0.32345919	0.9265979	NA	NA
PWY1ZNC1	PWY1ZNC-1: assimilatory sulfate reduction IV	N	0.02360399	0.05556837	0.11851692	0.01018298	0.00785009	0.00939946	0.02840598	0.16373931	0.18941030	0.01054430	0.06174228	0.11237095	0.00792675	0.21412691	0.39766426	0.02937447	0.00006329	0.00008021	0.02506159	0.00090335	0.00560490	0.00646914	0.77362932	0.93040002	0.8584308	NA	NA
PWY241	PWY-241: C4 photosynthetic carbon assimilation cycle, NADP-ME type	N	0.00000008	1.00000000	1.00000000	0.08902039	0.00000000	0.00000000	0.08032994	0.00010697	0.00050348	0.00679608	0.05725415	0.10490190	0.00854022	0.12133308	0.25479946	0.02741932	0.00005657	0.00007354	0.00333908	0.60367395	0.71655861	0.02089590	0.33515285	0.49090554	0.7636590	NA	NA
PWY2941	PWY-2941: L-lysine biosynthesis II	N	0.13844099	0.00000000	0.00000000	0.12841134	0.00000000	0.00000000	0.03334580	0.02160730	0.03469879	0.00065940	0.76145776	0.95356867	0.00528989	0.31330399	0.54134171	0.04242644	0.00000000	0.00000000	0.01313790	0.02751494	0.06561861	0.03371920	0.03215187	0.11203207	0.6045690	NA	NA
PWY2942	PWY-2942: L-lysine biosynthesis III	N	0.01415436	0.01035816	0.02895839	0.02690206	0.00000174	0.00000320	0.05360860	0.00783287	0.01473276	0.00410005	0.22841340	0.35430032	0.00376599	0.51031577	0.76993560	0.03751615	0.00000149	0.00000253	0.02518560	0.00076906	0.00499890	0.02375995	0.27238820	0.43742340	0.8110072	NA	NA
PWY3001	PWY-3001: superpathway of L-isoleucine biosynthesis I	N	0.03163581	0.00001598	0.00015585	0.02329104	0.00000161	0.00000298	0.00094146	0.94656811	0.97514375	0.01568757	0.00881045	0.01987812	0.05181597	0.00024150	0.00199784	0.06512569	0.00000000	0.00000000	0.01693524	0.00656082	0.02243840	0.02944026	0.07008740	0.18347157	0.7651270	NA	NA
PWY3841	PWY-3841: folate transformations II (plants)	N	0.00838360	0.14815785	0.26264346	0.01409570	0.00070552	0.00093499	0.06150000	0.00044511	0.00147728	0.01016911	0.08518235	0.14906911	0.01491488	0.03795726	0.11387179	0.04173469	0.00000004	0.00000009	0.02771005	0.00006795	0.00097633	0.00000004	0.99692076	1.00000000	0.8214919	NA	NA
PWY4041	PWY-4041: &gamma;-glutamyl cycle	N	0.00000029	1.00000000	1.00000000	0.00000006	1.00000000	1.00000000	0.10123609	0.00000251	0.00003314	0.22137596	0.00000000	0.00000000	0.00710785	0.22031513	0.40097354	0.02929508	0.00000001	0.00000003	0.01182760	0.07827197	0.14942830	0.04963641	0.01265851	0.06591256	0.5795207	NA	NA
PWY4984	PWY-4984: urea cycle	N	0.00663234	0.00624332	0.01915085	0.09010753	0.00000000	0.00000000	0.04936524	0.00362488	0.00755415	0.00000008	0.99447340	1.00000000	0.03442165	0.00004229	0.00048109	0.02337681	0.00001397	0.00001936	0.02127992	0.00128270	0.00673416	0.00000019	1.00000000	1.00000000	0.7748162	NA	NA
PWY4FS7	PWY4FS-7: phosphatidylglycerol biosynthesis I (plastidic)	N	0.00525251	0.22369865	0.35220211	0.07787235	0.00000000	0.00000000	0.07478397	0.00034762	0.00127686	0.00000007	1.00000000	1.00000000	0.01080045	0.08262163	0.19444573	0.03178972	0.00000311	0.00000485	0.02088257	0.00714839	0.02323228	0.05026131	0.01633466	0.07456075	0.7283570	NA	NA
PWY4FS8	PWY4FS-8: phosphatidylglycerol biosynthesis II (non-plastidic)	N	0.00525251	0.22369865	0.35220211	0.07787235	0.00000000	0.00000000	0.07478397	0.00034762	0.00127686	0.00000007	1.00000000	1.00000000	0.01080045	0.08262163	0.19444573	0.03178972	0.00000311	0.00000485	0.02088257	0.00714839	0.02323228	0.05026131	0.01633466	0.07456075	0.7283570	NA	NA
PWY4LZ257	PWY4LZ-257: superpathway of fermentation (Chlamydomonas reinhardtii)	N	0.03773317	0.00132902	0.00533561	0.02394265	0.00000212	0.00000380	0.01857032	0.25224483	0.28107281	0.01059677	0.08161302	0.14374423	0.04753750	0.00019983	0.00187576	0.02429147	0.00009691	0.00011918	0.02185809	0.00154112	0.00779124	0.01920564	0.32543678	0.48023914	0.7962644	NA	NA
PWY5005	PWY-5005: biotin biosynthesis II	N	0.03513579	0.00187815	0.00694644	0.01023883	0.00295533	0.00368404	0.09285771	0.00004797	0.00029101	0.01928015	0.00016286	0.00064436	0.01177117	0.04679467	0.13170045	0.00982563	0.07532435	0.07616128	0.00367812	0.58458941	0.70305246	0.03321725	0.14651470	0.29108052	0.7839954	NA	NA
PWY5022	PWY-5022: 4-aminobutanoate degradation V	N	0.00000019	0.99411244	1.00000000	0.00000009	1.00000000	1.00000000	0.00543731	0.69814801	0.73024677	0.00000013	0.99366803	1.00000000	0.04463165	0.00001039	0.00014926	0.05592137	0.00000000	0.00000000	0.00816756	0.16588817	0.26242732	0.00000005	1.00000000	1.00000000	0.8858416	NA	NA
PWY5030	PWY-5030: L-histidine degradation III	N	0.03468273	0.01094345	0.02987563	0.01376050	0.00029548	0.00040333	0.03531665	0.02973451	0.04560405	0.04299652	0.00000011	0.00000099	0.10766948	0.00000117	0.00003184	0.05895526	0.00000000	0.00000000	0.00973103	0.12242686	0.20759337	0.05217327	0.00505667	0.05347017	0.6447145	NA	NA
PWY5097	PWY-5097: L-lysine biosynthesis VI	N	0.00466823	0.23720419	0.35975969	0.04238905	0.00000000	0.00000000	0.09008373	0.00005163	0.00030118	0.00227954	0.55542156	0.73606838	0.00358829	0.51047012	0.76993560	0.03772902	0.00000089	0.00000159	0.02260984	0.00380421	0.01527279	0.02074589	0.35854164	0.50715994	0.7759064	NA	NA
PWY5100	PWY-5100: pyruvate fermentation to acetate and lactate II	N	0.00677708	0.18250346	0.30380149	0.01535005	0.00011719	0.00016662	0.08322751	0.00006125	0.00033445	0.09101324	0.00000000	0.00000002	0.00434619	0.39958050	0.63421789	0.03836535	0.00000001	0.00000003	0.00827263	0.20133891	0.30536401	0.02636948	0.21885751	0.38300064	0.7262785	NA	NA
PWY5103	PWY-5103: L-isoleucine biosynthesis III	N	0.00343906	0.35760871	0.48844506	0.02173327	0.00003052	0.00004734	0.03902175	0.04430710	0.06202995	0.02162123	0.00001984	0.00010032	0.00000008	1.00000000	1.00000000	0.06505680	0.00000000	0.00000000	0.02476348	0.00107694	0.00618213	0.03730638	0.08026124	0.20102128	0.7870580	NA	NA
PWY5121	PWY-5121: superpathway of geranylgeranyl diphosphate biosynthesis II (via MEP)	N	0.01441266	0.10549323	0.20425286	0.08890537	0.00000000	0.00000000	0.10525562	0.00000140	0.00002548	0.00000007	1.00000000	1.00000000	0.00898386	0.18819245	0.36570459	0.04228302	0.00000000	0.00000001	0.01896985	0.01422556	0.03734209	0.04571655	0.02452793	0.09775485	0.6754730	NA	NA
PWY5136	PWY-5136: fatty acid &beta;-oxidation II (plant peroxisome)	N	0.00000008	1.00000000	1.00000000	0.00000008	1.00000000	1.00000000	0.03594847	0.01007927	0.01810290	0.00706706	0.11096459	0.18699589	0.05546783	0.00000236	0.00005100	0.05236560	0.00000000	0.00000000	0.01349824	0.01837443	0.04602036	0.00000003	1.00000000	1.00000000	0.8356526	NA	NA
PWY5154	PWY-5154: L-arginine biosynthesis III (via N-acetyl-L-citrulline)	N	0.00295232	0.23300865	0.35934096	0.08987134	0.00000000	0.00000000	0.07303377	0.00016285	0.00074096	0.00224157	0.70242162	0.90028686	0.00469662	0.33866302	0.56101461	0.02007129	0.00433796	0.00462603	0.02143742	0.00660953	0.02243840	0.04582396	0.02681401	0.10027706	0.7398717	NA	NA
PWY5188	PWY-5188: tetrapyrrole biosynthesis I (from glutamate)	N	0.00421590	0.15342627	0.26849597	0.04008225	0.00000000	0.00000000	0.00705183	0.67566081	0.71135902	0.00530485	0.19681925	0.31781048	0.01392132	0.04267708	0.12264044	0.04569479	0.00000000	0.00000000	0.01452990	0.04309003	0.09721966	0.04118867	0.03271113	0.11203207	0.8280105	NA	NA
PWY5189	PWY-5189: tetrapyrrole biosynthesis II (from glycine)	N	0.13256704	0.00000000	0.00000002	0.07044477	0.00000000	0.00000000	0.04475859	0.01644505	0.02771296	0.00046344	0.86501434	1.00000000	0.00417505	0.36780982	0.59590255	0.02418238	0.00007397	0.00009179	0.02594683	0.00007681	0.00104852	0.01856140	0.32230104	0.47819665	0.6789005	NA	NA
PWY5345	PWY-5345: superpathway of L-methionine biosynthesis (by sulfhydrylation)	N	0.07928446	0.00001832	0.00017247	0.03237109	0.00000018	0.00000038	0.06082710	0.00310649	0.00672215	0.00071582	0.82624014	1.00000000	0.00498545	0.39372514	0.62857873	0.02441425	0.00011030	0.00013207	0.02923026	0.00009588	0.00113806	0.00899208	0.66964623	0.83097010	0.7591795	NA	NA
PWY5347	PWY-5347: superpathway of L-methionine biosynthesis (transsulfuration)	N	0.00000037	1.00000000	1.00000000	0.00473843	0.06643306	0.07168469	0.07363184	0.00053755	0.00159512	0.01657304	0.03925179	0.07441485	0.00000009	1.00000000	1.00000000	0.04643063	0.00000000	0.00000000	0.00833437	0.23196293	0.33864107	0.00000027	0.99822973	1.00000000	0.8502910	NA	NA
PWY5384	PWY-5384: sucrose degradation IV (sucrose phosphorylase)	N	0.06308996	0.00005670	0.00038700	0.02491238	0.00008922	0.00013025	0.04735931	0.01669521	0.02796191	0.00000007	1.00000000	1.00000000	0.03064344	0.00482757	0.02027578	0.04068736	0.00000000	0.00000000	0.07101326	0.00000000	0.00000000	0.05611389	0.00502097	0.05347017	0.6661803	NA	NA
PWY5484	PWY-5484: glycolysis II (from fructose 6-phosphate)	N	0.00587140	0.17919558	0.30012511	0.04374046	0.00000000	0.00000000	0.07898770	0.00024690	0.00102127	0.02495267	0.00000291	0.00001940	0.00379114	0.36889206	0.59590255	0.02343413	0.00031992	0.00036851	0.00000016	1.00000000	1.00000000	0.02030083	0.35748345	0.50715994	0.7989215	NA	NA
PWY5497	PWY-5497: purine nucleobases degradation II (anaerobic)	N	0.05637247	0.00239842	0.00861537	0.01369013	0.00139744	0.00179108	0.03283566	0.06283351	0.08091296	0.00936366	0.00920127	0.02042233	0.02823299	0.00149168	0.00731816	0.03135551	0.00000054	0.00000101	0.02625255	0.00018294	0.00178363	0.00000020	0.99481379	1.00000000	0.8018968	NA	NA
PWY5505	PWY-5505: L-glutamate and L-glutamine biosynthesis	N	0.00501159	0.23429557	0.35934096	0.01122107	0.00156808	0.00200040	0.02859528	0.07130881	0.08929956	0.01651481	0.00066723	0.00216851	0.04293480	0.00036504	0.00255526	0.03625793	0.00000000	0.00000000	0.01025743	0.10835141	0.19083829	0.00000013	1.00000000	1.00000000	0.8492070	NA	NA
PWY561	PWY-561: superpathway of glyoxylate cycle and fatty acid degradation	N	0.05418813	0.00061924	0.00272665	0.01487920	0.00036484	0.00049308	0.05966730	0.00399848	0.00826958	0.00445737	0.32780987	0.48374105	0.00000008	1.00000000	1.00000000	0.03201871	0.00000023	0.00000046	0.01849354	0.00963203	0.02832244	0.01128371	0.61325913	0.76798046	0.8050120	NA	NA
PWY5659	PWY-5659: GDP-mannose biosynthesis	N	0.00000008	1.00000000	1.00000000	0.00017762	0.91651826	0.93361748	0.06054251	0.00221361	0.00499435	0.04590887	0.00000003	0.00000030	0.04605066	0.00000060	0.00001827	0.01572482	0.00279377	0.00299098	0.00310255	0.62596033	0.73658263	0.02348552	0.25059324	0.41455077	0.8050074	NA	NA
PWY5667	PWY-5667: CDP-diacylglycerol biosynthesis I	N	0.00000021	1.00000000	1.00000000	0.09242537	0.00000000	0.00000000	0.10231139	0.00000111	0.00002182	0.03667144	0.00000000	0.00000000	0.01000272	0.04863870	0.13412491	0.00761017	0.07099000	0.07231444	0.01460578	0.04869968	0.10306210	0.05426679	0.00938941	0.05841765	0.6821061	NA	NA
PWY5675	PWY-5675: nitrate reduction V (assimilatory)	N	0.05842504	0.00000706	0.00007408	0.02722657	0.00000093	0.00000180	0.05004304	0.00913126	0.01661889	0.00000008	1.00000000	1.00000000	0.00000008	1.00000000	1.00000000	0.02895600	0.00000818	0.00001170	0.02416001	0.00138387	0.00712823	0.02681709	0.20892248	0.37953894	0.7843721	NA	NA
PWY5676	PWY-5676: acetyl-CoA fermentation to butanoate II	N	0.00034181	0.87331129	0.99754804	0.04246966	0.00000000	0.00000000	0.00000034	1.00000000	1.00000000	0.00657753	0.07606089	0.13483521	0.05237619	0.00000003	0.00000239	0.03139655	0.00000006	0.00000012	0.00000008	1.00000000	1.00000000	0.03836794	0.03929103	0.11918279	0.8284699	NA	NA
PWY5686	PWY-5686: UMP biosynthesis I	N	0.01293494	0.01671121	0.04303926	0.06274326	0.00000000	0.00000000	0.08668436	0.00006572	0.00033851	0.01865259	0.00064109	0.00213435	0.00110019	0.80627081	1.00000000	0.03208535	0.00000029	0.00000055	0.01147435	0.09009316	0.16472237	0.00000005	0.99889346	1.00000000	0.7743249	NA	NA
PWY5695	PWY-5695: inosine 5'-phosphate degradation	N	0.00407550	0.23047249	0.35749426	0.04451186	0.00000000	0.00000000	0.10740715	0.00001583	0.00014898	0.05301814	0.00000000	0.00000000	0.00231810	0.58838874	0.86360283	0.02482804	0.00013294	0.00015780	0.00169312	0.81415474	0.89262749	0.06245840	0.00913048	0.05841765	0.6996897	NA	NA
PWY5723	PWY-5723: Rubisco shunt	N	0.00411648	0.26717388	0.39111123	0.02302993	0.00000236	0.00000420	0.01821653	0.33458594	0.36246810	0.00627830	0.15139400	0.25048825	0.00714938	0.23126984	0.41812362	0.04380903	0.00000000	0.00000001	0.01097052	0.13171531	0.22060294	0.04932598	0.02458592	0.09775485	0.8371038	NA	NA
PWY5837	PWY-5837: 2-carboxy-1,4-naphthoquinol biosynthesis	N	0.06102815	0.00041783	0.00203694	0.02255395	0.00002273	0.00003628	0.04252301	0.04479002	0.06237675	0.00061782	0.88572229	1.00000000	0.00000008	1.00000000	1.00000000	0.02942807	0.00000251	0.00000404	0.02727695	0.00042773	0.00343444	0.03422755	0.12629089	0.26387078	0.7823444	NA	NA
PWY5838	PWY-5838: superpathway of menaquinol-8 biosynthesis I	N	0.05645539	0.00043347	0.00204028	0.01423454	0.00108360	0.00141876	0.05443655	0.01890617	0.03090649	0.00172025	0.68108447	0.87705689	0.00000008	1.00000000	1.00000000	0.03409176	0.00000012	0.00000024	0.02522417	0.00124302	0.00665384	0.03584697	0.12825455	0.26387078	0.7779903	NA	NA
PWY5840	PWY-5840: superpathway of menaquinol-7 biosynthesis	N	0.05731548	0.00024698	0.00137601	0.02497821	0.00000678	0.00001178	0.04378327	0.03969397	0.05703396	0.00000025	1.00000000	1.00000000	0.00000008	1.00000000	1.00000000	0.02897907	0.00000260	0.00000414	0.02647309	0.00072515	0.00482845	0.03967869	0.07657723	0.19537930	0.7787918	NA	NA
PWY5897	PWY-5897: superpathway of menaquinol-11 biosynthesis	N	0.06277755	0.00028968	0.00149215	0.02342140	0.00001390	0.00002322	0.04189735	0.04736414	0.06338436	0.00000032	1.00000000	1.00000000	0.00000008	0.99880933	1.00000000	0.02815889	0.00000526	0.00000784	0.02666927	0.00054712	0.00393066	0.03627833	0.10412831	0.24481981	0.7807968	NA	NA
PWY5898	PWY-5898: superpathway of menaquinol-12 biosynthesis	N	0.06277755	0.00028968	0.00149215	0.02342140	0.00001390	0.00002322	0.04189735	0.04736414	0.06338436	0.00000032	1.00000000	1.00000000	0.00000008	0.99880933	1.00000000	0.02815889	0.00000526	0.00000784	0.02666927	0.00054712	0.00393066	0.03627833	0.10412831	0.24481981	0.7807968	NA	NA
PWY5899	PWY-5899: superpathway of menaquinol-13 biosynthesis	N	0.06277755	0.00028968	0.00149215	0.02342140	0.00001390	0.00002322	0.04189735	0.04736414	0.06338436	0.00000032	1.00000000	1.00000000	0.00000008	0.99880933	1.00000000	0.02815889	0.00000526	0.00000784	0.02666927	0.00054712	0.00393066	0.03627833	0.10412831	0.24481981	0.7807968	NA	NA
PWY5910	PWY-5910: superpathway of geranylgeranyldiphosphate biosynthesis I (via mevalonate)	N	0.01287388	0.15156569	0.26695119	0.09826725	0.00000000	0.00000000	0.10549545	0.00000542	0.00005478	0.00071078	0.81412378	1.00000000	0.01387176	0.05524611	0.14657677	0.03841268	0.00000000	0.00000000	0.02017022	0.01252147	0.03351334	0.06839234	0.00205015	0.03498064	0.6418056	NA	NA
PWY5913	PWY-5913: partial TCA cycle (obligate autotrophs)	N	0.01430604	0.31755156	0.44917915	0.08237966	0.00000000	0.00000000	0.13431127	0.00000001	0.00000069	0.00210044	0.53851963	0.72421605	0.00749607	0.18969208	0.36570459	0.02834823	0.00002376	0.00003196	0.00304041	0.68307122	0.78352287	0.05704294	0.00939380	0.05841765	0.6709749	NA	NA
PWY5941	PWY-5941: glycogen degradation II	N	0.01255683	0.10451562	0.20425286	0.03374147	0.00000000	0.00000000	0.07474531	0.00039274	0.00135718	0.05249649	0.00000000	0.00000002	0.00367622	0.55013087	0.81695357	0.04455466	0.00000000	0.00000000	0.00709732	0.26953320	0.37929156	0.01847330	0.38065521	0.52220539	0.7526584	NA	NA
PWY5973	PWY-5973: cis-vaccenate biosynthesis	N	0.00000007	1.00000000	1.00000000	0.01982019	0.00000123	0.00000229	0.07781656	0.00050894	0.00157412	0.08326412	0.00000000	0.00000000	0.00291954	0.57322567	0.84589518	0.02806216	0.00001177	0.00001639	0.01489701	0.03039208	0.07152618	0.03876092	0.08345002	0.20524193	0.7344594	NA	NA
PWY5981	PWY-5981: CDP-diacylglycerol biosynthesis III	N	0.00023117	0.90401232	1.00000000	0.11422640	0.00000000	0.00000000	0.12817278	0.00000005	0.00000300	0.00388458	0.04171105	0.07799395	0.01195626	0.04152201	0.12188720	0.01645706	0.00227919	0.00244968	0.00678458	0.37999444	0.50358486	0.09656305	0.00000713	0.00097277	0.6217241	NA	NA
PWY5989	PWY-5989: stearate biosynthesis II (bacteria and plants)	N	0.06227949	0.00355664	0.01155906	0.02348150	0.00000833	0.00001430	0.04803720	0.03080644	0.04620965	0.00000028	1.00000000	1.00000000	0.00326789	0.59358091	0.86656464	0.03758643	0.00000003	0.00000006	0.02185989	0.00344918	0.01405412	0.03588127	0.11330363	0.24549120	0.7676060	NA	NA
PWY6121	PWY-6121: 5-aminoimidazole ribonucleotide biosynthesis I	N	0.00378468	0.56148678	0.70767819	0.04499491	0.00000000	0.00000000	0.09168590	0.00003133	0.00023480	0.00385603	0.18477122	0.30318011	0.00000008	0.96793897	1.00000000	0.04617455	0.00000000	0.00000000	0.01065164	0.16630010	0.26242732	0.05051751	0.02793408	0.10305411	0.7483347	NA	NA
PWY6122	PWY-6122: 5-aminoimidazole ribonucleotide biosynthesis II	N	0.00531541	0.38156792	0.51088717	0.06025598	0.00000000	0.00000000	0.10169437	0.00000267	0.00003314	0.00425706	0.10515525	0.17942114	0.00000008	0.99706068	1.00000000	0.04398230	0.00000000	0.00000001	0.00463886	0.50076256	0.62423826	0.02830904	0.21270864	0.37953894	0.7515469	NA	NA
PWY6123	PWY-6123: inosine-5'-phosphate biosynthesis I	N	0.01283157	0.17105654	0.29186522	0.10010387	0.00000000	0.00000000	0.05063534	0.00432220	0.00874044	0.06117841	0.00000099	0.00000793	0.00942955	0.07262908	0.17703339	0.02868197	0.00000158	0.00000263	0.00925124	0.13690798	0.22790169	0.01569790	0.42670681	0.57232400	0.7121902	NA	NA
PWY6124	PWY-6124: inosine-5'-phosphate biosynthesis II	N	0.01533471	0.14576869	0.26009707	0.10172456	0.00000000	0.00000000	0.04855823	0.00612273	0.01177116	0.06098323	0.00000193	0.00001387	0.00914405	0.08356949	0.19499547	0.02903920	0.00000106	0.00000187	0.01005038	0.10807168	0.19083829	0.02012230	0.30820535	0.46486221	0.7050433	NA	NA
PWY6125	PWY-6125: superpathway of guanosine nucleotides de novo biosynthesis II	N	0.00476754	0.60903893	0.75234221	0.02516911	0.00000002	0.00000005	0.07635470	0.00061558	0.00180701	0.01752150	0.00069493	0.00220601	0.00000008	1.00000000	1.00000000	0.04779913	0.00000000	0.00000000	0.00275927	0.71591709	0.81435569	0.06531873	0.00650188	0.05546915	0.7603099	NA	NA
PWY6126	PWY-6126: superpathway of adenosine nucleotides de novo biosynthesis II	N	0.00344681	0.65344556	0.79686130	0.02620462	0.00000001	0.00000001	0.07404983	0.00070350	0.00195975	0.01658162	0.00068893	0.00220601	0.00000008	1.00000000	1.00000000	0.04725339	0.00000000	0.00000000	0.00137936	0.85109524	0.92201984	0.06502496	0.00616364	0.05429402	0.7660593	NA	NA
PWY6143	PWY-6143: CMP-pseudaminate biosynthesis	N	0.22653166	0.00000005	0.00000099	0.03250823	0.00000000	0.00000000	0.03829950	0.02375692	0.03706080	0.01418199	0.00302641	0.00772158	0.01710811	0.00533660	0.02142488	0.01568363	0.00070871	0.00078015	0.00769500	0.21055129	0.31410111	0.07353874	0.00003476	0.00237233	0.5744531	NA	NA
PWY6147	PWY-6147: 6-hydroxymethyl-dihydropterin diphosphate biosynthesis I	N	0.00083103	0.86720581	0.99473607	0.08990244	0.00000000	0.00000000	0.09263373	0.00000408	0.00004555	0.00000007	0.98638906	1.00000000	0.00958246	0.14222637	0.28975970	0.03602801	0.00000060	0.00000110	0.02676989	0.00067583	0.00461257	0.02798287	0.16776159	0.31804801	0.7162695	NA	NA
PWY6151	PWY-6151: S-adenosyl-L-methionine salvage I	N	0.00208889	0.58236195	0.72928813	0.01716338	0.00002740	0.00004324	0.06272085	0.00315178	0.00672215	0.03182489	0.00000638	0.00003871	0.00017299	0.97949482	1.00000000	0.06864400	0.00000000	0.00000000	0.00538561	0.41541813	0.54004357	0.02447405	0.26870775	0.43406637	0.7875253	NA	NA
PWY6163	PWY-6163: chorismate biosynthesis from 3-dehydroquinate	N	0.07185666	0.00000000	0.00000000	0.07733781	0.00000000	0.00000000	0.04896070	0.01160758	0.02068620	0.03922596	0.00000000	0.00000001	0.00008479	0.98130535	1.00000000	0.02108586	0.00005755	0.00007447	0.00515277	0.43307475	0.55768588	0.05289625	0.01043734	0.06001083	0.6833992	NA	NA
PWY621	PWY-621: sucrose degradation III (sucrose invertase)	N	0.00344240	0.23880848	0.36019180	0.01005692	0.00177346	0.00222090	0.01262704	0.47098621	0.50423230	0.02736052	0.00000922	0.00005353	0.04096098	0.00000058	0.00001827	0.01122349	0.05373838	0.05515255	0.00786376	0.24158021	0.34894920	0.04547989	0.02661807	0.10027706	0.8409850	NA	NA
PWY622	PWY-622: starch biosynthesis	N	0.12502709	0.00049968	0.00231208	0.08076593	0.00000000	0.00000000	0.07682103	0.00000037	0.00001278	0.16240942	0.00041377	0.00154740	0.00000004	0.98886778	1.00000000	0.04180900	0.00000000	0.00000000	0.04212822	0.00000000	0.00000003	0.02692656	0.05540053	0.15433006	0.4441127	NA	NA
PWY6270	PWY-6270: isoprene biosynthesis I	N	0.10040388	0.00000008	0.00000149	0.04403658	0.00000000	0.00000000	0.05362169	0.00077507	0.00211595	0.01601799	0.00133197	0.00374874	0.00119015	0.79237425	1.00000000	0.02184144	0.00022201	0.00025901	0.02232605	0.00046801	0.00365050	0.00000012	0.99616376	1.00000000	0.7405621	NA	NA
PWY6277	PWY-6277: superpathway of 5-aminoimidazole ribonucleotide biosynthesis	N	0.00531541	0.38156792	0.51088717	0.06025598	0.00000000	0.00000000	0.10169437	0.00000267	0.00003314	0.00425706	0.10515525	0.17942114	0.00000008	0.99706068	1.00000000	0.04398230	0.00000000	0.00000001	0.00463886	0.50076256	0.62423826	0.02830904	0.21270864	0.37953894	0.7515469	NA	NA
PWY6282	PWY-6282: palmitoleate biosynthesis I (from (5Z)-dodec-5-enoate)	N	0.06512399	0.00086209	0.00373572	0.03217432	0.00000006	0.00000013	0.04556648	0.04312725	0.06084889	0.00000008	1.00000000	1.00000000	0.00102648	0.84800030	1.00000000	0.03522787	0.00000006	0.00000012	0.01953649	0.00897864	0.02754122	0.04760813	0.03596027	0.11587073	0.7537362	NA	NA
PWY6292	PWY-6292: superpathway of L-cysteine biosynthesis (mammalian)	N	0.02058830	0.00392610	0.01246309	0.04048866	0.00000000	0.00000001	0.04834376	0.03063324	0.04620372	0.00000008	1.00000000	1.00000000	0.01607140	0.02404324	0.08308615	0.03550969	0.00000001	0.00000002	0.02187831	0.00467726	0.01749169	0.06597164	0.00267752	0.04060912	0.7511482	NA	NA
PWY6293	PWY-6293: superpathway of L-cysteine biosynthesis (fungi)	N	0.00961246	0.05164426	0.11279105	0.06604743	0.00000000	0.00000000	0.08724973	0.00003817	0.00024230	0.00129464	0.59051955	0.77134851	0.01984838	0.01459241	0.05532957	0.04353859	0.00000000	0.00000001	0.01914746	0.01012550	0.02909748	0.03330040	0.11318746	0.24549120	0.7199609	NA	NA
PWY6305	PWY-6305: superpathway of putrescine biosynthesis	N	0.00835883	0.13855367	0.25250529	0.01870987	0.00002925	0.00004563	0.05161588	0.00123544	0.00312772	0.01326099	0.02115641	0.04278296	0.02441152	0.00353155	0.01555022	0.03349930	0.00000037	0.00000069	0.02104638	0.00246713	0.01101446	0.00000004	0.99084271	1.00000000	0.8290972	NA	NA
PWY6317	PWY-6317: D-galactose degradation I (Leloir pathway)	N	0.02959390	0.05014621	0.11040254	0.05423055	0.00000000	0.00000000	0.06947052	0.00021502	0.00094619	0.04631276	0.00000001	0.00000013	0.00208217	0.64563602	0.93258536	0.03737868	0.00000014	0.00000028	0.00000007	1.00000000	1.00000000	0.03550469	0.07017904	0.18347157	0.7254266	NA	NA
PWY6353	PWY-6353: purine nucleotides degradation II (aerobic)	N	0.00913322	0.03487864	0.08069380	0.02265867	0.00000034	0.00000069	0.02446238	0.12600329	0.14827112	0.01411780	0.00684513	0.01590735	0.04493080	0.00000507	0.00009232	0.02658276	0.00003723	0.00004911	0.00787651	0.22039919	0.32348914	0.03686877	0.05786884	0.15957771	0.8133691	NA	NA
PWY6385	PWY-6385: peptidoglycan biosynthesis III (mycobacteria)	N	0.00072501	0.84699652	0.98122309	0.00100303	0.71173555	0.73322190	0.02149636	0.24565017	0.27484630	0.06844905	0.00000000	0.00000000	0.00000008	1.00000000	1.00000000	0.04335082	0.00000000	0.00000000	0.03558227	0.00000094	0.00005878	0.01909540	0.36833027	0.51303144	0.8102980	NA	NA
PWY6386	PWY-6386: UDP-N-acetylmuramoyl-pentapeptide biosynthesis II (lysine-containing)	N	0.01569596	0.19665070	0.31955739	0.00883418	0.02234187	0.02562744	0.03806787	0.05030179	0.06698726	0.04815952	0.00000000	0.00000006	0.00000008	0.98570131	1.00000000	0.04352130	0.00000000	0.00000000	0.03062293	0.00002734	0.00058422	0.01895507	0.37173357	0.51514347	0.7961431	NA	NA
PWY6387	PWY-6387: UDP-N-acetylmuramoyl-pentapeptide biosynthesis I (meso-diaminopimelate containing)	N	0.00348566	0.28650054	0.40950077	0.00427156	0.14507563	0.15410758	0.04184138	0.04677475	0.06338436	0.13698466	0.00000000	0.00000000	0.00823055	0.12738774	0.26547216	0.02167483	0.00004700	0.00006139	0.02334454	0.00108697	0.00618213	0.04912776	0.02607277	0.10027706	0.7110391	NA	NA
PWY6470	PWY-6470: peptidoglycan biosynthesis V (&beta;-lactam resistance)	N	0.00644179	0.10678973	0.20530702	0.00042440	0.80453278	0.82570470	0.00000051	1.00000000	1.00000000	0.00497111	0.28797576	0.43676323	0.01144197	0.11218778	0.23927550	0.07105902	0.00000000	0.00000000	0.00510850	0.36900461	0.49140614	0.00000017	1.00000000	1.00000000	0.9005525	NA	NA
PWY6507	PWY-6507: 4-deoxy-L-threo-hex-4-enopyranuronate degradation	N	0.06284298	0.01486812	0.03979410	0.01429285	0.00010318	0.00014825	0.03006211	0.04016469	0.05740816	0.02319449	0.00036874	0.00139815	0.02873597	0.00127380	0.00643978	0.03769429	0.00000000	0.00000001	0.00603649	0.30728421	0.42155070	0.03217943	0.07056599	0.18347157	0.7649614	NA	NA
PWY6519	PWY-6519: 8-amino-7-oxononanoate biosynthesis I	N	0.04863080	0.00249710	0.00862921	0.02656300	0.00000122	0.00000229	0.04842141	0.03815764	0.05570607	0.00000008	1.00000000	1.00000000	0.00628916	0.31560035	0.54187985	0.03505833	0.00000006	0.00000013	0.01824853	0.01543788	0.03930171	0.04977272	0.03261296	0.11203207	0.7670160	NA	NA
PWY6527	PWY-6527: stachyose degradation	N	0.03956693	0.00229301	0.00834655	0.01143809	0.00023079	0.00031983	0.07076674	0.00051317	0.00157412	0.04704733	0.00000002	0.00000017	0.00000007	1.00000000	1.00000000	0.06704153	0.00000000	0.00000000	0.00000007	1.00000000	1.00000000	0.02970470	0.14713960	0.29108052	0.7344345	NA	NA
PWY6531	PWY-6531: mannitol cycle	N	0.00222355	0.49185278	0.63337645	0.00511397	0.04546203	0.04984392	0.06929110	0.00048722	0.00152886	0.02765034	0.00001050	0.00005970	0.01828782	0.01103537	0.04366168	0.03153990	0.00001956	0.00002643	0.00947706	0.16316366	0.26048935	0.00000019	1.00000000	1.00000000	0.8364161	NA	NA
PWY6545	PWY-6545: pyrimidine deoxyribonucleotides de novo biosynthesis III	N	0.00455025	0.23689546	0.35975969	0.05091238	0.00000000	0.00000000	0.06667305	0.00118668	0.00305625	0.00000008	1.00000000	1.00000000	0.01262824	0.05312387	0.14502818	0.03749305	0.00000019	0.00000037	0.01285919	0.08639531	0.16154740	0.04959559	0.01922157	0.08199200	0.7652882	NA	NA
PWY6549	PWY-6549: L-glutamine biosynthesis III	N	0.00000003	0.99791669	1.00000000	0.06071919	0.00000000	0.00000000	0.09205923	0.00003785	0.00024230	0.00000007	1.00000000	1.00000000	0.01487475	0.02974531	0.09667226	0.03905908	0.00000006	0.00000013	0.00000032	1.00000000	1.00000000	0.05331738	0.01495953	0.07164826	0.7399699	NA	NA
PWY6562	PWY-6562: norspermidine biosynthesis	N	0.09283326	0.00000151	0.00001918	0.00507761	0.03132335	0.03490316	0.00510682	0.72321453	0.75357849	0.09523763	0.00000000	0.00000000	0.00000007	1.00000000	1.00000000	0.02463551	0.00000742	0.00001072	0.00249252	0.66340703	0.76417771	0.03631029	0.03886145	0.11918279	0.7383063	NA	NA
PWY6565	PWY-6565: superpathway of polyamine biosynthesis III	N	0.09222122	0.00000162	0.00001918	0.00524615	0.02845829	0.03197166	0.00477921	0.73932391	0.76743509	0.09553612	0.00000000	0.00000000	0.00000007	1.00000000	1.00000000	0.02441360	0.00000847	0.00001204	0.00298294	0.60369407	0.71655861	0.03587779	0.04109676	0.12329027	0.7389429	NA	NA
PWY6588	PWY-6588: pyruvate fermentation to acetone	N	0.03167149	0.00059280	0.00265302	0.01457304	0.00170472	0.00214465	0.04028527	0.02560705	0.03972003	0.00332892	0.50783846	0.68633614	0.03304479	0.00022662	0.00193339	0.02705605	0.00002629	0.00003501	0.03079008	0.00011902	0.00129967	0.03388143	0.09443880	0.22815746	0.7853689	NA	NA
PWY6590	PWY-6590: superpathway of Clostridium acetobutylicum acidogenic fermentation	N	0.06825630	0.00031629	0.00156995	0.00835283	0.00847405	0.01010225	0.00873259	0.63734091	0.67439561	0.00465409	0.39963595	0.56145685	0.03238810	0.00175619	0.00805316	0.06128729	0.00000000	0.00000000	0.00042902	0.94361679	1.00000000	0.06602817	0.00076539	0.02089513	0.7498716	NA	NA
PWY6595	PWY-6595: superpathway of guanosine nucleotides degradation (plants)	N	0.01054085	0.04068207	0.09255170	0.00597669	0.03641695	0.04025031	0.06124949	0.00045455	0.00147728	0.00597475	0.20368624	0.32518330	0.06255187	0.00000004	0.00000239	0.03228569	0.00000148	0.00000253	0.01160856	0.05651349	0.11777239	0.00000017	0.99242239	1.00000000	0.8098119	NA	NA
PWY6606	PWY-6606: guanosine nucleotides degradation II	N	0.01217293	0.01508508	0.03998278	0.01438277	0.00056973	0.00076243	0.03910271	0.03733086	0.05479206	0.00509044	0.23990734	0.36794777	0.03165676	0.00018381	0.00179215	0.02558067	0.00010302	0.00012555	0.01315893	0.04377746	0.09796103	0.02367697	0.25336774	0.41455077	0.8351778	NA	NA
PWY6607	PWY-6607: guanosine nucleotides degradation I	N	0.01374235	0.00406197	0.01274619	0.06451164	0.00000000	0.00000000	0.06085936	0.00078987	0.00213499	0.00000008	1.00000000	1.00000000	0.02649047	0.00099602	0.00543828	0.03187957	0.00000558	0.00000823	0.01728827	0.01339457	0.03550211	0.03074710	0.11309492	0.24549120	0.7544812	NA	NA
PWY6608	PWY-6608: guanosine nucleotides degradation III	N	0.01042091	0.01824425	0.04611741	0.02054597	0.00001906	0.00003097	0.03771252	0.03476074	0.05157435	0.00378645	0.39631436	0.56145685	0.00038430	0.94471031	1.00000000	0.04694579	0.00000000	0.00000000	0.02063253	0.00441968	0.01723677	0.02621427	0.21456489	0.38036503	0.8333573	NA	NA
PWY6609	PWY-6609: adenine and adenosine salvage III	N	0.17939187	0.00003289	0.00025654	0.07574441	0.00000000	0.00000000	0.08592180	0.00000033	0.00001278	0.00221117	0.47095062	0.64284759	0.00000006	1.00000000	1.00000000	0.03221605	0.00000000	0.00000000	0.01157499	0.05861592	0.12031689	0.03564912	0.03853592	0.11918279	0.5772905	NA	NA
PWY6628	PWY-6628: superpathway of L-phenylalanine biosynthesis	N	0.00066671	0.78649576	0.92548854	0.00734896	0.00373096	0.00462979	0.00000020	1.00000000	1.00000000	0.01004025	0.01402811	0.02968739	0.01653414	0.01920566	0.06898873	0.04207107	0.00000000	0.00000001	0.00000009	1.00000000	1.00000000	0.03843829	0.01398289	0.06940598	0.8849003	NA	NA
PWY6630	PWY-6630: superpathway of L-tyrosine biosynthesis	N	0.00000009	1.00000000	1.00000000	0.00850298	0.00157769	0.00200330	0.00000045	1.00000000	1.00000000	0.01314663	0.00191066	0.00511383	0.02596756	0.00249746	0.01117714	0.04739507	0.00000000	0.00000000	0.00000009	1.00000000	1.00000000	0.03571068	0.03180625	0.11203207	0.8692764	NA	NA
PWY66391	PWY66-391: fatty acid &beta;-oxidation VI (mammalian peroxisome)	N	0.03684030	0.00000101	0.00001460	0.01152084	0.00624629	0.00757883	0.04240861	0.04095474	0.05823252	0.00000008	1.00000000	1.00000000	0.02784477	0.00035295	0.00253570	0.02672868	0.00000529	0.00000784	0.02238872	0.00623558	0.02182453	0.06486118	0.00351037	0.05043853	0.7674068	NA	NA
PWY66399	PWY66-399: gluconeogenesis III	N	0.12516099	0.00000000	0.00000004	0.06035053	0.00000000	0.00000000	0.00000032	1.00000000	1.00000000	0.01608400	0.06256803	0.11311968	0.02036470	0.08884837	0.20555598	0.04915528	0.00000000	0.00000000	0.00916050	0.10076388	0.18097724	0.03890036	0.00797339	0.05841765	0.6808233	NA	NA
PWY66409	PWY66-409: superpathway of purine nucleotide salvage	N	0.00000005	1.00000000	1.00000000	0.00677063	0.02025915	0.02343537	0.04851928	0.01285735	0.02207582	0.02305046	0.00156153	0.00422076	0.00000009	1.00000000	1.00000000	0.03263959	0.00000176	0.00000290	0.00878230	0.14937248	0.24412016	0.00000014	1.00000000	1.00000000	0.8802374	NA	NA
PWY66429	PWY66-429: fatty acid biosynthesis initiation (mitochondria)	N	0.04770651	0.00019109	0.00110994	0.03625186	0.00000002	0.00000004	0.09722146	0.00000423	0.00004555	0.01115670	0.00289561	0.00745757	0.00212265	0.72773104	1.00000000	0.04111698	0.00000000	0.00000000	0.03158175	0.00005988	0.00090820	0.01915749	0.36307401	0.50984720	0.7136846	NA	NA
PWY6700	PWY-6700: queuosine biosynthesis I (de novo)	N	0.11975836	0.00000122	0.00001664	0.01465582	0.00068079	0.00090662	0.10686749	0.00000344	0.00004080	0.00249452	0.46265098	0.63469204	0.00478011	0.46375533	0.72345831	0.03891789	0.00000003	0.00000008	0.03121651	0.00003773	0.00064375	0.01837414	0.39714378	0.53940424	0.6629352	NA	NA
PWY6703	PWY-6703: preQ0 biosynthesis	N	0.00022718	0.95101149	1.00000000	0.02882580	0.00000000	0.00000001	0.10084814	0.00001239	0.00012085	0.02806300	0.00000792	0.00004698	0.00135151	0.80683571	1.00000000	0.05591641	0.00000000	0.00000000	0.00812882	0.25025378	0.35769257	0.01315272	0.56601395	0.71537874	0.7634864	NA	NA
PWY6731	PWY-6731: starch degradation III	N	0.00470551	0.14248973	0.25591905	0.02796999	0.00000002	0.00000005	0.05436494	0.00203807	0.00471519	0.02904276	0.00000015	0.00000131	0.01352917	0.06723068	0.16869170	0.03420716	0.00000031	0.00000060	0.00825640	0.21771005	0.32233433	0.01597346	0.43875218	0.58145313	0.8119506	NA	NA
PWY6749	PWY-6749: CMP-legionaminate biosynthesis I	N	0.00573411	0.24434596	0.36651894	0.00588493	0.02544593	0.02870553	0.03719576	0.03286943	0.04903472	0.03161030	0.00058767	0.00208354	0.02466433	0.00053804	0.00326413	0.01683844	0.01106970	0.01144708	0.00468834	0.45875846	0.58097520	0.01899629	0.35264384	0.50404067	0.8543875	NA	NA
PWY6803	PWY-6803: phosphatidylcholine acyl editing	N	0.04120977	0.04173423	0.09416070	0.01669997	0.00013451	0.00018929	0.07263143	0.00038532	0.00134861	0.00533759	0.22202200	0.35021666	0.00000008	1.00000000	1.00000000	0.02437892	0.00014592	0.00017171	0.01826932	0.01067967	0.03005720	0.00733950	0.73978032	0.89760012	0.8141334	NA	NA
PWY6823	PWY-6823: molybdopterin biosynthesis	N	0.03387143	0.00931438	0.02676660	0.04293252	0.00000000	0.00000000	0.01625882	0.26432393	0.29214750	0.01385845	0.03102465	0.06049806	0.03357255	0.00062959	0.00369374	0.06499970	0.00000000	0.00000000	0.00762455	0.19282805	0.29574190	0.01891831	0.23882260	0.41005390	0.7679636	NA	NA
PWY6859	PWY-6859: all-trans-farnesol biosynthesis	N	0.00657142	0.18570927	0.30681244	0.09666123	0.00000000	0.00000000	0.09110246	0.00003573	0.00024230	0.00000007	0.98545923	1.00000000	0.01112738	0.11543940	0.24430199	0.04265663	0.00000000	0.00000001	0.02212123	0.00512902	0.01866964	0.05282074	0.01131990	0.06180666	0.6769388	NA	NA
PWY6876	PWY-6876: isopropanol biosynthesis (engineered)	N	0.00422185	0.41208097	0.54610730	0.01699336	0.00007540	0.00011248	0.02991613	0.12110948	0.14375169	0.00721916	0.14105688	0.23480809	0.03130706	0.00004070	0.00048109	0.02806682	0.00007764	0.00009591	0.01399507	0.03825034	0.08775079	0.01490155	0.51159931	0.65571179	0.8533790	NA	NA
PWY6895	PWY-6895: superpathway of thiamine diphosphate biosynthesis II	N	0.03380512	0.00336865	0.01121514	0.02015630	0.00004100	0.00006218	0.04322984	0.02275387	0.03590640	0.00000003	0.99171861	1.00000000	0.00000008	0.99043630	1.00000000	0.04139898	0.00000000	0.00000000	0.02142224	0.00278001	0.01149912	0.01096525	0.61028531	0.76777829	0.8290222	NA	NA
PWY6897	PWY-6897: thiamine diphosphate salvage II	N	0.00000030	1.00000000	1.00000000	0.00806309	0.00387307	0.00476283	0.00000019	1.00000000	1.00000000	0.01657612	0.00537503	0.01275986	0.02303522	0.00161510	0.00773546	0.03691484	0.00000000	0.00000001	0.00108407	0.85791861	0.92209362	0.04569770	0.00387837	0.05070202	0.8686285	NA	NA
PWY6901	PWY-6901: superpathway of glucose and xylose degradation	N	0.06777338	0.00000270	0.00003073	0.05799991	0.00000000	0.00000000	0.04800116	0.00709511	0.01354521	0.00034400	0.93332707	1.00000000	0.01344917	0.06907010	0.17141943	0.04243728	0.00000000	0.00000000	0.00584600	0.32983119	0.45021958	0.03348986	0.08105908	0.20117390	0.7306592	NA	NA
PWY6936	PWY-6936: seleno-amino acid biosynthesis (plants)	N	0.02793254	0.12685775	0.23559297	0.10051922	0.00000000	0.00000000	0.12337670	0.00000006	0.00000300	0.00000009	1.00000000	1.00000000	0.00327317	0.54528395	0.81695357	0.03525343	0.00000091	0.00000161	0.01121779	0.12857945	0.21668018	0.05456415	0.00984327	0.05841765	0.6438629	NA	NA
PWY6953	PWY-6953: dTDP-3-acetamido-&alpha;-D-fucose biosynthesis	N	0.00142187	0.65030326	0.79686130	0.03798890	0.00000000	0.00000000	0.03101412	0.09361466	0.11409287	0.01032143	0.02188492	0.04393076	0.04132071	0.00000243	0.00005100	0.02436059	0.00037916	0.00043310	0.01136856	0.11075891	0.19382809	0.02836676	0.19568700	0.36509246	0.8138371	NA	NA
PWY6961	PWY-6961: L-ascorbate degradation II (bacterial, aerobic)	N	0.04081817	0.02967562	0.07106531	0.00313339	0.24919694	0.26165679	0.04079294	0.06645656	0.08438438	0.00446401	0.29576228	0.44229275	0.00000008	1.00000000	1.00000000	0.02842186	0.00000730	0.00001060	0.01941735	0.01032608	0.02936479	0.03344649	0.15499249	0.30009183	0.8295057	NA	NA
PWY6969	PWY-6969: TCA cycle V (2-oxoglutarate synthase)	N	0.00967575	0.10112249	0.20004667	0.01731220	0.00009030	0.00013044	0.04973218	0.00478871	0.00940517	0.04308023	0.00000155	0.00001198	0.03655032	0.00021776	0.00191770	0.02966830	0.00000040	0.00000076	0.02169983	0.00170005	0.00843845	0.02132097	0.29298260	0.45229073	0.7709602	NA	NA
PWY702	PWY-702: L-methionine biosynthesis II	N	0.00060529	0.82216999	0.95919832	0.01158267	0.00009014	0.00013044	0.01383460	0.38582830	0.41468948	0.01698225	0.00057964	0.00208214	0.02701876	0.00044224	0.00294469	0.03081896	0.00000211	0.00000348	0.00120406	0.83547150	0.91177679	0.00085591	0.96330016	1.00000000	0.8970975	NA	NA
PWY7090	PWY-7090: UDP-2,3-diacetamido-2,3-dideoxy-&alpha;-D-mannuronate biosynthesis	N	0.00766025	0.20955195	0.33850700	0.00954873	0.00464005	0.00568042	0.02645995	0.19983412	0.22731131	0.03284964	0.00000406	0.00002519	0.04960037	0.00001205	0.00016443	0.02283828	0.00508592	0.00538162	0.01176892	0.07576875	0.14670119	0.02282246	0.30238927	0.45862373	0.8164514	NA	NA
PWY7111	PWY-7111: pyruvate fermentation to isobutanol (engineered)	N	0.00133405	0.74127810	0.87986487	0.01215235	0.00166627	0.00210599	0.05245518	0.01745331	0.02905338	0.01701783	0.00916900	0.02042233	0.01522525	0.03534623	0.10721691	0.04449332	0.00000000	0.00000001	0.01247931	0.08622473	0.16154740	0.05882937	0.00744322	0.05841765	0.7860133	NA	NA
PWY7115	PWY-7115: C4 photosynthetic carbon assimilation cycle, NAD-ME type	N	0.10527540	0.13649337	0.25177494	0.02698178	0.00000056	0.00000110	0.05716116	0.00069881	0.00195975	0.04403112	0.00016100	0.00064436	0.01560805	0.20143915	0.37926130	0.04015598	0.00000000	0.00000000	0.03297215	0.00000743	0.00025994	0.02044761	0.24897837	0.41455077	0.6573668	NA	NA
PWY7117	PWY-7117: C4 photosynthetic carbon assimilation cycle, PEPCK type	N	0.00000008	0.99670355	1.00000000	0.08964902	0.00000000	0.00000000	0.08529873	0.00005185	0.00030118	0.00668064	0.07454835	0.13301765	0.00963556	0.09691636	0.21866252	0.02965375	0.00001483	0.00002045	0.00298070	0.64217383	0.74601470	0.01738680	0.42559801	0.57232400	0.7587147	NA	NA
PWY7118	PWY-7118: chitin deacetylation	N	0.05887998	0.00352601	0.01155906	0.01772866	0.00012125	0.00017151	0.06183754	0.00254570	0.00565021	0.00647373	0.19790396	0.31781048	0.00000008	1.00000000	1.00000000	0.04424935	0.00000000	0.00000000	0.02106462	0.00451976	0.01737879	0.02854058	0.19658825	0.36509246	0.7612254	NA	NA
PWY7184	PWY-7184: pyrimidine deoxyribonucleotides de novo biosynthesis I	N	0.00394733	0.28487790	0.40932457	0.05438114	0.00000000	0.00000000	0.07389432	0.00036881	0.00130759	0.00000008	1.00000000	1.00000000	0.01178792	0.06470465	0.16664500	0.03665711	0.00000020	0.00000040	0.01331375	0.07746882	0.14893654	0.04562399	0.03131774	0.11203207	0.7603944	NA	NA
PWY7197	PWY-7197: pyrimidine deoxyribonucleotide phosphorylation	N	0.00569576	0.32937016	0.46349512	0.03082639	0.00000000	0.00000000	0.07253392	0.00127731	0.00312772	0.02150911	0.00001156	0.00006309	0.00000008	0.97154019	1.00000000	0.03945974	0.00000000	0.00000001	0.00205908	0.78102234	0.87018881	0.07533085	0.00147551	0.03356791	0.7525851	NA	NA
PWY7198	PWY-7198: pyrimidine deoxyribonucleotides de novo biosynthesis IV	N	0.00511894	0.22700097	0.35412151	0.01863623	0.00001875	0.00003065	0.01916675	0.32935387	0.35822154	0.01997259	0.00583481	0.01373193	0.04501218	0.00003759	0.00046643	0.02673352	0.00000704	0.00001028	0.01133430	0.09589137	0.17336651	0.03857516	0.06107698	0.16674016	0.8154503	NA	NA
PWY7199	PWY-7199: pyrimidine deoxyribonucleosides salvage	N	0.11647842	0.00000000	0.00000010	0.08880667	0.00000000	0.00000000	0.04924610	0.00165286	0.00385666	0.00215277	0.37713637	0.53904832	0.00383300	0.21931584	0.40097354	0.00670188	0.15666113	0.15781731	0.00332676	0.58793155	0.70397067	0.04874435	0.00509240	0.05347017	0.6807100	NA	NA
PWY7208	PWY-7208: superpathway of pyrimidine nucleobases salvage	N	0.03044415	0.12597086	0.23554825	0.02085712	0.00000353	0.00000622	0.08330035	0.00031226	0.00121780	0.01677382	0.00090963	0.00275921	0.00000007	1.00000000	1.00000000	0.04200383	0.00000000	0.00000000	0.00713035	0.34125558	0.46271817	0.05971908	0.01294344	0.06591256	0.7397712	NA	NA
PWY7211	PWY-7211: superpathway of pyrimidine deoxyribonucleotides de novo biosynthesis	N	0.00617203	0.25132777	0.37289391	0.00592451	0.02335895	0.02664355	0.03831307	0.00508505	0.00991584	0.00398301	0.39828707	0.56145685	0.00000009	1.00000000	1.00000000	0.03039841	0.00000147	0.00000253	0.00000009	1.00000000	1.00000000	0.00000004	0.99723342	1.00000000	0.9152087	NA	NA
PWY7220	PWY-7220: adenosine deoxyribonucleotides de novo biosynthesis II	N	0.00273658	0.72508468	0.86819350	0.02561872	0.00000001	0.00000002	0.07684283	0.00052807	0.00158421	0.01695351	0.00071238	0.00221000	0.00000008	0.97566707	1.00000000	0.04919503	0.00000000	0.00000000	0.00194747	0.79050119	0.87018881	0.06579392	0.00606684	0.05429402	0.7609119	NA	NA
PWY7221	PWY-7221: guanosine ribonucleotides de novo biosynthesis	N	0.00329176	0.46412404	0.60050172	0.08146375	0.00000000	0.00000000	0.02533085	0.13553680	0.15870351	0.06676409	0.00002741	0.00013603	0.01057026	0.09081026	0.20659334	0.04697930	0.00000000	0.00000000	0.01556693	0.01455559	0.03784454	0.01505353	0.42767068	0.57232400	0.7349795	NA	NA
PWY7222	PWY-7222: guanosine deoxyribonucleotides de novo biosynthesis II	N	0.00273658	0.72508468	0.86819350	0.02561872	0.00000001	0.00000002	0.07684283	0.00052807	0.00158421	0.01695351	0.00071238	0.00221000	0.00000008	0.97566707	1.00000000	0.04919503	0.00000000	0.00000000	0.00194747	0.79050119	0.87018881	0.06579392	0.00606684	0.05429402	0.7609119	NA	NA
PWY7228	PWY-7228: superpathway of guanosine nucleotides de novo biosynthesis I	N	0.00685118	0.60306511	0.74834898	0.02775479	0.00000001	0.00000001	0.08388452	0.00033328	0.00126369	0.01635519	0.00061512	0.00212566	0.00000008	1.00000000	1.00000000	0.04855442	0.00000000	0.00000000	0.00330336	0.65147515	0.75361321	0.05965199	0.01462358	0.07128995	0.7536445	NA	NA
PWY7229	PWY-7229: superpathway of adenosine nucleotides de novo biosynthesis I	N	0.00172962	0.71351509	0.86190097	0.03225643	0.00000000	0.00000000	0.07204440	0.00071788	0.00197960	0.01514239	0.00047925	0.00174446	0.00000008	1.00000000	1.00000000	0.04824958	0.00000000	0.00000000	0.00000006	1.00000000	1.00000000	0.06118877	0.00811305	0.05841765	0.7693887	NA	NA
PWY7234	PWY-7234: inosine-5'-phosphate biosynthesis III	N	0.19382332	0.00000000	0.00000000	0.09209936	0.00000000	0.00000000	0.03857697	0.01197386	0.02095849	0.00000006	0.99719266	1.00000000	0.00662367	0.20918755	0.39115207	0.03273259	0.00000000	0.00000000	0.02379140	0.00015393	0.00161624	0.03313129	0.03911152	0.11918279	0.5792213	NA	NA
PWY7237	PWY-7237: myo-, chiro- and scyllo-inositol degradation	N	0.04018662	0.05552458	0.11851692	0.04506572	0.00000000	0.00000000	0.06220049	0.00021835	0.00094619	0.02513288	0.00139540	0.00384791	0.01226869	0.15141017	0.30171516	0.05912538	0.00000000	0.00000000	0.00415104	0.51628899	0.63776875	0.01604834	0.38601518	0.52691073	0.7358208	NA	NA
PWY7238	PWY-7238: sucrose biosynthesis II	N	0.02585593	0.00010075	0.00065486	0.14205516	0.00000000	0.00000000	0.05087135	0.00353299	0.00741929	0.00767645	0.01475880	0.03052388	0.00000007	1.00000000	1.00000000	0.02309379	0.00007273	0.00009066	0.00300998	0.63515194	0.74373285	0.04133215	0.03314197	0.11203207	0.7061051	NA	NA
PWY724	PWY-724: superpathway of L-lysine, L-threonine and L-methionine biosynthesis II	N	0.00323708	0.34351606	0.47846880	0.03621046	0.00000003	0.00000006	0.03754306	0.04511001	0.06237675	0.02294815	0.00001144	0.00006309	0.00000008	1.00000000	1.00000000	0.05318067	0.00000000	0.00000000	0.02796052	0.00028211	0.00256719	0.04377020	0.03324028	0.11203207	0.7751498	NA	NA
PWY7242	PWY-7242: D-fructuronate degradation	N	0.12884615	0.00093871	0.00394259	0.02391150	0.00000005	0.00000012	0.06549881	0.00003182	0.00023480	0.03552880	0.00000003	0.00000035	0.01680869	0.00507506	0.02099230	0.01990660	0.00042663	0.00048327	0.00413979	0.45101449	0.57535960	0.01216386	0.49441009	0.63968699	0.6931958	NA	NA
PWY7282	PWY-7282: 4-amino-2-methyl-5-diphosphomethylpyrimidine biosynthesis II	N	0.00522113	0.10496002	0.20425286	0.03472681	0.00000001	0.00000001	0.05820639	0.00844986	0.01558656	0.01902298	0.00004993	0.00022718	0.01276688	0.05485049	0.14657677	0.03161902	0.00000133	0.00000231	0.00981181	0.17317126	0.27169973	0.03152018	0.15675553	0.30136802	0.7971048	NA	NA
PWY7315	PWY-7315: dTDP-N-acetylthomosamine biosynthesis	N	0.18173584	0.00002895	0.00023249	0.04861727	0.00000000	0.00000000	0.05842217	0.00017158	0.00076791	0.01977461	0.00015449	0.00062949	0.00974332	0.02960601	0.09667226	0.01579735	0.00157724	0.00170193	0.00311134	0.57827409	0.69853463	0.03236474	0.05210357	0.14816951	0.6304334	NA	NA
PWY7316	PWY-7316: dTDP-N-acetylviosamine biosynthesis	N	0.00644139	0.02625171	0.06456502	0.00326754	0.12007951	0.12805354	0.05166529	0.00145952	0.00349517	0.00416895	0.29648195	0.44229275	0.04934758	0.00000002	0.00000239	0.02049909	0.00093896	0.00102534	0.00000028	1.00000000	1.00000000	0.00000005	1.00000000	1.00000000	0.8646098	NA	NA
PWY7323	PWY-7323: superpathway of GDP-mannose-derived O-antigen building blocks biosynthesis	N	0.00101258	0.65383491	0.79686130	0.00965938	0.00108616	0.00141876	0.02052114	0.19878034	0.22705871	0.01111523	0.02941598	0.05819248	0.06077536	0.00000000	0.00000132	0.02048549	0.00057533	0.00064371	0.00343352	0.55178828	0.66950312	0.02107141	0.27481621	0.43874167	0.8519259	NA	NA
PWY7328	PWY-7328: superpathway of UDP-glucose-derived O-antigen building blocks biosynthesis	N	0.03880978	0.00003764	0.00028542	0.00856467	0.00651836	0.00787395	0.02789429	0.10575505	0.12782921	0.00437312	0.30043191	0.44574953	0.01964702	0.03242205	0.10219273	0.05591413	0.00000000	0.00000000	0.00660194	0.27343929	0.38281501	0.02358974	0.21206578	0.37953894	0.8146053	NA	NA
PWY7345	PWY-7345: superpathway of anaerobic sucrose degradation	N	0.00480808	0.29244743	0.41582368	0.05072014	0.00000000	0.00000000	0.05290906	0.00309133	0.00672215	0.00479215	0.23263208	0.35880541	0.03575906	0.00011344	0.00114696	0.03588372	0.00000071	0.00000128	0.02340574	0.00118041	0.00657657	0.01548295	0.44324749	0.58457278	0.7762391	NA	NA
PWY7356	PWY-7356: thiamine diphosphate salvage IV (yeast)	N	0.01824767	0.00581366	0.01803556	0.01148013	0.00114596	0.00147569	0.01411548	0.28145330	0.30982561	0.00522559	0.33082878	0.48557128	0.03374669	0.00075362	0.00428620	0.04820821	0.00000000	0.00000000	0.01040233	0.06252943	0.12572783	0.00000018	0.98717687	1.00000000	0.8585737	NA	NA
PWY7357	PWY-7357: thiamine phosphate formation from pyrithiamine and oxythiamine (yeast)	N	0.03414704	0.00281873	0.00961890	0.00744977	0.01383190	0.01627633	0.00000036	0.99630951	1.00000000	0.00039228	0.93710018	1.00000000	0.02724731	0.00026347	0.00205506	0.04017632	0.00000000	0.00000000	0.00571338	0.34972446	0.47031911	0.03797670	0.03408918	0.11349204	0.8468968	NA	NA
PWY7383	PWY-7383: anaerobic energy metabolism (invertebrates, cytosol)	N	0.02056707	0.05992696	0.12584662	0.02096273	0.00002580	0.00004095	0.06261768	0.00113066	0.00293971	0.01274065	0.00410903	0.01019788	0.01851752	0.03533638	0.10721691	0.04947741	0.00000000	0.00000000	0.01381848	0.05809797	0.12015717	0.03093972	0.11455883	0.24625639	0.7703587	NA	NA
PWY7392	PWY-7392: taxadiene biosynthesis (engineered)	N	0.01025709	0.09079042	0.18224841	0.09937248	0.00000000	0.00000000	0.09306653	0.00002536	0.00020365	0.00000007	0.99269520	1.00000000	0.01217079	0.09015198	0.20659334	0.04082931	0.00000000	0.00000001	0.02261325	0.00462893	0.01749169	0.05908817	0.00473138	0.05347017	0.6626023	NA	NA
PWY7400	PWY-7400: L-arginine biosynthesis IV (archaebacteria)	N	0.00671398	0.12534051	0.23554825	0.03555626	0.00000000	0.00000000	0.03165713	0.12198680	0.14416622	0.00389490	0.34739591	0.50446320	0.01418017	0.02659027	0.08852615	0.02490173	0.00027687	0.00032028	0.01968058	0.00978245	0.02841074	0.05670486	0.01058380	0.06001083	0.8067104	NA	NA
PWY7456	PWY-7456: &beta;-(1,4)-mannan degradation	N	0.00000008	1.00000000	1.00000000	0.00159120	0.32925785	0.34439615	0.03908303	0.05527255	0.07185432	0.03018287	0.00000013	0.00000119	0.05741040	0.00000008	0.00000429	0.01834863	0.00104979	0.00114180	0.00000008	1.00000000	1.00000000	0.04183059	0.04207502	0.12485305	0.8115531	NA	NA
PWY7560	PWY-7560: methylerythritol phosphate pathway II	N	0.10492620	0.00000004	0.00000093	0.04733779	0.00000000	0.00000000	0.05700789	0.00035193	0.00127686	0.01583849	0.00122767	0.00352795	0.00038437	0.93002815	1.00000000	0.02257716	0.00014573	0.00017171	0.02298356	0.00033907	0.00289265	0.00000011	0.99631870	1.00000000	0.7289444	NA	NA
PWY7663	PWY-7663: gondoate biosynthesis (anaerobic)	N	0.00000007	1.00000000	1.00000000	0.02344010	0.00000011	0.00000022	0.08228781	0.00027410	0.00110044	0.08690278	0.00000000	0.00000000	0.00132115	0.78564436	1.00000000	0.02748468	0.00001594	0.00002187	0.01379575	0.04134187	0.09405276	0.03597271	0.10788134	0.24543004	0.7287949	NA	NA
PWY7664	PWY-7664: oleate biosynthesis IV (anaerobic)	N	0.06489080	0.00087988	0.00375323	0.03225149	0.00000006	0.00000013	0.04554285	0.04324060	0.06084889	0.00000008	1.00000000	1.00000000	0.00113230	0.83296225	1.00000000	0.03513242	0.00000006	0.00000013	0.01950317	0.00910786	0.02762717	0.04771029	0.03559561	0.11587073	0.7538366	NA	NA
PWY7688	PWY-7688: dTDP-&alpha;-D-ravidosamine and dTDP-4-acetyl-&alpha;-D-ravidosamine biosynthesis	N	0.00400880	0.16794950	0.28836612	0.03287385	0.00000000	0.00000001	0.04492559	0.02361096	0.03704479	0.01081474	0.00976675	0.02133058	0.03031946	0.00005301	0.00057883	0.01750408	0.00755674	0.00790417	0.00564121	0.40113468	0.52397019	0.02372365	0.29324344	0.45229073	0.8301886	NA	NA
PWY7761	PWY-7761: NAD salvage pathway II (PNC IV cycle)	N	0.00866775	0.24887228	0.37126848	0.03961861	0.00000000	0.00000000	0.01456495	0.32112129	0.35066445	0.04158523	0.00000005	0.00000044	0.03609689	0.00020613	0.00187576	0.01551657	0.00619510	0.00650486	0.01697612	0.00537730	0.01906498	0.00562913	0.73732398	0.89760012	0.8213447	NA	NA
PWY7790	PWY-7790: UMP biosynthesis II	N	0.01298992	0.01653766	0.04303926	0.06278658	0.00000000	0.00000000	0.08687689	0.00006563	0.00033851	0.01860372	0.00065249	0.00214615	0.00110842	0.80517564	1.00000000	0.03217645	0.00000026	0.00000052	0.01153763	0.08874988	0.16472237	0.00000005	0.99868215	1.00000000	0.7739203	NA	NA
PWY7791	PWY-7791: UMP biosynthesis III	N	0.01293494	0.01671121	0.04303926	0.06274326	0.00000000	0.00000000	0.08668436	0.00006572	0.00033851	0.01865259	0.00064109	0.00213435	0.00110019	0.80627081	1.00000000	0.03208535	0.00000029	0.00000055	0.01147435	0.09009316	0.16472237	0.00000005	0.99889346	1.00000000	0.7743249	NA	NA
PWY7851	PWY-7851: coenzyme A biosynthesis II (eukaryotic)	N	0.05925323	0.00001974	0.00017387	0.07235598	0.00000000	0.00000000	0.03584085	0.05088605	0.06711059	0.02740043	0.00720537	0.01652996	0.01131534	0.05530186	0.14657677	0.02668313	0.00000243	0.00000393	0.01771630	0.00665755	0.02243840	0.02676863	0.15414760	0.30009183	0.7226661	NA	NA
PWY7953	PWY-7953: UDP-N-acetylmuramoyl-pentapeptide biosynthesis III (meso-diaminopimelate containing)	N	0.00000014	1.00000000	1.00000000	0.00038674	0.87972519	0.89949430	0.03312178	0.10582198	0.12782921	0.05249297	0.00000000	0.00000000	0.00037722	0.94556815	1.00000000	0.03833767	0.00000008	0.00000018	0.03072692	0.00003035	0.00059184	0.01652908	0.46726408	0.61034973	0.8280275	NA	NA
PWY7977	PWY-7977: L-methionine biosynthesis IV	N	0.00318133	0.37237059	0.50575707	0.01700119	0.00000099	0.00000189	0.08235811	0.00003539	0.00024230	0.13560289	0.00000000	0.00000000	0.00002124	0.99665950	1.00000000	0.05308019	0.00000000	0.00000000	0.00204047	0.73137536	0.82506394	0.01904687	0.33962682	0.49090554	0.6876677	NA	NA
PWY8004	PWY-8004: Entner-Doudoroff pathway I	N	0.09355664	0.00000000	0.00000000	0.07026574	0.00000000	0.00000000	0.09788420	0.00000192	0.00003277	0.00000007	1.00000000	1.00000000	0.00307933	0.50009986	0.76528361	0.02724123	0.00000286	0.00000451	0.01031206	0.11340649	0.19594919	0.03216887	0.10947585	0.24549120	0.6654918	NA	NA
PWY801	PWY-801: homocysteine and cysteine interconversion	N	0.00952822	0.05449538	0.11807332	0.06628597	0.00000000	0.00000000	0.08740237	0.00003668	0.00024230	0.00140150	0.56535803	0.74561711	0.01982064	0.01479714	0.05533727	0.04364776	0.00000000	0.00000001	0.01928197	0.00964830	0.02832244	0.03328943	0.11303663	0.24549120	0.7193421	NA	NA
PWY8073	PWY-8073: lipid IVA biosynthesis (P. putida)	N	0.00206934	0.56251343	0.70767819	0.00915598	0.01512602	0.01764702	0.05943240	0.00068053	0.00193526	0.01069759	0.01468952	0.03052388	0.01016608	0.10680744	0.22959395	0.02767046	0.00010515	0.00012702	0.02843348	0.00008698	0.00107936	0.00000011	0.99406034	1.00000000	0.8523745	NA	NA
PWY8131	PWY-8131: 5'-deoxyadenosine degradation II	N	0.04230608	0.00000025	0.00000398	0.00021102	0.92341358	0.93714463	0.03632227	0.07110702	0.08929956	0.00279383	0.35363880	0.51081160	0.00000009	1.00000000	1.00000000	0.01704458	0.01051501	0.01091482	0.01771788	0.01086582	0.03026907	0.01360438	0.53869553	0.68401805	0.8699999	NA	NA
PWY8178	PWY-8178: pentose phosphate pathway (non-oxidative branch) II	N	0.02079024	0.01039532	0.02895839	0.02578198	0.00000007	0.00000014	0.07227872	0.00025730	0.00104842	0.02308642	0.00232196	0.00609515	0.01689656	0.03107278	0.09979847	0.05051346	0.00000000	0.00000000	0.01072119	0.11782111	0.20229662	0.00507403	0.80453414	0.95911711	0.7748574	NA	NA
PWY8187	PWY-8187: L-arginine degradation XIII (reductive Stickland reaction)	N	0.08420640	0.11961345	0.22676717	0.03170223	0.00000000	0.00000000	0.04468493	0.00992937	0.01795178	0.04554750	0.00009862	0.00042737	0.06390260	0.00000158	0.00003928	0.03209923	0.00000000	0.00000001	0.01142751	0.06785523	0.13373322	0.04206367	0.01748117	0.07720396	0.6443659	NA	NA
PWY821	PWY-821: superpathway of sulfur amino acid biosynthesis (Saccharomyces cerevisiae)	N	0.08961301	0.00005569	0.00038700	0.02457742	0.00000683	0.00001180	0.03249114	0.06909780	0.08733194	0.00000008	1.00000000	1.00000000	0.00000008	0.99770982	1.00000000	0.03447479	0.00000000	0.00000001	0.03226079	0.00000762	0.00025994	0.00227582	0.91021681	1.00000000	0.7843069	NA	NA
PWY841	PWY-841: superpathway of purine nucleotides de novo biosynthesis I	N	0.00331230	0.55744929	0.70767819	0.03047288	0.00000000	0.00000000	0.07071558	0.00095129	0.00254611	0.01621834	0.00060320	0.00211120	0.00000008	1.00000000	1.00000000	0.04661603	0.00000000	0.00000000	0.00130957	0.85547684	0.92209362	0.06205201	0.00773639	0.05841765	0.7693032	NA	NA
PWY922	PWY-922: mevalonate pathway I (eukaryotes and bacteria)	N	0.01505547	0.11145645	0.21278049	0.09910873	0.00000000	0.00000000	0.10968738	0.00000218	0.00003278	0.00082605	0.77497880	0.96606946	0.01275901	0.06731132	0.16869170	0.03728696	0.00000000	0.00000000	0.01813862	0.02367198	0.05718983	0.06907514	0.00184714	0.03498064	0.6380626	NA	NA
PWYI9	PWY-I9: L-cysteine biosynthesis VI (from L-methionine)	N	0.00873787	0.17461906	0.29609319	0.02524281	0.00000047	0.00000092	0.03875716	0.06126916	0.07927242	0.02701618	0.00028272	0.00108709	0.01567644	0.01375592	0.05358485	0.02345473	0.00069468	0.00076781	0.01037857	0.15026110	0.24412016	0.05549657	0.00971275	0.05841765	0.7952396	NA	NA
PYRIDNUCSYNPWY	PYRIDNUCSYN-PWY: NAD de novo biosynthesis I (from aspartate)	N	0.00363278	0.44926852	0.58966493	0.00752307	0.01042989	0.01232623	0.10990496	0.00007840	0.00038913	0.10975612	0.00000000	0.00000000	0.01452870	0.02646176	0.08852615	0.04636524	0.00000000	0.00000000	0.00000007	0.98401909	1.00000000	0.07609659	0.00187976	0.03498064	0.6321925	NA	NA
PYRIDOXSYNPWY	PYRIDOXSYN-PWY: pyridoxal 5'-phosphate biosynthesis I	N	0.00036670	0.85992492	0.99054642	0.03078520	0.00000001	0.00000002	0.06310950	0.00217745	0.00499435	0.00921611	0.00458252	0.01127052	0.01931510	0.00529176	0.02142488	0.02520775	0.00012027	0.00014338	0.00892292	0.18533756	0.28726147	0.00885373	0.68457226	0.84564809	0.8342230	NA	NA
RHAMCATPWY	RHAMCAT-PWY: L-rhamnose degradation I	N	0.04731092	0.00383775	0.01232595	0.04183885	0.00000000	0.00000000	0.05449287	0.00455135	0.00906947	0.03278945	0.00000256	0.00001790	0.00225497	0.71734015	1.00000000	0.04791610	0.00000000	0.00000000	0.00553892	0.42344847	0.54787408	0.05129013	0.00978068	0.05841765	0.7165678	NA	NA
RIBOSYN2PWY	RIBOSYN2-PWY: flavin biosynthesis I (bacteria and plants)	N	0.03384822	0.00247468	0.00862921	0.02343478	0.00000027	0.00000057	0.02375916	0.12045799	0.14360275	0.00385745	0.48727793	0.66182525	0.02994094	0.00033237	0.00245238	0.04000910	0.00000000	0.00000001	0.01015744	0.06750253	0.13373322	0.00000017	0.99793656	1.00000000	0.8349927	NA	NA
SALVADEHYPOXPWY	SALVADEHYPOX-PWY: adenosine nucleotides degradation II	N	0.01730822	0.00245514	0.00862921	0.01811501	0.00007627	0.00011316	0.04083842	0.03016028	0.04599864	0.00183633	0.64847803	0.84302144	0.00224217	0.69731788	0.99668995	0.04551320	0.00000000	0.00000000	0.01959702	0.00694145	0.02310995	0.02723910	0.20788358	0.37953894	0.8273105	NA	NA
SERGLYSYNPWY	SER-GLYSYN-PWY: superpathway of L-serine and glycine biosynthesis I	N	0.00021703	0.94042655	1.00000000	0.01972938	0.00001782	0.00002931	0.08639954	0.00032426	0.00124680	0.02803889	0.00001382	0.00007255	0.00037933	0.95496373	1.00000000	0.04650236	0.00000000	0.00000000	0.00850811	0.29104765	0.40332999	0.08602100	0.00028495	0.01522613	0.7242044	NA	NA
SO4ASSIMPWY	SO4ASSIM-PWY: assimilatory sulfate reduction I	N	0.07325539	0.00001381	0.00013963	0.02026920	0.00011373	0.00016255	0.04721650	0.01791672	0.02964402	0.00131126	0.66243808	0.85708813	0.00386961	0.47958454	0.74390103	0.02319423	0.00032958	0.00037805	0.03325675	0.00001369	0.00037385	0.00690074	0.74519030	0.90016350	0.7907263	NA	NA
SULFATECYSPWY	SULFATE-CYS-PWY: superpathway of sulfate assimilation and cysteine biosynthesis	N	0.06103597	0.00004594	0.00033008	0.01759932	0.00044768	0.00060205	0.04500144	0.01941359	0.03154708	0.00040569	0.89903135	1.00000000	0.00586733	0.32581990	0.55593020	0.02607650	0.00010112	0.00012379	0.03342849	0.00001195	0.00036250	0.00060185	0.97725507	1.00000000	0.8099834	NA	NA
TCA	TCA: TCA cycle I (prokaryotic)	N	0.07871760	0.00016452	0.00100968	0.02266223	0.00002044	0.00003302	0.03784164	0.04673079	0.06338436	0.00000026	1.00000000	1.00000000	0.00000043	1.00000000	1.00000000	0.02926055	0.00000112	0.00000196	0.02913780	0.00016462	0.00166450	0.03202010	0.12679312	0.26387078	0.7703594	NA	NA
THISYNARAPWY	THISYNARA-PWY: superpathway of thiamine diphosphate biosynthesis III (eukaryotes)	N	0.03253025	0.00178376	0.00691296	0.00844033	0.00764159	0.00919011	0.00000005	0.99477755	1.00000000	0.00119165	0.75138741	0.94967020	0.02643979	0.00027703	0.00210083	0.03507371	0.00000000	0.00000001	0.00307677	0.62506738	0.73658263	0.06320508	0.00073838	0.02089513	0.8300424	NA	NA
THRESYNPWY	THRESYN-PWY: superpathway of L-threonine biosynthesis	N	0.02424475	0.00000158	0.00001918	0.05714892	0.00000000	0.00000000	0.04442668	0.02231476	0.03541819	0.01502598	0.01948116	0.03968923	0.00002422	0.99308251	1.00000000	0.03573099	0.00000006	0.00000013	0.01402700	0.04446459	0.09868970	0.02264520	0.29128884	0.45229073	0.7867263	NA	NA
TRNACHARGINGPWY	TRNA-CHARGING-PWY: tRNA charging	N	0.17333738	0.00000299	0.00003260	0.01436692	0.00031026	0.00042139	0.08354228	0.00000056	0.00001523	0.00354739	0.25643446	0.39109837	0.00370458	0.50177936	0.76528361	0.03292859	0.00000009	0.00000018	0.02618479	0.00002782	0.00058422	0.00000005	0.99693914	1.00000000	0.6623880	NA	NA
UDPNAGSYNPWY	UDPNAGSYN-PWY: UDP-N-acetyl-D-glucosamine biosynthesis I	N	0.11235155	0.00000000	0.00000000	0.10827595	0.00000000	0.00000000	0.06418448	0.00043868	0.00147728	0.00267683	0.36489890	0.52430210	0.00512477	0.34814535	0.57255229	0.04427338	0.00000000	0.00000000	0.01237695	0.06958115	0.13568324	0.06292021	0.00073728	0.02089513	0.5878159	NA	NA
Uniqueness	NA	Y	0.00425991	0.38176184	0.51088717	0.00595398	0.10340704	0.11114222	0.05217043	0.01247988	0.02170069	0.00867854	0.08885627	0.15353013	0.03320566	0.00173042	0.00805316	0.03555791	0.00000228	0.00000372	0.03997895	0.00000108	0.00005878	0.02249778	0.29982925	0.45862373	0.7976968	NA	NA
VALSYNPWY	VALSYN-PWY: L-valine biosynthesis	N	0.11816484	0.00000102	0.00001460	0.11432418	0.00000000	0.00000000	0.09405461	0.00000048	0.00001444	0.01243121	0.00378194	0.00955990	0.00584312	0.33585683	0.56101461	0.02838402	0.00000064	0.00000116	0.01897103	0.00220129	0.01009422	0.00227065	0.90035928	1.00000000	0.6055563	NA	NA
X1CMET2PWY	1CMET2-PWY: folate transformations III (E. coli)	N	0.00217051	0.49917242	0.63978437	0.01641055	0.00000178	0.00000323	0.08206387	0.00003748	0.00024230	0.14484585	0.00000000	0.00000000	0.00169051	0.73513695	1.00000000	0.04821843	0.00000000	0.00000000	0.00415711	0.48511438	0.61030519	0.01740126	0.37811707	0.52134323	0.6830419	NA	NA
