feature	is.community.feat	solution.age	std.error.age	pval.age	padj.age	solution.1D	solution.2D	solution.20	solution.40	std.error.1D	std.error.2D	std.error.20	std.error.40	pval.DR	padj.DR	herit	herit.se	herit.pval	herit.padj	PVE.Cohort	PVE.Quarter.Date	PVE.Cage	PVE.Batch	PVE.Mouse
AF3328	N	-0.03494908	0.02913374	0.23030123	0.28324404	-0.06696877	-0.01299930	-0.14885578	-0.42132862	0.07917991	0.07902231	0.07716084	0.08023317	0.00000135	0.00000181	0.07298619	0.02749656	0.00393193	0.00647255	0.00381033	0.00627617	0.04112254	0.03817596	0.03982041
AM0715	N	-0.13531912	0.02307174	0.00000000	0.00000002	-0.22223040	-0.28097150	-0.57925372	-0.68159982	0.07190428	0.07279515	0.07057162	0.07329274	0.00000000	0.00000000	0.08687858	0.03232481	0.00404211	0.00655312	0.00000008	0.00285807	0.03675685	0.01148083	0.12050913
ASF356	N	-0.29333083	0.02456096	0.00000000	0.00000000	-0.12435674	-0.20486959	-0.27021560	-0.61314514	0.06874342	0.06899092	0.06717047	0.07011968	0.00000000	0.00000000	0.17013811	0.03583546	0.00000004	0.00000046	0.00000007	0.00516110	0.02406509	0.02361150	0.08193270
Acetatifactor	N	-0.09382712	0.03776946	0.01297878	0.02042249	-0.01606152	 0.18738037	-0.08495089	 0.16104854	0.06941804	0.06873537	0.06761979	0.07046081	0.00033942	0.00039476	0.08408925	0.03102374	0.00321637	0.00555083	0.01751098	0.03946997	0.00254858	0.03015297	0.10641621
Acutalibacter	N	-0.05546811	0.03460564	0.10897660	0.14220117	-0.28155542	-0.39997947	-0.56440696	-0.76595908	0.06817575	0.06735587	0.06649795	0.06893433	0.00000000	0.00000000	0.05003151	0.02300900	0.01498740	0.02178820	0.03124449	0.02699773	0.01522574	0.03277622	0.01759186
Adlercreutzia	N	 0.05972040	0.03343928	0.07413535	0.09915603	 0.28582339	 0.44567278	 0.30871792	-0.16263815	0.07574723	0.07558603	0.07317669	0.07676669	0.00000000	0.00000000	0.13471867	0.03094732	0.00000022	0.00000167	0.09317212	0.01850058	0.03582938	0.05423887	0.05055141
Akkermansia	N	-0.01763936	0.03754603	0.63843103	0.68312121	 0.04303916	 0.13484350	 0.23488065	 0.66136777	0.07361358	0.07315599	0.07155142	0.07469682	0.00000000	0.00000000	0.11595014	0.02882677	0.00000079	0.00000471	0.01341634	0.03759225	0.02396939	0.04474752	0.03786960
Alistipes	N	 0.07955644	0.04068141	0.05055365	0.07117421	-0.06864911	 0.12279860	 0.06696469	 0.05990494	0.05559895	0.05626317	0.05320747	0.05624342	0.01685270	0.01785385	0.09057220	0.02776505	0.00000660	0.00002522	0.00000007	0.49214499	0.02210085	0.02377725	0.11787590
Anaerotignum	N	 0.13653261	0.03153111	0.00001498	0.00003410	-0.03302331	-0.08502474	-0.14114615	-0.12008867	0.07755497	0.07758120	0.07532558	0.07861589	0.32218538	0.32522487	0.08545524	0.03141337	0.00176353	0.00331049	0.03352233	0.01361621	0.03019952	0.03793490	0.12335860
Anaerotruncus	N	 0.02602857	0.02693777	0.33392921	0.38419812	-0.18732297	-0.32195832	-0.44165711	-0.70621868	0.07426673	0.07410915	0.07245863	0.07538877	0.00000000	0.00000000	0.08011550	0.03107567	0.00357580	0.00598430	0.00958770	0.00462570	0.02429856	0.03019936	0.09968941
AnaerovoracaceaeNOV	N	-0.04991821	0.03458983	0.14875222	0.19176491	-0.04899107	-0.08186019	 0.03950902	-0.19388103	0.07313756	0.07177669	0.07051940	0.07367897	0.02280257	0.02368811	0.03668222	0.02324241	0.08345474	0.10033323	0.03478533	0.01409695	0.01191772	0.07527513	0.06308508
Angelakisella	N	-0.15098460	0.03306602	0.00000497	0.00001329	-0.19704363	-0.33033758	-0.46644901	-0.32897963	0.07150543	0.07029280	0.06902187	0.07217164	0.00000000	0.00000000	0.05638695	0.02601805	0.01790759	0.02456554	0.01341476	0.01408833	0.01277996	0.07316860	0.06619439
Bacteroides	N	 0.13276330	0.05412829	0.01440352	0.02233590	 0.25186623	 0.47734571	 0.40282807	 0.40978537	0.07812285	0.07756840	0.07554906	0.07901189	0.00000000	0.00000000	0.08484439	0.02409808	0.00001147	0.00004091	0.01575244	0.14471022	0.03229345	0.05972080	0.01807088
Bifidobacterium	N	 0.48410529	0.03144209	0.00000000	0.00000000	-0.07368686	 0.14330882	-0.02680985	 0.52989397	0.07655259	0.07669818	0.07245863	0.07682933	0.00000000	0.00000000	0.09707728	0.02653016	0.00000584	0.00002405	0.04173420	0.02229489	0.10001984	0.10394620	0.04598460
BorkfalkiaceaeNOV	N	-0.14364376	0.03041661	0.00000232	0.00000653	-0.06385669	-0.20546208	 0.28260727	 0.45443650	0.08030231	0.08083916	0.07777199	0.08133322	0.00000000	0.00000000	0.08417844	0.03335222	0.00483486	0.00760780	0.00000007	0.01289422	0.04796483	0.03915800	0.15967090
ButyricicoccaceaeNOV	N	-0.10694012	0.02417645	0.00000970	0.00002371	-0.22741316	-0.45397001	-0.23272922	-0.17801177	0.06963167	0.06934231	0.06834889	0.07092163	0.00000001	0.00000001	0.09387073	0.02823193	0.00010953	0.00027256	0.02057702	0.00145250	0.01541059	0.01653005	0.03487948
CAG115	N	 0.14098503	0.05017587	0.00495716	0.00828776	-0.06184895	-0.30648706	-0.08796938	 0.06338862	0.07931758	0.07862616	0.07524102	0.07969577	0.00010341	0.00012432	0.07217885	0.02223052	0.00017590	0.00042775	0.19886731	0.06846346	0.04454974	0.12017965	0.03486772
CAG145	N	-0.09064355	0.02462302	0.00023229	0.00046028	 0.03132069	-0.14806808	 0.07533163	-0.13383733	0.07026649	0.07024292	0.06873761	0.07165975	0.00885564	0.00947553	0.11985880	0.03357496	0.00002510	0.00007674	0.03832519	0.00260761	0.00853932	0.01842431	0.12219381
CAG273	N	-0.19968771	0.02721373	0.00000000	0.00000000	 0.00320636	-0.05037516	 0.06650263	 0.00479844	0.08282635	0.08283699	0.08033664	0.08370452	0.80569749	0.80569749	0.03237814	0.02565221	0.19396556	0.21846647	0.00427221	0.00116499	0.05526513	0.04731422	0.09546320
CAG274NOV	N	-0.09193423	0.02996293	0.00215335	0.00390523	-0.31023592	-0.91604605	-0.28406900	-0.80771018	0.07647133	0.07632756	0.07400243	0.07713237	0.00000000	0.00000000	0.00845743	0.02368431	0.71161728	0.72517190	0.00000007	0.01367193	0.04863690	0.05335661	0.13930355
CAG303	N	-0.10863451	0.03704148	0.00336163	0.00589663	-0.33140987	-0.38511417	-0.12809704	-0.36675861	0.08324848	0.08341632	0.08044928	0.08404749	0.00000114	0.00000154	0.04661830	0.02540396	0.03975221	0.05251218	0.01538588	0.03007975	0.05804241	0.05284147	0.09908094
CAG41	N	-0.02838953	0.04018671	0.47989584	0.51867530	-0.25917322	-0.84097022	-0.04098487	-0.20184460	0.08943696	0.09032143	0.08542706	0.08980255	0.00000000	0.00000000	0.00000022	0.00000001	1.00000000	1.00000000	0.00281162	0.05296692	0.13144412	0.06852683	0.04776549
CAG475	N	-0.20527775	0.02259438	0.00000000	0.00000000	-0.05779395	-0.30470422	 0.03807771	 0.19408110	0.07349354	0.07416575	0.07159100	0.07489211	0.00000021	0.00000030	0.14285294	0.03761335	0.00000832	0.00003071	0.01042291	0.00000006	0.02676055	0.02335469	0.16712625
CAG485	N	 0.10866035	0.03069739	0.00040047	0.00076518	 0.29441962	 0.57419564	 0.59693234	 0.64594435	0.06695936	0.06576846	0.06454498	0.06779219	0.00000000	0.00000000	0.08899453	0.02928080	0.00035088	0.00079880	0.02093664	0.01066652	0.00000009	0.06753677	0.10601038
CAG510	N	 0.15797489	0.04786103	0.00096164	0.00177406	 0.11001018	-0.02507991	 0.12982509	 0.60031622	0.08354660	0.08326409	0.07780570	0.08318780	0.00000000	0.00000000	0.02792346	0.00945928	0.00357940	0.00598430	0.21983968	0.07086607	0.10037490	0.13939801	0.00000002
CAG552NOV	N	-0.16911180	0.03138474	0.00000007	0.00000024	-0.07944354	 0.00420395	-0.08721132	 0.09129854	0.07616078	0.07698172	0.07409580	0.07751288	0.19325295	0.19693396	0.15245656	0.03940983	0.00001696	0.00005500	0.00698724	0.01904139	0.02922286	0.02367132	0.16371388
CAG56	N	 0.01056705	0.03628595	0.77064566	0.80842241	-0.02775891	 0.12917594	-0.16624601	-0.60239245	0.07277955	0.07333848	0.07128278	0.07397789	0.00000000	0.00000000	0.07441863	0.02905210	0.00285814	0.00509703	0.00647371	0.04955846	0.02962446	0.01538087	0.11202134
CAG582	N	-0.18196065	0.03884158	0.00000280	0.00000768	 0.08924019	 0.07709530	 0.10990121	 0.40237785	0.07665915	0.07702138	0.07458169	0.07777888	0.00001025	0.00001306	0.08733935	0.03070768	0.00072585	0.00149358	0.00000007	0.06456892	0.03174160	0.02979502	0.13637358
CAG776	N	-0.10302686	0.03395309	0.00240697	0.00429242	 0.23115538	 0.10932348	 0.16597306	 0.42626338	0.07815053	0.07840740	0.07603339	0.07922933	0.00000360	0.00000470	0.07002150	0.03160768	0.01712262	0.02379378	0.00189105	0.02631100	0.03310557	0.03195843	0.14790120
CAG81	N	-0.00402262	0.02658720	0.87979562	0.89056991	-0.27967928	-0.28164725	-0.28038072	-0.40108775	0.07870632	0.07949984	0.07701553	0.07990778	0.00000161	0.00000212	0.04389414	0.02853488	0.12680656	0.14910222	0.01983260	0.00512248	0.05031392	0.01900174	0.09664904
CAG873	N	-0.03926434	0.02800546	0.16087308	0.20251082	 0.27605667	 0.45592642	 0.48460977	 0.56252243	0.06850961	0.06737478	0.06637216	0.06964015	0.00000000	0.00000000	0.13197387	0.03069475	0.00000006	0.00000052	0.00315535	0.00358171	0.00000024	0.04874422	0.06188319
CAG95	N	-0.14947406	0.02818018	0.00000011	0.00000037	-0.18127843	-0.23248591	-0.22132590	-0.29841208	0.07167113	0.07079068	0.06968754	0.07254880	0.00028587	0.00033614	0.05360988	0.02723055	0.02561107	0.03425481	0.00553516	0.00505729	0.00940109	0.04072207	0.10836553
COE1	N	-0.16452412	0.02568587	0.00000000	0.00000000	-0.21539737	-0.45387364	-0.43733307	-0.94715138	0.06225995	0.06211095	0.06121743	0.06351979	0.00000000	0.00000000	0.11808237	0.03032727	0.00000375	0.00001670	0.00000008	0.01301464	0.00903678	0.01096687	0.05490313
Chao1	Y	-0.07675196	0.02867255	0.00743811	0.01205876	 0.06229463	-0.02195749	 0.15494200	 0.17387981	0.06404154	0.06213448	0.06147124	0.06400434	0.00610054	0.00659351	0.00235132	0.01402996	0.84977673	0.85779350	0.02932243	0.00279382	0.00000009	0.05351978	0.00666462
Clostridium	N	 0.16021059	0.03691843	0.00001399	0.00003327	-0.05844455	-0.19283979	-0.02823028	 0.70500138	0.08188810	0.08170263	0.07932011	0.08258354	0.00000000	0.00000000	0.03410694	0.01941670	0.04670001	0.05948692	0.02669678	0.02847655	0.06287617	0.05727822	0.00544950
ClostridiumQ	N	-0.08960495	0.02380991	0.00016790	0.00034733	 0.01797284	 0.17373234	-0.15271058	-0.74003266	0.06920150	0.06936275	0.06800412	0.07061919	0.00000000	0.00000000	0.11840954	0.03225248	0.00002024	0.00006370	0.00229973	0.00306810	0.01869027	0.01249247	0.06845326
D1663	N	 0.08820304	0.03632567	0.01517531	0.02319655	 0.15728976	 0.17058211	 0.09121284	-0.57941758	0.06747323	0.06613701	0.06498074	0.06783572	0.00000000	0.00000000	0.02517343	0.01843417	0.13363083	0.15374730	0.10056179	0.02497802	0.01382489	0.07627006	0.02919257
Desulfovibrio	N	 0.21143907	0.04656860	0.00000581	0.00001516	 0.01249179	 0.02144262	-0.15918985	 0.11817003	0.07756351	0.07788930	0.07369045	0.07805845	0.01756070	0.01842152	0.09667861	0.02952581	0.00006803	0.00018832	0.00000005	0.15450725	0.06010335	0.07162590	0.14133505
Dorea	N	-0.14441051	0.02797035	0.00000024	0.00000076	-0.14869005	-0.26569345	-0.20535324	-0.68466977	0.07223472	0.07151872	0.07010958	0.07328619	0.00000000	0.00000000	0.11382500	0.03017465	0.00001336	0.00004613	0.02897156	0.00416250	0.01997527	0.05072512	0.03776841
Dubosiella	N	 0.27115560	0.03704811	0.00000000	0.00000000	-0.31488811	-0.15140390	-0.02104287	 0.54875192	0.08215511	0.08235363	0.07888828	0.08264557	0.00000000	0.00000000	0.01842399	0.01938503	0.28731746	0.31370376	0.03101695	0.03530133	0.08451782	0.06966380	0.06621901
Duncaniella	N	-0.06870803	0.03196912	0.03158282	0.04629263	 0.18752689	 0.46654673	 0.34266877	 0.37171636	0.07490547	0.07413092	0.07265954	0.07608424	0.00000000	0.00000000	0.13896512	0.03102912	0.00000004	0.00000046	0.00000007	0.01161241	0.01698353	0.05402839	0.04313838
Emergencia	N	-0.14924926	0.03109494	0.00000159	0.00000472	 0.20369395	 0.29255109	-0.31754087	-1.09477696	0.06600089	0.06502140	0.06381757	0.06653717	0.00000000	0.00000000	0.04061880	0.02263539	0.05232447	0.06586727	0.01405415	0.01958659	0.02326320	0.07104265	0.03889953
EnterococcusD	N	 0.26032955	0.02489874	0.00000000	0.00000000	 0.16938529	 0.24128000	 0.24087460	 0.40115351	0.07514172	0.07500268	0.07311720	0.07643948	0.00000412	0.00000531	0.15631192	0.03293493	0.00000002	0.00000030	0.00000007	0.00000007	0.03430921	0.04079834	0.03581771
ErysipelatoclostridiaceaeNOV	N	-0.00496583	0.03374870	0.88224683	0.89056991	 0.25600291	 0.22486669	 0.20487022	-0.12526159	0.06676288	0.06646555	0.06526525	0.06826603	0.00000000	0.00000000	0.18107958	0.03460054	0.00000000	0.00000001	0.01519435	0.02791976	0.00000030	0.01889484	0.07209015
Erysipelatoclostridium	N	-0.05403803	0.02976664	0.06949111	0.09412087	 0.17492661	 0.14426041	 0.43224597	 0.28472768	0.07758867	0.07764685	0.07552920	0.07881906	0.00000043	0.00000059	0.12800509	0.03231675	0.00001411	0.00004719	0.02993540	0.00881818	0.03466825	0.03534250	0.05230704
ErysipelotrichaceaeNOV	N	-0.16708188	0.02853953	0.00000000	0.00000002	 0.30398594	 0.11740999	 0.08743096	-0.83904814	0.07273223	0.07246902	0.07091871	0.07349333	0.00000000	0.00000000	0.02568655	0.01896653	0.10119637	0.12031124	0.01215279	0.01082682	0.04359296	0.03766909	0.03153264
Escherichia	N	 0.20356006	0.02862817	0.00000000	0.00000000	 0.09640261	 0.31043183	 0.16563764	 0.52064787	0.07600480	0.07551667	0.07366726	0.07706182	0.00000000	0.00000000	0.11656819	0.03071378	0.00000513	0.00002196	0.00000007	0.00512154	0.02959256	0.05544472	0.06763477
EubacteriumF	N	-0.12161805	0.03232737	0.00016880	0.00034733	 0.10199476	 0.27930955	 0.13210287	-0.07230513	0.07407525	0.07366946	0.07227633	0.07505176	0.00009378	0.00011403	0.05849800	0.02715918	0.01640036	0.02332757	0.01555080	0.01719073	0.02070047	0.03136491	0.08207985
EubacteriumG	N	-0.18482288	0.02850944	0.00000000	0.00000000	-0.19419857	-0.19041001	-0.36600904	-0.49433008	0.07990143	0.08055512	0.07788652	0.08100303	0.00000001	0.00000001	0.06454770	0.02769799	0.01069771	0.01635221	0.00220933	0.00889146	0.06294332	0.02993733	0.05805398
EubacteriumJ	N	-0.10999392	0.02938532	0.00018281	0.00036907	-0.21301188	-0.31416125	-0.49339828	-0.88563497	0.06854340	0.06795139	0.06681580	0.06949761	0.00000000	0.00000000	0.07457489	0.02898572	0.00427785	0.00683179	0.01141988	0.01300492	0.01385959	0.03401574	0.07696606
Evtepia	N	 0.00658134	0.03224383	0.83823097	0.86241071	-0.12112039	-0.11401568	-0.46185231	-0.85553180	0.07196880	0.07097043	0.06981873	0.07263634	0.00000000	0.00000000	0.05055208	0.02265871	0.01355502	0.02042799	0.02687096	0.01380065	0.02470428	0.05711969	0.00140635
Flavonifractor	N	 0.02657219	0.02842535	0.34990545	0.39829663	-0.15904036	-0.22866952	-0.40734585	-0.66534508	0.07349322	0.07324174	0.07174910	0.07454376	0.00000000	0.00000000	0.06668105	0.02931576	0.01656911	0.02332757	0.02912420	0.00773534	0.02258431	0.02883345	0.08458076
HungatellaA	N	-0.20746378	0.02403074	0.00000000	0.00000000	-0.04513161	 0.00994570	-0.08403538	-0.27635468	0.06870573	0.06807740	0.06707865	0.06994400	0.00058811	0.00067664	0.10929688	0.03072759	0.00002609	0.00007754	0.01525078	0.00000008	0.00777185	0.02806662	0.06516521
Ileibacterium	N	 0.30089719	0.04804516	0.00000000	0.00000000	 0.03230536	 0.56393132	 0.24104956	 0.52594959	0.06839385	0.06748330	0.06576508	0.06938602	0.00000000	0.00000000	0.14278162	0.02891591	0.00000000	0.00000000	0.02368723	0.09896542	0.01136945	0.08153666	0.04303921
Kineothrix	N	 0.09085102	0.03215186	0.00451036	0.00766045	 0.19863359	 0.51398082	 0.44987582	 0.88403677	0.07121797	0.07082683	0.06915150	0.07218415	0.00000000	0.00000000	0.09179089	0.03150668	0.00085578	0.00169571	0.00788915	0.02207725	0.02337573	0.04592873	0.09363707
Lachnospira	N	-0.18460830	0.02784081	0.00000000	0.00000000	 0.00678262	-0.04792342	-0.25995701	-0.75561310	0.06781344	0.06727155	0.06603911	0.06875676	0.00000000	0.00000000	0.07602973	0.02596035	0.00029764	0.00069235	0.06590121	0.00869104	0.01582056	0.03537572	0.06818211
LachnospiraceaeNOV	N	-0.15841024	0.02545566	0.00000000	0.00000000	-0.12984868	-0.05197899	-0.20177601	-0.27337613	0.07314683	0.07240897	0.07119282	0.07399883	0.00179614	0.00200195	0.03480087	0.02482486	0.12980381	0.15096748	0.03108581	0.00000008	0.01952308	0.03958274	0.08516516
Lactobacillus	N	 0.06808581	0.02340400	0.00362244	0.00625164	 0.24830101	 0.82339935	 0.53827785	 0.72030118	0.06874680	0.06847606	0.06683958	0.07019653	0.00000000	0.00000000	0.20381699	0.03601487	0.00000000	0.00000000	0.01146398	0.00000007	0.01048618	0.03591874	0.08709047
Lawsonibacter	N	-0.03982350	0.03412021	0.24319116	0.29569835	-0.11558685	-0.19643142	-0.41055403	-0.45214088	0.07241336	0.07113077	0.06995005	0.07295815	0.00000000	0.00000000	0.03086063	0.02382361	0.17718309	0.20168714	0.01774968	0.01581561	0.01270028	0.06802850	0.06880055
Ligilactobacillus	N	 0.37221470	0.04442174	0.00000000	0.00000000	 0.33708539	 0.49637837	 0.44667448	 0.78492973	0.06600922	0.06568761	0.06114114	0.06554831	0.00000000	0.00000000	0.00462295	0.00646640	0.41280630	0.43732945	0.00000008	0.25507739	0.11117063	0.17021496	0.00000005
Limosilactobacillus	N	-0.02006736	0.02599510	0.44014665	0.48419148	 0.22318049	 0.68196506	 0.57750568	 0.79426937	0.07820080	0.07798323	0.07557162	0.07922978	0.00000000	0.00000000	0.11825421	0.03075355	0.00000190	0.00000969	0.01882203	0.00000007	0.03963528	0.05741649	0.08877039
Mailhella	N	 0.02998433	0.02999501	0.31731051	0.36904592	 0.20070725	 0.36352779	 0.10309485	-0.16482821	0.07909156	0.07904288	0.07648652	0.08006332	0.00000001	0.00000001	0.10847110	0.02591135	0.00000004	0.00000046	0.11035340	0.00777121	0.04846279	0.05192468	0.02391089
MarseilleP3106	N	-0.13186223	0.03063829	0.00001681	0.00003748	 0.14543484	 0.09525178	 0.26981227	 0.07477553	0.07200777	0.07096953	0.07007515	0.07270190	0.00296069	0.00326591	0.03797035	0.02162774	0.04077974	0.05321259	0.01307031	0.00929330	0.01678305	0.04164322	0.02432051
MuribaculaceaeNOV	N	 0.29933525	0.05085800	0.00000000	0.00000002	 0.13410828	 0.01121439	 0.11510011	 0.35020689	0.07068631	0.07139152	0.06718548	0.07113821	0.00001324	0.00001647	0.09174904	0.03080929	0.00063394	0.00135663	0.04360892	0.16156014	0.06121574	0.05281393	0.15867997
Muribaculum	N	-0.00488027	0.04119229	0.90544528	0.90544528	 0.25732909	 0.45226218	 0.29999681	 0.49452135	0.06838020	0.06797895	0.06632208	0.06955082	0.00000000	0.00000000	0.13814597	0.03347535	0.00000121	0.00000651	0.00000008	0.10989178	0.00900864	0.04173449	0.10442875
Oscillibacter	N	-0.17762956	0.02928030	0.00000000	0.00000001	-0.08792689	-0.27184119	-0.30255779	-0.30124325	0.06749513	0.06593007	0.06505307	0.06798903	0.00000028	0.00000040	0.03963295	0.02345341	0.05917438	0.07362394	0.00649777	0.00430551	0.00208719	0.06529002	0.05996645
OscillospiraceaeNOV	N	-0.19074192	0.03204148	0.00000000	0.00000001	-0.01941330	-0.28870814	-0.31154563	-0.45105265	0.06729097	0.06610761	0.06493484	0.06813425	0.00000000	0.00000000	0.08779129	0.02888310	0.00024208	0.00057562	0.01872944	0.01434650	0.00000011	0.06262619	0.09836576
PCoA1	Y	 0.12582184	0.02843518	0.00000975	0.00002371	 0.31865935	 0.60521775	 0.60912304	 0.94074985	0.06244786	0.06145497	0.06060064	0.06344785	0.00000000	0.00000000	0.12013757	0.03038606	0.00000122	0.00000651	0.00578002	0.01169486	0.00000007	0.04199989	0.05349924
PCoA2	Y	 0.14091757	0.03154930	0.00000795	0.00002025	 0.29557043	 0.39037026	 0.49187618	 1.13482069	0.06526497	0.06424579	0.06320825	0.06604425	0.00000000	0.00000000	0.09234784	0.02552261	0.00000660	0.00002522	0.00620706	0.02023372	0.01641243	0.06177763	0.00000017
PCoA3	Y	-0.24648794	0.04189295	0.00000000	0.00000002	 0.08139376	-0.04335722	-0.02710173	-0.13486373	0.07158668	0.07226404	0.06929515	0.07255821	0.09290586	0.09558583	0.11019036	0.03125011	0.00006864	0.00018832	0.00000007	0.14849485	0.04625038	0.03334197	0.10230307
Paramuribaculum	N	 0.03223214	0.02881549	0.26336157	0.31662571	 0.38703195	 0.58174759	 0.72463900	 0.86988868	0.07046877	0.06977175	0.06850832	0.07157183	0.00000000	0.00000000	0.12313425	0.02990881	0.00000044	0.00000294	0.00000008	0.00848271	0.01644294	0.04586415	0.04633027
Parvibacter	N	 0.02613941	0.03259719	0.42287916	0.47133406	 0.31158117	 0.42336226	 0.32075063	-0.22601117	0.06971901	0.06927239	0.06760471	0.07101888	0.00000000	0.00000000	0.18057096	0.03482252	0.00000000	0.00000002	0.06360010	0.01806754	0.01087559	0.04346774	0.06097180
Prevotella	N	-0.07903897	0.03417419	0.02069852	0.03119354	 0.20903720	 0.47112006	 0.21448225	 0.08089930	0.08122319	0.08107614	0.07863825	0.08235940	0.00000015	0.00000022	0.14248431	0.03167049	0.00000004	0.00000046	0.00645809	0.01748761	0.04234182	0.05500009	0.03673854
Romboutsia	N	 0.21307528	0.03208616	0.00000000	0.00000000	-0.11989391	-0.10705301	 0.09136962	 0.97279892	0.08574920	0.08616389	0.08228520	0.08636305	0.00000000	0.00000000	0.06229948	0.01584260	0.00044175	0.00096464	0.01088346	0.01421050	0.10575713	0.07181359	0.00000018
Roseburia	N	 0.05430666	0.03798327	0.15290782	0.19477544	-0.40418939	-0.41831332	-0.03945047	 0.25485322	0.08609376	0.08595575	0.08287949	0.08660948	0.00000000	0.00000000	0.00904524	0.01852985	0.60413220	0.63374652	0.03408056	0.02779557	0.07187264	0.07154023	0.05872691
RuminiclostridiumE	N	-0.08684952	0.03305828	0.00858589	0.01371180	-0.04242531	-0.65449739	-0.25452361	-0.51771657	0.08482402	0.08484468	0.08135753	0.08537843	0.00000000	0.00000000	0.04287013	0.02214910	0.02159497	0.02924889	0.04086626	0.01395869	0.07755212	0.07710768	0.06592067
Schaedlerella	N	-0.13302853	0.03103645	0.00001819	0.00003972	-0.18416183	-0.47398143	-0.56819410	-0.94646083	0.07062756	0.06994763	0.06842380	0.07148036	0.00000000	0.00000000	0.08257826	0.02878776	0.00129969	0.00248333	0.03482426	0.01432353	0.02233682	0.05677973	0.06434262
Shannon	Y	 0.02126460	0.02774770	0.44346510	0.48419148	 0.22960182	-0.09289182	 0.29718976	 0.39915541	0.07263501	0.07220616	0.07115381	0.07354070	0.00000000	0.00000000	0.02638001	0.02294574	0.20563605	0.22919851	0.00000009	0.00753018	0.02089146	0.02144271	0.07658661
Simpson	Y	 0.01207630	0.02849895	0.67171722	0.71162121	 0.29529149	 0.14263358	 0.36213929	 0.49422397	0.06906233	0.06823053	0.06761363	0.06971876	0.00000000	0.00000000	0.00748715	0.02026081	0.69899671	0.71916008	0.00046604	0.01051658	0.01156569	0.02010770	0.06472624
Staphylococcus	N	 0.07255087	0.03542036	0.04054335	0.05862350	-0.15508704	-0.14668124	 0.12500380	 0.43132170	0.09587482	0.09550724	0.09094620	0.09596574	0.00000000	0.00000001	0.01110906	0.01087131	0.24786265	0.27341550	0.00000007	0.01092735	0.11697883	0.13213513	0.00000027
TF0111	N	-0.17594990	0.02547283	0.00000000	0.00000000	-0.21799809	-0.25705817	-0.44728252	-1.03557905	0.07175953	0.07136244	0.06963959	0.07282847	0.00000000	0.00000000	0.13348518	0.02859856	0.00000000	0.00000007	0.02054894	0.00172409	0.03450856	0.05175700	0.01769037
Turicibacter	N	 0.43801243	0.02997184	0.00000000	0.00000000	-0.29741911	-0.20692223	-0.34920619	 0.31929363	0.08129398	0.08231290	0.07818765	0.08203124	0.00000000	0.00000000	0.07204674	0.02734070	0.00306554	0.00537727	0.02343777	0.01449482	0.10167132	0.04997334	0.06581357
UBA11940	N	-0.07786034	0.03497659	0.02603038	0.03868403	-0.24392715	-0.49485893	-0.37600660	-0.42293335	0.07911665	0.08013297	0.07652100	0.08014192	0.00000000	0.00000000	0.09883052	0.03415562	0.00093840	0.00182561	0.02441632	0.03009267	0.05349061	0.03285240	0.16413553
UBA11957	N	-0.19060955	0.03005015	0.00000000	0.00000000	-0.42485463	-0.76215170	-0.58451993	-1.07888888	0.07201108	0.07284833	0.06964446	0.07302013	0.00000000	0.00000000	0.14762166	0.03405220	0.00000005	0.00000046	0.00559361	0.02470559	0.05879352	0.03688172	0.10768836
UBA1394	N	-0.12032101	0.02941042	0.00004287	0.00009174	 0.01817849	-0.21325779	 0.23250672	 0.36418108	0.07311563	0.07367009	0.07148505	0.07450443	0.00000000	0.00000000	0.13056674	0.03599794	0.00003412	0.00009868	0.00251487	0.01570970	0.02210082	0.01778055	0.14099649
UBA1405	N	 0.13246922	0.03766317	0.00042704	0.00080164	-0.19790376	-0.40065348	-0.42431493	-0.48468024	0.08083707	0.08042093	0.07703042	0.08121346	0.00000000	0.00000000	0.05667219	0.01980921	0.00074447	0.00150298	0.17435605	0.02674838	0.06525003	0.10030559	0.01454909
UBA2882	N	-0.05314088	0.03254889	0.10251338	0.13541890	-0.08527352	-0.50353788	 0.01327636	 0.32839394	0.07297877	0.07353847	0.07111880	0.07433200	0.00000000	0.00000000	0.15375757	0.03766686	0.00000239	0.00001165	0.00599127	0.02653292	0.02223649	0.02268858	0.14739928
UBA3282	N	-0.15901048	0.02853342	0.00000003	0.00000009	-0.03774600	-0.11814622	-0.10629614	-0.29275592	0.07151794	0.07118458	0.06995294	0.07258452	0.00129321	0.00145656	0.05886146	0.02831595	0.01506847	0.02178820	0.00000008	0.01075035	0.01210582	0.02210856	0.12714999
UBA3700	N	-0.15032277	0.02674740	0.00000002	0.00000007	 0.12204921	-0.06100084	 0.19746004	 0.37445697	0.07532067	0.07584936	0.07321845	0.07653563	0.00000070	0.00000096	0.09707776	0.03689637	0.00190360	0.00351182	0.00000006	0.00658253	0.02140291	0.02612834	0.23553990
UBA3700NOV	N	-0.19096639	0.02385758	0.00000000	0.00000000	 0.29344395	 0.47656253	 0.62627789	 1.06475470	0.07182769	0.07141187	0.06987867	0.07270251	0.00000000	0.00000000	0.02253306	0.02841782	0.41173686	0.43732945	0.00000007	0.00000007	0.01757597	0.03484954	0.18993612
UBA3818	N	-0.02278336	0.02605235	0.38183054	0.43006176	-0.27120541	-0.41275271	-0.49084542	-0.42017641	0.07471981	0.07493670	0.07289183	0.07575449	0.00000000	0.00000000	0.02854686	0.03051553	0.34611008	0.37407857	0.00271959	0.00483693	0.02515013	0.02386563	0.20151240
UBA7160	N	-0.03526669	0.03304131	0.28586373	0.33986021	 0.19445721	 0.28354073	 0.03662554	-0.28050769	0.07720667	0.07699692	0.07519402	0.07804947	0.00000000	0.00000000	0.03400015	0.02194844	0.07483944	0.09099796	0.04046887	0.01772539	0.03775857	0.03718791	0.06301439
UBA7173	N	-0.05592947	0.03055477	0.06732761	0.09235967	 0.24560216	 0.33345406	 0.42171886	 0.44993025	0.07179879	0.07118034	0.06968461	0.07308574	0.00000000	0.00000000	0.15072129	0.03513467	0.00000031	0.00000224	0.00653757	0.01104708	0.00412021	0.04215059	0.11481902
UBA7182	N	-0.17154162	0.02247485	0.00000000	0.00000000	-0.20810246	-0.41349120	-0.56083387	-1.23749676	0.06656237	0.06630634	0.06461479	0.06766806	0.00000000	0.00000000	0.14523589	0.03340448	0.00000052	0.00000329	0.02808976	0.00000006	0.02573128	0.04442576	0.06850250
UBA946	N	-0.12630944	0.02665943	0.00000213	0.00000617	-0.14916041	-0.36671408	-0.00948188	 0.32331991	0.07577174	0.07587132	0.07370019	0.07695265	0.00000000	0.00000000	0.10608817	0.03449543	0.00072287	0.00149358	0.01002785	0.00400276	0.02774471	0.03387978	0.13294476
UBA9475	N	-0.22010612	0.03314339	0.00000000	0.00000000	-0.07868430	-0.19520061	-0.22995499	-0.28521629	0.06647612	0.06575653	0.06464526	0.06753033	0.00006352	0.00007812	0.10838671	0.02898461	0.00000328	0.00001527	0.05090797	0.02223751	0.00503536	0.03598574	0.06842760
UBA9502	N	-0.11279025	0.02603991	0.00001482	0.00003410	-0.31013563	-0.31674846	-0.57681392	-1.00039821	0.06975637	0.06896197	0.06759501	0.07059378	0.00000000	0.00000000	0.06760512	0.02989448	0.01427357	0.02121211	0.01499711	0.00220160	0.01704372	0.05504524	0.10070484
UMGS1004	N	-0.08282905	0.02979226	0.00542807	0.00893543	 0.01374696	 0.08043453	 0.55285962	 0.93168679	0.07905550	0.08003250	0.07687694	0.08022616	0.00000000	0.00000000	0.10592204	0.03299738	0.00039253	0.00087501	0.00790746	0.01394846	0.06147383	0.02884806	0.08911576
UMGS1217	N	-0.11791993	0.03265814	0.00030654	0.00059636	 0.01856575	-0.23376178	-0.06117443	-0.20889677	0.08054686	0.08059723	0.07843046	0.08137164	0.00412507	0.00450390	0.01068144	0.02190339	0.61927362	0.64332308	0.00157043	0.01878398	0.05131889	0.03690088	0.08113176
UMGS1370	N	-0.04768821	0.02508827	0.05719192	0.07947448	-0.38419145	-0.51713357	-0.64445574	-1.13420760	0.07199427	0.07205011	0.07015108	0.07304711	0.00000000	0.00000000	0.07366618	0.03047114	0.00558527	0.00866122	0.01036871	0.00359873	0.03053864	0.03136168	0.12249134
UMGS1815	N	-0.02266755	0.02242722	0.31204507	0.36691014	 0.41049254	 0.60063382	 1.13814109	 1.40178264	0.06614060	0.06577248	0.06420123	0.06710913	0.00000000	0.00000000	0.09633438	0.03377247	0.00238803	0.00433083	0.01250681	0.00000007	0.02156231	0.04478340	0.11814137
UMGS1872	N	 0.00586989	0.02626818	0.82320254	0.85517157	-0.02941755	 0.01192263	-0.25843367	-0.66704956	0.07072786	0.07039471	0.06893536	0.07199518	0.00000000	0.00000000	0.13404278	0.03150565	0.00000013	0.00000110	0.06476769	0.00364146	0.01638015	0.03172386	0.05271269
UMGS268	N	-0.24808495	0.03098972	0.00000000	0.00000000	-0.04721419	-0.18600643	-0.02411535	 0.14879280	0.07077049	0.07066506	0.06903149	0.07197379	0.00088397	0.00100623	0.10921546	0.03267884	0.00009752	0.00024846	0.01831878	0.01773490	0.01206879	0.02603189	0.13091937
X142	N	-0.03595353	0.02707795	0.18425076	0.22924223	-0.11623446	-0.00785996	-0.42885618	-0.72333007	0.06863475	0.06803870	0.06693071	0.06982142	0.00000000	0.00000000	0.11762099	0.03244028	0.00009215	0.00024050	0.02971182	0.00541846	0.00893113	0.03077068	0.05787394
X1XD4269	N	-0.17878651	0.03561037	0.00000051	0.00000157	-0.09028953	-0.22030815	 0.07195910	 0.14586905	0.07012558	0.06916812	0.06814260	0.07085250	0.00001115	0.00001404	0.04044279	0.02417274	0.06031712	0.07418313	0.00023447	0.03840162	0.01018236	0.04353915	0.08549892
X1XD876	N	 0.05150813	0.02522257	0.04112152	0.05866670	-0.11367677	-0.20821800	-0.24837437	-0.33012431	0.07583118	0.07561543	0.07392218	0.07714274	0.00013210	0.00015705	0.11917830	0.03372162	0.00008968	0.00023990	0.01004562	0.00000020	0.02213613	0.03280267	0.08347774
uniq	Y	 0.30142770	0.02540632	0.00000000	0.00000000	 0.24638210	 0.33401413	 0.32624444	 0.48637917	0.07057976	0.06991455	0.06860230	0.07143270	0.00000000	0.00000000	0.05284620	0.02812252	0.04420524	0.05698748	0.00026191	0.00179160	0.02034143	0.04490736	0.10633313
