fixef	feature	fixef.value	solution	std.error	z.ratio	Df	Wald(inc)	Pr(chisq)(inc)	Wald(con)	Pr(chisq)(con)	Margin
(Intercept)	Acetatifactor	NA	-0.124219447919327	0.122905681852246	-1.01068922158262	1	0.00501	0.943571772367403	5.813e-07	0.999391668674183	 
(Intercept)	Acutalibacter	NA	0.379467322596371	0.104856944901798	3.61890500387699	1	0.006069	0.93790458712604	0.00895	0.924629023330938	 
(Intercept)	Adlercreutzia	NA	-0.0701646869880068	0.143673753827751	-0.4883612011149	1	0.02534	0.873522785447296	0.01822	0.892626516962507	 
(Intercept)	AF3328	NA	0.0840174938642264	0.10976163890052	0.765454075812168	1	0.003848	0.950537149917705	0.0009024	0.976035173406197	 
(Intercept)	Akkermansia	NA	-0.132550073078155	0.29670305338267	-0.446743205258491	1	0.0002333	0.987813456464079	0.0003985	0.98407331536265	 
(Intercept)	Alistipes	NA	-0.156587972675722	0.166395106239341	-0.941061165888421	1	0.08874	0.76578513749554	0.1766	0.674311577056908	 
(Intercept)	AM0715	NA	0.305316051767213	0.106529502233836	2.86602345232999	1	0.1432	0.705120277911064	0.1564	0.692492811909959	 
(Intercept)	Anaerotignum	NA	0.225636347541648	0.148994682782969	1.51439194558586	1	0.02871	0.865450362360064	0.03412	0.853451797341098	 
(Intercept)	Anaerotruncus	NA	0.40164140621403	0.200144441162236	2.00675773896943	1	0.02302	0.879405074592889	0.02359	0.877932734975434	 
(Intercept)	AnaerovoracaceaeNOV	NA	0.135764133689424	0.130373661890162	1.0413463250254	1	0.0611	0.804765717521297	0.05478	0.814945171140662	 
(Intercept)	Angelakisella	NA	0.41443284143553	0.16442036949657	2.5205687270042	1	0.0817	0.77500670687657	0.04004	0.841402392907183	 
(Intercept)	ASF356	NA	0.204587667856682	0.244618732014319	0.836353234979183	1	0.05079	0.821694272815323	0.03078	0.860732106798679	 
(Intercept)	Bacteroides	NA	-0.298962093104453	0.182183394605387	-1.64099529351734	1	0.01649	0.897821831289557	0.01277	0.91002704728979	 
(Intercept)	Bifidobacterium	NA	-0.0724280544666919	0.111699062799657	-0.648421326476108	1	0.009441	0.922595514564047	0.09203	0.761612121534216	 
(Intercept)	BorkfalkiaceaeNOV	NA	-0.106358534097965	0.30349339298592	-0.350447609588981	1	0.0006665	0.979403572492977	0.0009567	0.975324912316067	 
(Intercept)	ButyricicoccaceaeNOV	NA	0.275517194145368	0.125021613373098	2.2037565082699	1	0.004084	0.949044930428592	0.001005	0.97470991127893	 
(Intercept)	CAG115	NA	0.00919705683927535	0.238522520193704	0.0385584423299168	1	0.1703	0.679845325735126	0.1692	0.680823773747215	 
(Intercept)	CAG145	NA	-0.0554892469935212	0.138137171405889	-0.40169670790838	1	0.1663	0.683421269807202	0.1711	0.679136047565625	 
(Intercept)	CAG273	NA	-0.0527222342385047	0.15866337065419	-0.332289891618487	1	0.02105	0.884642828580044	0.005845	0.939059023513143	 
(Intercept)	CAG274NOV	NA	0.392014549905941	0.133383565035733	2.93900189128188	1	0.09861	0.753504107802042	0.1609	0.688329256988066	 
(Intercept)	CAG303	NA	0.154803854732167	0.116049772365167	1.33394363105733	1	0.00796	0.928907999214442	0.04747	0.827525640226649	 
(Intercept)	CAG41	NA	0.280475255972551	0.123951931347658	2.26277439103293	1	0.2501	0.617004673186582	0.2472	0.619053580726578	 
(Intercept)	CAG475	NA	-0.0799987050794907	0.316521473794114	-0.25274337352393	1	0.007268	0.932060601073158	0.005262	0.942172456937159	 
(Intercept)	CAG485	NA	-0.415746947068273	0.106667721599651	-3.8975890816218	1	0.0001325	0.990815861804071	0.02793	0.867273497774223	 
(Intercept)	CAG510	NA	-0.083056271861991	0.196776605051201	-0.422084077730581	1	0.2608	0.609571076125608	0.1628	0.686591599715076	 
(Intercept)	CAG552NOV	NA	-0.0545351655648967	0.108957699538177	-0.500516859258657	1	0.0426	0.836480287281254	0.03679	0.847893234926676	 
(Intercept)	CAG56	NA	0.246738619071885	0.128291836123046	1.92326048584444	1	0.08424	0.771631658642359	0.09181	0.76188860403381	 
(Intercept)	CAG582	NA	-0.12392323807447	0.315048277051887	-0.393346820474947	1	0.000112	0.991556141127704	0.006839	0.934091479064342	 
(Intercept)	CAG776	NA	-0.216061508786044	0.255600155220786	-0.845310553897791	1	4.009e-05	0.994948094852706	0.0006103	0.980290864590981	 
(Intercept)	CAG81	NA	0.339054139584264	0.160543188701815	2.11191855802744	1	0.1031	0.748140758175196	0.1054	0.745443209067922	 
(Intercept)	CAG873	NA	-0.30297327976412	0.261636214151861	-1.15799443416601	1	0.002828	0.957589332762558	0.004128	0.948771552640063	 
(Intercept)	CAG95	NA	0.212592412388082	0.236975738996161	0.897106232429665	1	4.119e-09	0.999948792218962	0.0007556	0.978070367856231	 
(Intercept)	Chao1	NA	-0.0718601150630641	0.105862986114023	-0.678803023614552	1	0.06259	0.802448201318706	0.06666	0.796263377953395	 
(Intercept)	Clostridium	NA	-0.165026044868282	0.225324666204653	-0.732392274880354	1	0.004097	0.94896400647054	7.982e-06	0.997745784947507	 
(Intercept)	ClostridiumQ	NA	0.328805361203621	0.100603922858657	3.26831550759282	1	0.01014	0.919790542809626	0.0006569	0.97955240914872	 
(Intercept)	COE1	NA	0.336700003624204	0.26168890001151	1.28664228253241	1	0.008534	0.926396406086478	0.002792	0.957859885202334	 
(Intercept)	D1663	NA	0.0947298766995151	0.133190566763029	0.711235630283464	1	0.02566	0.872733462237376	0.028	0.867108822552047	 
(Intercept)	Desulfovibrio	NA	-0.153414708749213	0.318401524727789	-0.481827808080918	1	0.05475	0.814994931981482	0.2079	0.648418365098106	 
(Intercept)	Dorea	NA	0.398878851387757	0.192315376469704	2.07408715158351	1	0.01474	0.90336756252553	0.007646	0.930320655823797	 
(Intercept)	Dubosiella	NA	0.0207353473513884	0.108263931879542	0.191525903330938	1	0.03862	0.844203399961819	0.01426	0.904946386402865	 
(Intercept)	Duncaniella	NA	-0.235061994029966	0.227447706563165	-1.03347709054471	1	6.117e-05	0.993759708543743	2.277e-07	0.999619266088763	 
(Intercept)	Emergencia	NA	0.136237540210128	0.135465242881996	1.00570107366068	1	0.001244	0.97186413863434	0.0135	0.90750235787064	 
(Intercept)	EnterococcusD	NA	-0.167408177144648	0.195730789171073	-0.855298125826948	1	4.273e-05	0.994784410347898	0.003513	0.952736604774552	 
(Intercept)	ErysipelatoclostridiaceaeNOV	NA	-0.12326910132384	0.117725414051351	-1.04708997897489	1	0.2024	0.652790569575343	0.2398	0.624350602615329	 
(Intercept)	Erysipelatoclostridium	NA	-0.214896993265911	0.114864105054853	-1.87088031690394	1	0.3777	0.538836734986907	0.3941	0.530152102525382	 
(Intercept)	ErysipelotrichaceaeNOV	NA	0.0662407442225478	0.131983666901686	0.501885921019988	1	0.02278	0.88003058192999	0.06174	0.803766639313747	 
(Intercept)	Escherichia	NA	-0.17559485751763	0.261183216974149	-0.672305286503191	1	0.008408	0.926940253209632	0.004759	0.945001156768515	 
(Intercept)	EubacteriumF	NA	-0.0726209430020252	0.133983213718656	-0.542015234494357	1	0.03925	0.842954206951952	0.04273	0.83623450357672	 
(Intercept)	EubacteriumG	NA	0.265696815843732	0.105098193955874	2.52808165243339	1	0.00919	0.923628199358195	0.004611	0.945861780338922	 
(Intercept)	EubacteriumJ	NA	0.276729134789901	0.217490865142698	1.27237129986281	1	0.003335	0.953948196920115	3.328e-05	0.995397123617234	 
(Intercept)	Evtepia	NA	0.361890263206812	0.196495554661862	1.84172239331098	1	0.01377	0.906586156732734	0.01168	0.913936953705109	 
(Intercept)	Flavonifractor	NA	0.287502243360417	0.2215975304445	1.29740725351821	1	0.002309	0.96167475651377	0.003253	0.954517253261217	 
(Intercept)	HungatellaA	NA	0.248637519072665	0.26968343319221	0.921960671182402	1	0.0006069	0.980345830229422	0.0001435	0.99044225090987	 
(Intercept)	Ileibacterium	NA	-0.14039833364437	0.12797085320279	-1.09711180421597	1	0.8115	0.367677146559022	0.6377	0.424544889659178	 
(Intercept)	Kineothrix	NA	-0.242948616478752	0.229059636885184	-1.06063477521589	1	0.02732	0.868717596238857	0.01183	0.913388247754984	 
(Intercept)	Lachnospira	NA	0.100974822544638	0.249039964625575	0.405456299740692	1	0.04628	0.82966762627092	0.03353	0.854710150064502	 
(Intercept)	LachnospiraceaeNOV	NA	0.166790139509632	0.102376710962431	1.6291804839368	1	0.1313	0.717087944136487	0.04318	0.835386710840572	 
(Intercept)	Lactobacillus	NA	-0.399403630614228	0.102447971109197	-3.89859971154054	1	0.03836	0.844722023347985	0.111	0.739008509732614	 
(Intercept)	Lawsonibacter	NA	0.355357457493172	0.134584556397335	2.64040293333544	1	0.1056	0.745210182815863	0.07258	0.787616688017549	 
(Intercept)	Ligilactobacillus	NA	-0.552196769282108	0.118494059530992	-4.66012196280339	1	0.001975	0.96455290289172	1.346	0.245978621306789	 
(Intercept)	Limosilactobacillus	NA	-0.423402392896169	0.105968583920583	-3.99554638961187	1	0.1061	0.744628682534969	0.1893	0.663499861031003	 
(Intercept)	Mailhella	NA	-0.0526929533994419	0.221164998388067	-0.238251774844518	1	0.003835	0.950620665782794	0.005238	0.94230425284241	 
(Intercept)	MarseilleP3106	NA	-0.122047468409226	0.109617425831438	-1.11339476806272	1	0.01144	0.914822350741085	0.02211	0.881794845518668	 
(Intercept)	MuribaculaceaeNOV	NA	-0.182462453725103	0.256937093332898	-0.710144461269736	1	7.116e-05	0.993269413958701	0.0707	0.790320294676449	 
(Intercept)	Muribaculum	NA	-0.338765426955516	0.183238849606991	-1.84876420956635	1	0.03742	0.846612435395073	0.08319	0.773020080691769	 
(Intercept)	Oscillibacter	NA	0.344380642884104	0.123405207306166	2.79064919869794	1	0.2003	0.65447880356985	0.1113	0.738668930769585	 
(Intercept)	OscillospiraceaeNOV	NA	0.299028944799876	0.199068121762704	1.50214379957997	1	0.004554	0.946196931488759	0.00119	0.972481331667641	 
(Intercept)	Paramuribaculum	NA	-0.46704861138875	0.213915540746234	-2.18333184096618	1	0.007849	0.92940411391142	0.007291	0.931953447529165	 
(Intercept)	Parvibacter	NA	-0.0329907597960286	0.117423030388484	-0.28095646728654	1	0.0001901	0.98899937500215	0.0002373	0.987709437644372	 
(Intercept)	PCoA1	NA	-0.477774686470517	0.147820004377938	-3.2321382243297	1	0.01981	0.888069022590522	0.003419	0.953372493337767	 
(Intercept)	PCoA2	NA	-0.432754680759557	0.120867961461124	-3.58039198748914	1	0.1494	0.699109400364918	0.07644	0.782181072154952	 
(Intercept)	PCoA3	NA	0.133804374929118	0.124449332975213	1.07517149132305	1	0.04984	0.823341919822901	0.1729	0.677547242215871	 
(Intercept)	Prevotella	NA	-0.12559302182328	0.227800441116596	-0.551329142330315	1	0.006488	0.935801324506809	0.006469	0.935895192982186	 
(Intercept)	Romboutsia	NA	-0.150710939910795	0.148586100869727	-1.01430038899083	1	0.02002	0.887481240637987	0.01906	0.890194611514364	 
(Intercept)	Roseburia	NA	0.0819163271420721	0.107511468338373	0.761931061012534	1	0.003903	0.950185370787213	0.005246	0.942260287213455	 
(Intercept)	RuminiclostridiumE	NA	0.215534460467402	0.124653774948441	1.72906484826915	1	0.1429	0.705414872348671	0.1507	0.697867308827109	 
(Intercept)	Schaedlerella	NA	0.50708800450739	0.199844978452691	2.53740678616767	1	0.06534	0.798246666879628	0.04097	0.839595840772865	 
(Intercept)	Shannon	NA	-0.208662677119824	0.103383535212718	-2.01833567299172	1	0.0181	0.892978555814216	0.015	0.902523250177679	 
(Intercept)	Simpson	NA	-0.330510075852724	0.0998168761781615	-3.31116428912082	1	0.01377	0.906586156732734	0.01443	0.904384180167308	 
(Intercept)	Staphylococcus	NA	-0.10273109816311	0.0975825059298539	-1.05276142669422	1	0.01723	0.895567185391854	0.00636	0.936436403469862	 
(Intercept)	TF0111	NA	0.402942361368742	0.201149215595913	2.00320125621673	1	0.02078	0.885379893182395	0.002946	0.956714420512894	 
(Intercept)	Turicibacter	NA	0.0902190891466633	0.127905798225499	0.705355741477852	1	0.5299	0.466648904588283	0.2233	0.636536906242312	 
(Intercept)	UBA11940	NA	0.258807285108688	0.334353440498403	0.774053004278639	1	0.003855	0.950492238490428	0.01025	0.919358131633162	 
(Intercept)	UBA11957	NA	0.693133088078929	0.162133725828954	4.27507037499503	1	0.1782	0.672924717235813	0.09726	0.755142852542968	 
(Intercept)	UBA1394	NA	-0.0995919557091386	0.117355226386384	-0.848636731194563	1	0.08829	0.76636242708683	0.03572	0.850094890245378	 
(Intercept)	UBA1405	NA	0.257948114504305	0.161498498904398	1.59721679306135	1	0.2716	0.602260492737149	0.2644	0.607113282598666	 
(Intercept)	UBA2882	NA	0.122310321964848	0.206887095140072	0.591193577743641	1	0.01217	0.912157402157729	0.01339	0.90787828504442	 
(Intercept)	UBA3282	NA	0.113026688949679	0.177954560360381	0.635143537320906	1	0.0006901	0.97904217901743	0.00302	0.956174691482871	 
(Intercept)	UBA3700	NA	-0.0776465809581754	0.341919817890948	-0.227090027823248	1	0.0002603	0.987127636218174	0.0002702	0.986885154568842	 
(Intercept)	UBA3700NOV	NA	-0.497885064045297	0.164922225868058	-3.01890822431427	1	0.005387	0.941490853189596	0.003698	0.951509583914879	 
(Intercept)	UBA3818	NA	0.284647062807155	0.115818526136815	2.45769888723074	1	0.04594	0.830284902458369	0.09607	0.756597755602961	 
(Intercept)	UBA7160	NA	0.0539248156640426	0.254041542096566	0.212267707159268	1	0.0006401	0.979815516298579	0.0006633	0.979453064812829	 
(Intercept)	UBA7173	NA	-0.195751249914491	0.218645752972706	-0.89528951398808	1	0.0009517	0.975389455968079	0.001015	0.974584443736462	 
(Intercept)	UBA7182	NA	0.562752779003929	0.239000634909303	2.35460788301874	1	0.0008209	0.977142655503693	0.004002	0.949558382274314	 
(Intercept)	UBA946	NA	-0.0147282461263714	0.183216396725016	-0.0803871617914011	1	6.976e-05	0.993335949981971	0.001166	0.972760135347012	 
(Intercept)	UBA9475	NA	0.276973239873075	0.253008113341544	1.09472078272518	1	0.007201	0.932373721085909	0.005333	0.941784319940645	 
(Intercept)	UBA9502	NA	0.479865344711	0.137460753915572	3.49092618105189	1	0.02969	0.863195502233687	0.01037	0.918889075258616	 
(Intercept)	UMGS1004	NA	-0.307725175618927	0.106008175233078	-2.90284381315252	1	0.2806	0.596308224945233	0.2792	0.597226045017537	 
(Intercept)	UMGS1217	NA	-0.0165117165247085	0.115665146615967	-0.142754468461713	1	0.006342	0.936526225428696	0.01093	0.916735557424785	 
(Intercept)	UMGS1370	NA	0.585176301543071	0.217014293339917	2.69648737203907	1	0.02284	0.879873890357003	0.0236	0.877907067894011	 
(Intercept)	UMGS1815	NA	-0.75777559209485	0.105663219181267	-7.17161182449753	1	0.01646	0.897914309869778	1.16e-05	0.997282508361554	 
(Intercept)	UMGS1872	NA	0.238454529289385	0.181583473161836	1.31319511152242	1	0.01159	0.914267889460038	0.01141	0.914933683354358	 
(Intercept)	UMGS268	NA	-0.108466528714473	0.110095867851105	-0.985200723983251	1	0.03809	0.845262529105382	0.005344	0.941724418958289	 
(Intercept)	uniq	NA	-0.116111709514166	0.160937476322096	-0.721470922544997	1	0.02583	0.872316186930263	0.02046	0.886259809662178	 
(Intercept)	X142	NA	0.339585244866066	0.127097917171765	2.67183957394941	1	9.266e-05	0.992319676688603	0.001577	0.968323165681613	 
(Intercept)	X1XD4269	NA	0.00357951252677491	0.24225760917626	0.0147756453923004	1	7.078e-05	0.993287408518957	0.00534	0.941746193956218	 
(Intercept)	X1XD876	NA	0.229460516010603	0.204804793712711	1.12038645117105	1	0.005015	0.943543668606605	0.005188	0.942579806050762	 
age.wks.scaled	Acetatifactor	NA	-0.15959172649095	0.0584631777539477	-2.72978193492354	1	5.554	0.0184385033307061	7.45	0.00634364490986528	A
age.wks.scaled	Acutalibacter	NA	-0.0199526618582032	0.0537823032623778	-0.370989352405824	1	7.273	0.0069998790619541	0.1378	0.710477979697181	A
age.wks.scaled	Adlercreutzia	NA	0.0760242970761752	0.0456860755320558	1.66405838520388	1	3.963	0.0465107426030171	2.769	0.0961061846198666	A
age.wks.scaled	AF3328	NA	-0.0866306849360799	0.0507677719304485	-1.70641100922773	1	6.524	0.0106428370760525	2.912	0.0879227800859383	A
age.wks.scaled	Akkermansia	NA	0.0984395737527421	0.0562737382449857	1.74929863952149	1	7.122	0.00761437170638191	3.06	0.0802416692906613	A
age.wks.scaled	Alistipes	NA	0.336508586666572	0.075924029445922	4.43217501919146	1	24.73	6.59496008137417e-07	19.52	9.95519009505674e-06	A
age.wks.scaled	AM0715	NA	-0.101556779212951	0.049891598202453	-2.03554872707921	1	16.4	5.12852296405963e-05	4.143	0.0418070149423142	A
age.wks.scaled	Anaerotignum	NA	0.2087441873586	0.0590085181240334	3.53752634356668	1	7.051	0.00792210125442838	12.53	0.000400469809284987	A
age.wks.scaled	Anaerotruncus	NA	0.0656170550864661	0.0488576268348689	1.34302583521384	1	0.4498	0.502429946468397	1.802	0.179470892570826	A
age.wks.scaled	AnaerovoracaceaeNOV	NA	0.00948423486362149	0.0554945349763688	0.170903943382175	1	0.2665	0.605689324269471	0.03174	0.858599494737836	A
age.wks.scaled	Angelakisella	NA	-0.106333230768307	0.0518868683030316	-2.04932836083487	1	19.64	9.34913194472475e-06	4.2	0.0404239793369087	A
age.wks.scaled	ASF356	NA	-0.283275122222802	0.0508363120280041	-5.57229883369105	1	54.92	1.25566224085105e-13	31.05	2.51466326650629e-08	A
age.wks.scaled	Bacteroides	NA	0.0971386137493936	0.0564571663358108	1.72057189642865	1	11.11	0.000858634915080203	2.954	0.0856652857369641	A
age.wks.scaled	Bifidobacterium	NA	0.505889934331928	0.0455131040741471	11.1152588825355	1	168.6	0	123.6	0	A
age.wks.scaled	BorkfalkiaceaeNOV	NA	-0.128191190150758	0.045190361470364	-2.83669317924855	1	5.805	0.0159806678009246	8.037	0.0045831378209914	A
age.wks.scaled	ButyricicoccaceaeNOV	NA	-0.0739399958098862	0.0479488502866259	-1.54205982766827	1	9.707	0.00183567434676901	2.378	0.123054999442019	A
age.wks.scaled	CAG115	NA	0.124666740805833	0.0621476536456083	2.00597662973304	1	6.622	0.0100726659848801	4.018	0.045017067458057	A
age.wks.scaled	CAG145	NA	-0.152781242523702	0.0426437383756454	-3.58273566866637	1	11.54	0.000681146401065535	12.84	0.000339287613504879	A
age.wks.scaled	CAG273	NA	-0.218590691830801	0.051378873355021	-4.25448589190286	1	19.19	1.18331656772108e-05	18.1	2.09601431154782e-05	A
age.wks.scaled	CAG274NOV	NA	-0.150202659582983	0.0480543675143668	-3.12568175073944	1	29.83	4.71637142673842e-08	9.765	0.00177865515395281	A
age.wks.scaled	CAG303	NA	-0.168073661681572	0.0558745595414738	-3.00805345153221	1	16.91	3.91945548233741e-05	9.061	0.00261119130937537	A
age.wks.scaled	CAG41	NA	-0.0228070296019671	0.0548819214013993	-0.41556543611437	1	2.566	0.109183496526387	0.1726	0.677811367606701	A
age.wks.scaled	CAG475	NA	-0.214249882038802	0.0429049647063452	-4.99359184898984	1	23.15	1.49843204411138e-06	24.94	5.91425017737457e-07	A
age.wks.scaled	CAG485	NA	0.113336856686722	0.0494982128190089	2.28971613785613	1	26.15	3.15897109359753e-07	5.243	0.0220352439714784	A
age.wks.scaled	CAG510	NA	0.210998653836653	0.0564398224728094	3.73847125295804	1	24.54	7.27830892999215e-07	13.98	0.00018476561784575	A
age.wks.scaled	CAG552NOV	NA	-0.150113052991253	0.0433953962577408	-3.45919304664664	1	11.89	0.000564361215146802	11.97	0.000540639413892152	A
age.wks.scaled	CAG56	NA	0.0964853407983464	0.0555796597223176	1.73598293477143	1	0.117	0.732311287193865	3.014	0.0825483544472416	A
age.wks.scaled	CAG582	NA	-0.193492665697149	0.0618784280547062	-3.12698094925883	1	6.642	0.00996020554460453	9.783	0.00176132704850152	A
age.wks.scaled	CAG776	NA	-0.169694958387955	0.0498999215082308	-3.40070591814386	1	6.126	0.0133207916877901	11.56	0.00067385853135371	A
age.wks.scaled	CAG81	NA	0.00374766603546389	0.0443260375759683	0.0845477340274537	1	2.898	0.0886895306612552	0.007148	0.932622453816035	A
age.wks.scaled	CAG873	NA	-0.0259414693788096	0.0509182377534943	-0.509473039982208	1	1.542	0.214320354519879	0.2596	0.610395093367221	A
age.wks.scaled	CAG95	NA	-0.191745377250822	0.0488102992614762	-3.92837946400705	1	28.71	8.40685006053832e-08	15.43	8.56182342044987e-05	A
age.wks.scaled	Chao1	NA	-0.0694544974142454	0.0499898262646199	-1.38937265047872	1	0.9382	0.33274118590092	1.931	0.164649081387463	A
age.wks.scaled	Clostridium	NA	0.152357304514563	0.0602843970007202	2.5273090898254	1	13.95	0.000187737655776843	6.397	0.0114313372019169	A
age.wks.scaled	ClostridiumQ	NA	0.0165127455228123	0.0507782407462713	0.325193336360809	1	3.362	0.0667169959010848	0.1058	0.744977400407727	A
age.wks.scaled	COE1	NA	-0.13588867889621	0.0472844630118911	-2.87385475567391	1	27.18	1.85366347493776e-07	8.259	0.00405504588241157	A
age.wks.scaled	D1663	NA	0.0801996576989743	0.0517466120378817	1.54985330518379	1	0.6523	0.41929156788886	2.402	0.121180235439191	A
age.wks.scaled	Desulfovibrio	NA	0.242291771562026	0.0669754642985512	3.61761988661969	1	14.93	0.000111574549918614	13.09	0.000296876351565611	A
age.wks.scaled	Dorea	NA	-0.123754338450856	0.0492130935651706	-2.51466285668415	1	26.19	3.09420723376697e-07	6.323	0.0119181827189885	A
age.wks.scaled	Dubosiella	NA	0.363226569733189	0.0481610166800796	7.54192072285357	1	73.98	0	56.88	4.6296300126869e-14	A
age.wks.scaled	Duncaniella	NA	-0.101904663699023	0.051282263088882	-1.98713273480936	1	0.8682	0.351454107136019	3.949	0.0468992300406588	A
age.wks.scaled	Emergencia	NA	-0.16183551967732	0.0459813649983718	-3.51958928759619	1	30.22	3.85711415029633e-08	12.39	0.00043163925417522	A
age.wks.scaled	EnterococcusD	NA	0.25096183816595	0.0481571627838771	5.2113086331982	1	46.69	8.31523738753503e-12	27.16	1.87293901943164e-07	A
age.wks.scaled	ErysipelatoclostridiaceaeNOV	NA	0.0429689354992117	0.0554275249893515	0.775227389414676	1	1.309	0.252575790629346	0.601	0.43819673495397	A
age.wks.scaled	Erysipelatoclostridium	NA	-0.106658017443389	0.0472167009325471	-2.25890448372829	1	2.069	0.150320056411596	5.103	0.0238845001189512	A
age.wks.scaled	ErysipelotrichaceaeNOV	NA	-0.165486564394307	0.0494860860435161	-3.34410291104421	1	22.48	2.123430039358e-06	11.18	0.000826837724550944	A
age.wks.scaled	Escherichia	NA	0.18408301872703	0.0474266050412898	3.88142939109317	1	28.38	9.96898967819959e-08	15.07	0.000103596706164999	A
age.wks.scaled	EubacteriumF	NA	-0.109554199135955	0.0572097835394767	-1.91495566593708	1	3.757	0.0525868491297208	3.667	0.0554999961167288	A
age.wks.scaled	EubacteriumG	NA	-0.183096938735173	0.0470529127529288	-3.89129871080672	1	36.16	1.81763359918818e-09	15.14	9.98256408034637e-05	A
age.wks.scaled	EubacteriumJ	NA	-0.126288190517224	0.0571365363859953	-2.21028782115989	1	16.38	5.18292427384992e-05	4.906	0.0267635509043497	A
age.wks.scaled	Evtepia	NA	0.0552209793016502	0.0507529562718517	1.08803473448652	1	1.135	0.286711337259371	1.184	0.276543176960449	A
age.wks.scaled	Flavonifractor	NA	0.0219281703551755	0.0523711246960344	0.418707264402819	1	1.342	0.246681571947744	0.1754	0.675356580629083	A
age.wks.scaled	HungatellaA	NA	-0.146741287997528	0.0469057059509154	-3.12843149938061	1	24.4	7.82686937150778e-07	9.787	0.00175749964738803	A
age.wks.scaled	Ileibacterium	NA	0.282105420639253	0.057955473759262	4.86762340708446	1	41.15	1.4098322509426e-10	23.72	1.11418637749328e-06	A
age.wks.scaled	Kineothrix	NA	0.116146638995543	0.056931097236066	2.04012647980309	1	13.38	0.000254321729090012	4.163	0.0413161640328364	A
age.wks.scaled	Lachnospira	NA	-0.228625317530696	0.049875666550815	-4.58390500501413	1	35.76	2.23183438397001e-09	21.01	4.56892416045296e-06	A
age.wks.scaled	LachnospiraceaeNOV	NA	-0.209483085100694	0.0509442959117617	-4.11200275421473	1	29.54	5.47745263590471e-08	16.91	3.91945548233741e-05	A
age.wks.scaled	Lactobacillus	NA	0.051358038997911	0.0475241942599799	1.08067143057614	1	14.16	0.000167902283130128	1.168	0.279812568031898	A
age.wks.scaled	Lawsonibacter	NA	-0.00195128187003464	0.0547563850535477	-0.0356356956020093	1	3.743	0.0530291541439443	0.00127	0.971571757980869	A
age.wks.scaled	Ligilactobacillus	NA	0.430450265406616	0.0585426860108809	7.35275906757355	1	105.8	0	54.06	1.94511073914327e-13	A
age.wks.scaled	Limosilactobacillus	NA	-0.00881761136943371	0.0510276776773789	-0.172800561788895	1	6.197	0.0127967033783867	0.02986	0.86280827312695	A
age.wks.scaled	Mailhella	NA	0.0436131230050802	0.0617549376633804	0.706228921204823	1	0.6674	0.413959556587536	0.4997	0.479631969241112	A
age.wks.scaled	MarseilleP3106	NA	-0.135713236918077	0.0519636885511111	-2.61169367883864	1	4.855	0.027566113738996	6.821	0.00900921079335004	A
age.wks.scaled	MuribaculaceaeNOV	NA	0.363967713599778	0.0644553870753403	5.64681603997422	1	42.78	6.12552231160635e-11	31.87	1.64843558803085e-08	A
age.wks.scaled	Muribaculum	NA	0.0596546064042576	0.0661569145489146	0.901713854266142	1	5.231	0.0221877724350253	0.8069	0.369038356725224	A
age.wks.scaled	Oscillibacter	NA	-0.0988043747712852	0.0540088455079446	-1.82941097596228	1	14.48	0.000141655586856304	3.347	0.0673276129178574	A
age.wks.scaled	OscillospiraceaeNOV	NA	-0.142842494352222	0.0494004696569554	-2.89152097832556	1	24.38	7.90854921994821e-07	8.361	0.00383359542017392	A
age.wks.scaled	Paramuribaculum	NA	0.0386541564823256	0.0524531909086862	0.736926692403083	1	11.53	0.000684820140778974	0.5429	0.461233351210461	A
age.wks.scaled	Parvibacter	NA	0.0033367228008062	0.0476975298165537	0.0699558826974763	1	0.00417	0.948511962561716	0.004897	0.944210717951752	A
age.wks.scaled	PCoA1	NA	0.141266132561431	0.0470234845528091	3.00416130163183	1	40.56	1.90670257360637e-10	9.025	0.00266311925913854	A
age.wks.scaled	PCoA2	NA	0.0932511729763382	0.0575790858222328	1.61953201661169	1	19.27	1.1347540532225e-05	2.621	0.105457961921979	A
age.wks.scaled	PCoA3	NA	-0.402161454356539	0.0625550600558799	-6.42891964290806	1	54.43	1.6109336087311e-13	41.33	1.28580257552358e-10	A
age.wks.scaled	Prevotella	NA	-0.0754429578617804	0.0530821601145139	-1.42124882821324	1	0.8384	0.359854772884122	2.02	0.155239141534765	A
age.wks.scaled	Romboutsia	NA	0.27809060150051	0.043253539484419	6.4293143362449	1	68.87	1.11022302462516e-16	41.35	1.27271415628627e-10	A
age.wks.scaled	Roseburia	NA	0.074986495771319	0.0558212397605742	1.34333268291689	1	1.792	0.180682672657601	1.804	0.179229665647614	A
age.wks.scaled	RuminiclostridiumE	NA	-0.14002588528337	0.050221165790985	-2.78818468424533	1	19.85	8.37627329530743e-06	7.776	0.00529448994646697	A
age.wks.scaled	Schaedlerella	NA	-0.128378865360724	0.0480919045521382	-2.66944856013228	1	36.17	1.80833026330873e-09	7.126	0.00759740290156674	A
age.wks.scaled	Shannon	NA	0.0687247391903432	0.0476065475619383	1.44359846932671	1	8.088	0.00445593083097784	2.084	0.14884966885836	A
age.wks.scaled	Simpson	NA	0.0295951684503013	0.0473176071321591	0.625457842101807	1	6.929	0.0084809095252576	0.3912	0.531669304400671	A
age.wks.scaled	Staphylococcus	NA	0.0672152169519409	0.0585185113375302	1.1486146078503	1	4.223	0.0398795922331383	1.319	0.250771598285257	A
age.wks.scaled	TF0111	NA	-0.14287342806075	0.0529586490378858	-2.6978299230885	1	28.93	7.50416305761448e-08	7.278	0.00698042124799492	A
age.wks.scaled	Turicibacter	NA	0.453732008503963	0.0504332172737118	8.99668974202979	1	92.76	0	81.28	0	A
age.wks.scaled	UBA11940	NA	-0.0768964839478119	0.0556870175072242	-1.38086913952316	1	6.817	0.00902941225410581	1.906	0.167408262894504	A
age.wks.scaled	UBA11957	NA	-0.20429211718555	0.0437180608304975	-4.67294553565919	1	91.33	0	21.87	2.91759721104956e-06	A
age.wks.scaled	UBA1394	NA	-0.185051662926155	0.0464715638555935	-3.98204079168043	1	12.34	0.000443355021455427	15.86	6.8205161639745e-05	A
age.wks.scaled	UBA1405	NA	0.121684216930295	0.0590934567432233	2.05918258359881	1	1.461	0.226771077311505	4.24	0.0394821670263262	A
age.wks.scaled	UBA2882	NA	-0.0683510180750017	0.0530099990257953	-1.28939859141935	1	2.873	0.0900768197719636	1.663	0.197198756219994	A
age.wks.scaled	UBA3282	NA	-0.0896824433766703	0.0531098120914385	-1.68862287108576	1	6.468	0.0109834069046923	2.852	0.0912603429159629	A
age.wks.scaled	UBA3700	NA	-0.132026120446691	0.0430546703844955	-3.06647616315826	1	7.449	0.00634717030773779	9.404	0.00216512572819372	A
age.wks.scaled	UBA3700NOV	NA	-0.188656620176304	0.0500796965111022	-3.76712786457244	1	1.705	0.191635382181937	14.19	0.000165246379252415	A
age.wks.scaled	UBA3818	NA	-0.0818914418607662	0.0555922189419265	-1.47307381175615	1	8.524	0.00350493283003817	2.17	0.140726233992614	A
age.wks.scaled	UBA7160	NA	0.0202724514290347	0.0508070701667352	0.399008471901763	1	0.006893	0.933832382391257	0.1592	0.689894127618158	A
age.wks.scaled	UBA7173	NA	-0.0966230749958599	0.0511369354560298	-1.8894967822024	1	1.179	0.27755966972017	3.572	0.0587614983469817	A
age.wks.scaled	UBA7182	NA	-0.171913839639344	0.0411017604447166	-4.18263932686227	1	78.28	0	17.49	2.88822858737214e-05	A
age.wks.scaled	UBA946	NA	-0.11287973390854	0.0519371087761467	-2.173392716084	1	4.406	0.0358127222691734	4.725	0.0297271833060546	A
age.wks.scaled	UBA9475	NA	-0.1865010997877	0.0472727874153258	-3.94521055314873	1	35.86	2.12017037259926e-09	15.56	7.99277607281823e-05	A
age.wks.scaled	UBA9502	NA	-0.100457394611462	0.0468120814695435	-2.14597154106084	1	29.69	5.0695665221312e-08	4.605	0.0318788532852357	A
age.wks.scaled	UMGS1004	NA	-0.11892755452364	0.0506171627590439	-2.34954999532034	1	0.04271	0.83627229105516	5.52	0.0188002587770489	A
age.wks.scaled	UMGS1217	NA	-0.163113776861516	0.0526448303952465	-3.09838165755102	1	11.41	0.000730498314872152	9.61	0.00193520642643674	A
age.wks.scaled	UMGS1370	NA	-0.0582838650279613	0.0435127165667024	-1.33946739313818	1	24.75	6.5268800986118e-07	1.796	0.180196828585606	A
age.wks.scaled	UMGS1815	NA	-0.0404880167862865	0.0421162211978011	-0.961340206571057	1	19.45	1.03267839539622e-05	0.9242	0.336374600575499	A
age.wks.scaled	UMGS1872	NA	0.0667422671475787	0.0488105464759033	1.36737389696155	1	0.008301	0.927405326816568	1.87	0.171475079508796	A
age.wks.scaled	UMGS268	NA	-0.279787256637731	0.0476975932753066	-5.86585690021763	1	33.97	5.59684065759569e-09	34.41	4.46423698008402e-09	A
age.wks.scaled	uniq	NA	0.312653596859242	0.0509989075677878	6.13059400230608	1	55.37	9.98090499138016e-14	37.6	8.68444760548925e-10	A
age.wks.scaled	X142	NA	0.00807603683198905	0.0488919336652917	0.165181375056193	1	3.961	0.0465660324627196	0.02729	0.868789042752481	A
age.wks.scaled	X1XD4269	NA	-0.235812984817239	0.0604288859570524	-3.90232222690377	1	15.39	8.74498653670175e-05	15.22	9.56846697618419e-05	A
age.wks.scaled	X1XD876	NA	0.074646765293267	0.0468863895005684	1.59207748961694	1	0.1939	0.659690311260002	2.534	0.111417453954193	A
Diet.5mo.as.AL	Acetatifactor	AL	0	NA	NA	4	3.5136	0.475813450059209	3.5136	0.475813450059209	A
Diet.5mo.as.AL	Acetatifactor	1D	0.205252341718896	0.182473353878749	1.12483459834516	4	3.5136	0.475813450059209	3.5136	0.475813450059209	A
Diet.5mo.as.AL	Acetatifactor	2D	0.227791729136531	0.171387787258318	1.32910129000732	4	3.5136	0.475813450059209	3.5136	0.475813450059209	A
Diet.5mo.as.AL	Acetatifactor	20	0.0378421812653684	0.16949706729212	0.223261569476888	4	3.5136	0.475813450059209	3.5136	0.475813450059209	A
Diet.5mo.as.AL	Acetatifactor	40	0.259663761928405	0.178859298952944	1.45177669513688	4	3.5136	0.475813450059209	3.5136	0.475813450059209	A
Diet.5mo.as.AL	Acutalibacter	AL	0	NA	NA	4	47.64	1.12177878097697e-09	47.64	1.12177878097697e-09	A
Diet.5mo.as.AL	Acutalibacter	1D	-0.125145708818979	0.142944053616619	-0.87548733684735	4	47.64	1.12177878097697e-09	47.64	1.12177878097697e-09	A
Diet.5mo.as.AL	Acutalibacter	2D	-0.46634929111105	0.130450234572718	-3.57492106195554	4	47.64	1.12177878097697e-09	47.64	1.12177878097697e-09	A
Diet.5mo.as.AL	Acutalibacter	20	-0.739076858962256	0.126918255584497	-5.82325100166704	4	47.64	1.12177878097697e-09	47.64	1.12177878097697e-09	A
Diet.5mo.as.AL	Acutalibacter	40	-0.698189139143028	0.135248139065245	-5.16228277866518	4	47.64	1.12177878097697e-09	47.64	1.12177878097697e-09	A
Diet.5mo.as.AL	Adlercreutzia	AL	0	NA	NA	4	10.564	0.0319267328779245	10.564	0.0319267328779245	A
Diet.5mo.as.AL	Adlercreutzia	1D	0.187597865653119	0.165344445989828	1.13458825018326	4	10.564	0.0319267328779245	10.564	0.0319267328779245	A
Diet.5mo.as.AL	Adlercreutzia	2D	0.300342497940376	0.151725894943389	1.97950717675739	4	10.564	0.0319267328779245	10.564	0.0319267328779245	A
Diet.5mo.as.AL	Adlercreutzia	20	0.065517765960716	0.147591182873925	0.443913821171029	4	10.564	0.0319267328779245	10.564	0.0319267328779245	A
Diet.5mo.as.AL	Adlercreutzia	40	-0.215372712824845	0.156325792682106	-1.37771706849946	4	10.564	0.0319267328779245	10.564	0.0319267328779245	A
Diet.5mo.as.AL	AF3328	AL	0	NA	NA	4	9.848	0.0430674363914728	9.848	0.0430674363914728	A
Diet.5mo.as.AL	AF3328	1D	0.208738858973921	0.15829847247794	1.31864101849125	4	9.848	0.0430674363914728	9.848	0.0430674363914728	A
Diet.5mo.as.AL	AF3328	2D	-0.136685822061523	0.145628623936378	-0.9385917298871	4	9.848	0.0430674363914728	9.848	0.0430674363914728	A
Diet.5mo.as.AL	AF3328	20	-0.153724406824872	0.142910517876982	-1.07566895081297	4	9.848	0.0430674363914728	9.848	0.0430674363914728	A
Diet.5mo.as.AL	AF3328	40	-0.301808943050308	0.152657720622592	-1.97703032522315	4	9.848	0.0430674363914728	9.848	0.0430674363914728	A
Diet.5mo.as.AL	Akkermansia	AL	0	NA	NA	4	20.408	0.000414793752747	20.408	0.000414793752747	A
Diet.5mo.as.AL	Akkermansia	1D	0.151875094297643	0.171614765760446	0.884976846978556	4	20.408	0.000414793752747	20.408	0.000414793752747	A
Diet.5mo.as.AL	Akkermansia	2D	-0.202635782780041	0.158193833391059	-1.28093351324966	4	20.408	0.000414793752747	20.408	0.000414793752747	A
Diet.5mo.as.AL	Akkermansia	20	0.220697068003761	0.153887961725745	1.43414121240414	4	20.408	0.000414793752747	20.408	0.000414793752747	A
Diet.5mo.as.AL	Akkermansia	40	0.555628299102945	0.162574517929789	3.41768381772415	4	20.408	0.000414793752747	20.408	0.000414793752747	A
Diet.5mo.as.AL	Alistipes	AL	0	NA	NA	4	5.884	0.207980325796886	5.884	0.207980325796886	A
Diet.5mo.as.AL	Alistipes	1D	0.00520533027475785	0.129811728633457	0.0400990752496323	4	5.884	0.207980325796886	5.884	0.207980325796886	A
Diet.5mo.as.AL	Alistipes	2D	0.0688409301985364	0.12204373253931	0.56406772200582	4	5.884	0.207980325796886	5.884	0.207980325796886	A
Diet.5mo.as.AL	Alistipes	20	0.212311334694844	0.117370065931264	1.80890530315609	4	5.884	0.207980325796886	5.884	0.207980325796886	A
Diet.5mo.as.AL	Alistipes	40	0.234120202015838	0.125043298775385	1.87231306522381	4	5.884	0.207980325796886	5.884	0.207980325796886	A
Diet.5mo.as.AL	AM0715	AL	0	NA	NA	4	34.484	5.92880265104512e-07	34.484	5.92880265104512e-07	A
Diet.5mo.as.AL	AM0715	1D	-0.0325605324324823	0.166010843155182	-0.196134974159765	4	34.484	5.92880265104512e-07	34.484	5.92880265104512e-07	A
Diet.5mo.as.AL	AM0715	2D	-0.132014913389202	0.154810361243476	-0.852752440655939	4	34.484	5.92880265104512e-07	34.484	5.92880265104512e-07	A
Diet.5mo.as.AL	AM0715	20	-0.682441882551562	0.153407807226661	-4.44854727336824	4	34.484	5.92880265104512e-07	34.484	5.92880265104512e-07	A
Diet.5mo.as.AL	AM0715	40	-0.701915876023399	0.162075168163251	-4.33080455185085	4	34.484	5.92880265104512e-07	34.484	5.92880265104512e-07	A
Diet.5mo.as.AL	Anaerotignum	AL	0	NA	NA	4	11.964	0.0176209879310004	11.964	0.0176209879310004	A
Diet.5mo.as.AL	Anaerotignum	1D	-0.304463430958174	0.173406862989919	-1.75577497746369	4	11.964	0.0176209879310004	11.964	0.0176209879310004	A
Diet.5mo.as.AL	Anaerotignum	2D	-0.535671879644905	0.159469718288551	-3.35908212163289	4	11.964	0.0176209879310004	11.964	0.0176209879310004	A
Diet.5mo.as.AL	Anaerotignum	20	-0.271929247407616	0.155272007152575	-1.75130889588109	4	11.964	0.0176209879310004	11.964	0.0176209879310004	A
Diet.5mo.as.AL	Anaerotignum	40	-0.320842478013947	0.164736825476179	-1.94760629316814	4	11.964	0.0176209879310004	11.964	0.0176209879310004	A
Diet.5mo.as.AL	Anaerotruncus	AL	0	NA	NA	4	24.188	7.32343569418425e-05	24.188	7.32343569418425e-05	A
Diet.5mo.as.AL	Anaerotruncus	1D	-0.249591402373774	0.180389664123802	-1.38362363268484	4	24.188	7.32343569418425e-05	24.188	7.32343569418425e-05	A
Diet.5mo.as.AL	Anaerotruncus	2D	-0.601944052338236	0.168516632768684	-3.57201566663452	4	24.188	7.32343569418425e-05	24.188	7.32343569418425e-05	A
Diet.5mo.as.AL	Anaerotruncus	20	-0.576490613706291	0.166715910311321	-3.45792199814503	4	24.188	7.32343569418425e-05	24.188	7.32343569418425e-05	A
Diet.5mo.as.AL	Anaerotruncus	40	-0.680085317650902	0.174551324332735	-3.89619110740463	4	24.188	7.32343569418425e-05	24.188	7.32343569418425e-05	A
Diet.5mo.as.AL	AnaerovoracaceaeNOV	AL	0	NA	NA	4	13.32	0.00981358119714304	13.32	0.00981358119714304	A
Diet.5mo.as.AL	AnaerovoracaceaeNOV	1D	0.233233460053532	0.167596244394489	1.39163894093322	4	13.32	0.00981358119714304	13.32	0.00981358119714304	A
Diet.5mo.as.AL	AnaerovoracaceaeNOV	2D	-0.343619614363165	0.153750962359802	-2.23491033219707	4	13.32	0.00981358119714304	13.32	0.00981358119714304	A
Diet.5mo.as.AL	AnaerovoracaceaeNOV	20	-0.14622577494973	0.149952959335468	-0.975144309240339	4	13.32	0.00981358119714304	13.32	0.00981358119714304	A
Diet.5mo.as.AL	AnaerovoracaceaeNOV	40	-0.263571072684727	0.160405187975809	-1.64315803005372	4	13.32	0.00981358119714304	13.32	0.00981358119714304	A
Diet.5mo.as.AL	Angelakisella	AL	0	NA	NA	4	23.728	9.05537204202167e-05	23.728	9.05537204202167e-05	A
Diet.5mo.as.AL	Angelakisella	1D	-0.445241827487565	0.171296826596397	-2.59924154074743	4	23.728	9.05537204202167e-05	23.728	9.05537204202167e-05	A
Diet.5mo.as.AL	Angelakisella	2D	-0.640773009938736	0.158200073172325	-4.05039641948049	4	23.728	9.05537204202167e-05	23.728	9.05537204202167e-05	A
Diet.5mo.as.AL	Angelakisella	20	-0.537122494381086	0.156213103995558	-3.4383958876866	4	23.728	9.05537204202167e-05	23.728	9.05537204202167e-05	A
Diet.5mo.as.AL	Angelakisella	40	-0.59738493286868	0.165040111765566	-3.61963480561166	4	23.728	9.05537204202167e-05	23.728	9.05537204202167e-05	A
Diet.5mo.as.AL	ASF356	AL	0	NA	NA	4	13.296	0.00991649423129237	13.296	0.00991649423129237	A
Diet.5mo.as.AL	ASF356	1D	-0.269176143429403	0.164455357724576	-1.63677332957562	4	13.296	0.00991649423129237	13.296	0.00991649423129237	A
Diet.5mo.as.AL	ASF356	2D	-0.417706556605307	0.149956888044433	-2.78551096953638	4	13.296	0.00991649423129237	13.296	0.00991649423129237	A
Diet.5mo.as.AL	ASF356	20	-0.207794846087992	0.14738768743047	-1.40985213697731	4	13.296	0.00991649423129237	13.296	0.00991649423129237	A
Diet.5mo.as.AL	ASF356	40	-0.494330757479323	0.153326358696124	-3.22404289571	4	13.296	0.00991649423129237	13.296	0.00991649423129237	A
Diet.5mo.as.AL	Bacteroides	AL	0	NA	NA	4	19.748	0.000559971100802636	19.748	0.000559971100802636	A
Diet.5mo.as.AL	Bacteroides	1D	0.0794314255720427	0.17710765942067	0.448492322872245	4	19.748	0.000559971100802636	19.748	0.000559971100802636	A
Diet.5mo.as.AL	Bacteroides	2D	0.599090300991797	0.164044332752784	3.65200242482398	4	19.748	0.000559971100802636	19.748	0.000559971100802636	A
Diet.5mo.as.AL	Bacteroides	20	0.52667539620513	0.161657588606492	3.25796890047128	4	19.748	0.000559971100802636	19.748	0.000559971100802636	A
Diet.5mo.as.AL	Bacteroides	40	0.343982091018697	0.170844067841148	2.01342718752478	4	19.748	0.000559971100802636	19.748	0.000559971100802636	A
Diet.5mo.as.AL	Bifidobacterium	AL	0	NA	NA	4	18.332	0.00106269071056575	18.332	0.00106269071056575	A
Diet.5mo.as.AL	Bifidobacterium	1D	0.0745197087511922	0.150279984178506	0.49587248201115	4	18.332	0.00106269071056575	18.332	0.00106269071056575	A
Diet.5mo.as.AL	Bifidobacterium	2D	0.0933570283880386	0.140273305571609	0.665536667918474	4	18.332	0.00106269071056575	18.332	0.00106269071056575	A
Diet.5mo.as.AL	Bifidobacterium	20	-0.122307677282878	0.137517343194398	-0.889398198378371	4	18.332	0.00106269071056575	18.332	0.00106269071056575	A
Diet.5mo.as.AL	Bifidobacterium	40	0.522937479146801	0.146556115580891	3.5681723486876	4	18.332	0.00106269071056575	18.332	0.00106269071056575	A
Diet.5mo.as.AL	BorkfalkiaceaeNOV	AL	0	NA	NA	4	9.672	0.0463305193721313	9.672	0.0463305193721313	A
Diet.5mo.as.AL	BorkfalkiaceaeNOV	1D	0.0660817489215044	0.181382168275819	0.364323293461885	4	9.672	0.0463305193721313	9.672	0.0463305193721313	A
Diet.5mo.as.AL	BorkfalkiaceaeNOV	2D	-0.100417700011303	0.16605395908122	-0.604729333566729	4	9.672	0.0463305193721313	9.672	0.0463305193721313	A
Diet.5mo.as.AL	BorkfalkiaceaeNOV	20	0.138067502224056	0.162653394573029	0.84884488630863	4	9.672	0.0463305193721313	9.672	0.0463305193721313	A
Diet.5mo.as.AL	BorkfalkiaceaeNOV	40	0.444804388641105	0.169736798216508	2.62055366493796	4	9.672	0.0463305193721313	9.672	0.0463305193721313	A
Diet.5mo.as.AL	ButyricicoccaceaeNOV	AL	0	NA	NA	4	28.844	8.40902571919155e-06	28.844	8.40902571919155e-06	A
Diet.5mo.as.AL	ButyricicoccaceaeNOV	1D	-0.213220349526525	0.164558544064376	-1.29571120563095	4	28.844	8.40902571919155e-06	28.844	8.40902571919155e-06	A
Diet.5mo.as.AL	ButyricicoccaceaeNOV	2D	-0.726014760751736	0.151858297862597	-4.78086986994047	4	28.844	8.40902571919155e-06	28.844	8.40902571919155e-06	A
Diet.5mo.as.AL	ButyricicoccaceaeNOV	20	-0.482332722549618	0.151113769903453	-3.19185156228834	4	28.844	8.40902571919155e-06	28.844	8.40902571919155e-06	A
Diet.5mo.as.AL	ButyricicoccaceaeNOV	40	-0.0871848816370791	0.158314242161509	-0.550707759748707	4	28.844	8.40902571919155e-06	28.844	8.40902571919155e-06	A
Diet.5mo.as.AL	CAG115	AL	0	NA	NA	4	16.656	0.0022541566426032	16.656	0.0022541566426032	A
Diet.5mo.as.AL	CAG115	1D	0.448349857045579	0.16942550978937	2.64629486789191	4	16.656	0.0022541566426032	16.656	0.0022541566426032	A
Diet.5mo.as.AL	CAG115	2D	-0.21462383140738	0.158053347569917	-1.35792018775457	4	16.656	0.0022541566426032	16.656	0.0022541566426032	A
Diet.5mo.as.AL	CAG115	20	0.0482737208935699	0.152436413045702	0.316681033940998	4	16.656	0.0022541566426032	16.656	0.0022541566426032	A
Diet.5mo.as.AL	CAG115	40	0.299775710327041	0.165404397647292	1.81238053274908	4	16.656	0.0022541566426032	16.656	0.0022541566426032	A
Diet.5mo.as.AL	CAG145	AL	0	NA	NA	4	2.3356	0.674295274280162	2.3356	0.674295274280162	A
Diet.5mo.as.AL	CAG145	1D	0.113388315576756	0.177065529741081	0.640374869928447	4	2.3356	0.674295274280162	2.3356	0.674295274280162	A
Diet.5mo.as.AL	CAG145	2D	0.224595636621573	0.1637025039488	1.37197435105708	4	2.3356	0.674295274280162	2.3356	0.674295274280162	A
Diet.5mo.as.AL	CAG145	20	0.165052769386808	0.159719472469976	1.03339165121419	4	2.3356	0.674295274280162	2.3356	0.674295274280162	A
Diet.5mo.as.AL	CAG145	40	0.0803854253629859	0.168248437405777	0.477778139294777	4	2.3356	0.674295274280162	2.3356	0.674295274280162	A
Diet.5mo.as.AL	CAG273	AL	0	NA	NA	4	7.34	0.118975114651	7.34	0.118975114651	A
Diet.5mo.as.AL	CAG273	1D	-0.0325756378057116	0.169897688678012	-0.191736792061065	4	7.34	0.118975114651	7.34	0.118975114651	A
Diet.5mo.as.AL	CAG273	2D	0.18940271411213	0.1550764345492	1.22135071432816	4	7.34	0.118975114651	7.34	0.118975114651	A
Diet.5mo.as.AL	CAG273	20	0.276101215200203	0.151090171229729	1.82739362165655	4	7.34	0.118975114651	7.34	0.118975114651	A
Diet.5mo.as.AL	CAG273	40	-0.103893450649851	0.159843629231287	-0.649969292798784	4	7.34	0.118975114651	7.34	0.118975114651	A
Diet.5mo.as.AL	CAG274NOV	AL	0	NA	NA	4	38.464	8.98850243125082e-08	38.464	8.98850243125082e-08	A
Diet.5mo.as.AL	CAG274NOV	1D	-0.189448087489814	0.167847437313359	-1.12869216547005	4	38.464	8.98850243125082e-08	38.464	8.98850243125082e-08	A
Diet.5mo.as.AL	CAG274NOV	2D	-0.773268618156532	0.156602578239196	-4.93777705866015	4	38.464	8.98850243125082e-08	38.464	8.98850243125082e-08	A
Diet.5mo.as.AL	CAG274NOV	20	-0.197847097339386	0.15416347941155	-1.28335905555959	4	38.464	8.98850243125082e-08	38.464	8.98850243125082e-08	A
Diet.5mo.as.AL	CAG274NOV	40	-0.793440879230622	0.161971837556133	-4.89863479480283	4	38.464	8.98850243125082e-08	38.464	8.98850243125082e-08	A
Diet.5mo.as.AL	CAG303	AL	0	NA	NA	4	5.484	0.241139476520562	5.484	0.241139476520562	A
Diet.5mo.as.AL	CAG303	1D	-0.362380868777858	0.181956632389698	-1.99157823498153	4	5.484	0.241139476520562	5.484	0.241139476520562	A
Diet.5mo.as.AL	CAG303	2D	-0.257137001553472	0.169482984843784	-1.51718475922807	4	5.484	0.241139476520562	5.484	0.241139476520562	A
Diet.5mo.as.AL	CAG303	20	-0.270005051174624	0.166750526625986	-1.61921558293026	4	5.484	0.241139476520562	5.484	0.241139476520562	A
Diet.5mo.as.AL	CAG303	40	-0.135695200050954	0.176696524834557	-0.767956246892838	4	5.484	0.241139476520562	5.484	0.241139476520562	A
Diet.5mo.as.AL	CAG41	AL	0	NA	NA	4	23.732	9.03868444627198e-05	23.732	9.03868444627198e-05	A
Diet.5mo.as.AL	CAG41	1D	-0.145784342178165	0.178712150258454	-0.8157494718033	4	23.732	9.03868444627198e-05	23.732	9.03868444627198e-05	A
Diet.5mo.as.AL	CAG41	2D	-0.784143664395008	0.166169105525491	-4.71894978260395	4	23.732	9.03868444627198e-05	23.732	9.03868444627198e-05	A
Diet.5mo.as.AL	CAG41	20	-0.111428895805174	0.162667572875013	-0.685009887562478	4	23.732	9.03868444627198e-05	23.732	9.03868444627198e-05	A
Diet.5mo.as.AL	CAG41	40	-0.270742882971869	0.172297025819976	-1.57137293393998	4	23.732	9.03868444627198e-05	23.732	9.03868444627198e-05	A
Diet.5mo.as.AL	CAG475	AL	0	NA	NA	4	14.72	0.00531861912174192	14.72	0.00531861912174192	A
Diet.5mo.as.AL	CAG475	1D	-0.041022409886945	0.176150277091949	-0.23288302785656	4	14.72	0.00531861912174192	14.72	0.00531861912174192	A
Diet.5mo.as.AL	CAG475	2D	-0.149677056448663	0.16256197504844	-0.920738422402057	4	14.72	0.00531861912174192	14.72	0.00531861912174192	A
Diet.5mo.as.AL	CAG475	20	0.462992713587115	0.159177463955304	2.90865743229281	4	14.72	0.00531861912174192	14.72	0.00531861912174192	A
Diet.5mo.as.AL	CAG475	40	0.270138671808824	0.166980987502389	1.61778101716496	4	14.72	0.00531861912174192	14.72	0.00531861912174192	A
Diet.5mo.as.AL	CAG485	AL	0	NA	NA	4	36.992	1.8081513453172e-07	36.992	1.8081513453172e-07	A
Diet.5mo.as.AL	CAG485	1D	0.315185844768612	0.164595414060523	1.91491267583382	4	36.992	1.8081513453172e-07	36.992	1.8081513453172e-07	A
Diet.5mo.as.AL	CAG485	2D	0.77982437914539	0.151509904393768	5.14701914878553	4	36.992	1.8081513453172e-07	36.992	1.8081513453172e-07	A
Diet.5mo.as.AL	CAG485	20	0.595197929527716	0.148913111980906	3.99694776108119	4	36.992	1.8081513453172e-07	36.992	1.8081513453172e-07	A
Diet.5mo.as.AL	CAG485	40	0.720745922565977	0.157825185574924	4.56673578390199	4	36.992	1.8081513453172e-07	36.992	1.8081513453172e-07	A
Diet.5mo.as.AL	CAG510	AL	0	NA	NA	4	37.196	1.64135672497956e-07	37.196	1.64135672497956e-07	A
Diet.5mo.as.AL	CAG510	1D	0.28522448776384	0.149354782500337	1.90971111195048	4	37.196	1.64135672497956e-07	37.196	1.64135672497956e-07	A
Diet.5mo.as.AL	CAG510	2D	-0.0244589054105311	0.139082752375849	-0.17585865244049	4	37.196	1.64135672497956e-07	37.196	1.64135672497956e-07	A
Diet.5mo.as.AL	CAG510	20	-0.0718663742181364	0.135892507824315	-0.528847214380996	4	37.196	1.64135672497956e-07	37.196	1.64135672497956e-07	A
Diet.5mo.as.AL	CAG510	40	0.736272747727364	0.145717652529221	5.05273544383868	4	37.196	1.64135672497956e-07	37.196	1.64135672497956e-07	A
Diet.5mo.as.AL	CAG552NOV	AL	0	NA	NA	4	1.9232	0.749881913705877	1.9232	0.749881913705877	A
Diet.5mo.as.AL	CAG552NOV	1D	0.199753563791099	0.183518648212407	1.08846466414629	4	1.9232	0.749881913705877	1.9232	0.749881913705877	A
Diet.5mo.as.AL	CAG552NOV	2D	0.0984793749385962	0.169470446716872	0.581100580345564	4	1.9232	0.749881913705877	1.9232	0.749881913705877	A
Diet.5mo.as.AL	CAG552NOV	20	-0.0190336270942684	0.166488372867041	-0.114324062194234	4	1.9232	0.749881913705877	1.9232	0.749881913705877	A
Diet.5mo.as.AL	CAG552NOV	40	0.144767562171564	0.172796111074088	0.837794098904766	4	1.9232	0.749881913705877	1.9232	0.749881913705877	A
Diet.5mo.as.AL	CAG56	AL	0	NA	NA	4	25.784	3.49816519085167e-05	25.784	3.49816519085167e-05	A
Diet.5mo.as.AL	CAG56	1D	-0.164790453957577	0.177787368471598	-0.92689629963167	4	25.784	3.49816519085167e-05	25.784	3.49816519085167e-05	A
Diet.5mo.as.AL	CAG56	2D	-0.115254835896036	0.166217444551793	-0.693397953547065	4	25.784	3.49816519085167e-05	25.784	3.49816519085167e-05	A
Diet.5mo.as.AL	CAG56	20	-0.498554455301194	0.162915073975956	-3.0602107167491	4	25.784	3.49816519085167e-05	25.784	3.49816519085167e-05	A
Diet.5mo.as.AL	CAG56	40	-0.78570057389195	0.171954104570225	-4.56924582205058	4	25.784	3.49816519085167e-05	25.784	3.49816519085167e-05	A
Diet.5mo.as.AL	CAG582	AL	0	NA	NA	4	6.628	0.156901909046881	6.628	0.156901909046881	A
Diet.5mo.as.AL	CAG582	1D	0.0893530362509593	0.170652646974956	0.523595958427016	4	6.628	0.156901909046881	6.628	0.156901909046881	A
Diet.5mo.as.AL	CAG582	2D	0.284555956822918	0.156493151633687	1.81832849458483	4	6.628	0.156901909046881	6.628	0.156901909046881	A
Diet.5mo.as.AL	CAG582	20	0.0853242466260277	0.152769533897555	0.558516115413723	4	6.628	0.156901909046881	6.628	0.156901909046881	A
Diet.5mo.as.AL	CAG582	40	0.359910438558362	0.15961003640768	2.25493613471191	4	6.628	0.156901909046881	6.628	0.156901909046881	A
Diet.5mo.as.AL	CAG776	AL	0	NA	NA	4	9.032	0.0603045911261281	9.032	0.0603045911261281	A
Diet.5mo.as.AL	CAG776	1D	0.188225953435085	0.166875996098639	1.12793905555971	4	9.032	0.0603045911261281	9.032	0.0603045911261281	A
Diet.5mo.as.AL	CAG776	2D	0.37001372562341	0.152467477812878	2.42683706014685	4	9.032	0.0603045911261281	9.032	0.0603045911261281	A
Diet.5mo.as.AL	CAG776	20	0.302974989054852	0.149542476718035	2.02601291421779	4	9.032	0.0603045911261281	9.032	0.0603045911261281	A
Diet.5mo.as.AL	CAG776	40	0.375616264067308	0.156187524256192	2.40490567896569	4	9.032	0.0603045911261281	9.032	0.0603045911261281	A
Diet.5mo.as.AL	CAG81	AL	0	NA	NA	4	15.588	0.00362489364925878	15.588	0.00362489364925878	A
Diet.5mo.as.AL	CAG81	1D	-0.275552658398417	0.167368160361462	-1.64638637243374	4	15.588	0.00362489364925878	15.588	0.00362489364925878	A
Diet.5mo.as.AL	CAG81	2D	-0.510167267211179	0.153478628893798	-3.32402804799748	4	15.588	0.00362489364925878	15.588	0.00362489364925878	A
Diet.5mo.as.AL	CAG81	20	-0.383120959607178	0.150105661337273	-2.55234183836905	4	15.588	0.00362489364925878	15.588	0.00362489364925878	A
Diet.5mo.as.AL	CAG81	40	-0.485671793253908	0.157858820391783	-3.07662119892028	4	15.588	0.00362489364925878	15.588	0.00362489364925878	A
Diet.5mo.as.AL	CAG873	AL	0	NA	NA	4	15.432	0.00388419477053137	15.432	0.00388419477053137	A
Diet.5mo.as.AL	CAG873	1D	0.339969718547594	0.180379135798101	1.88475078918287	4	15.432	0.00388419477053137	15.432	0.00388419477053137	A
Diet.5mo.as.AL	CAG873	2D	0.535853069351531	0.165918857424929	3.22960920577688	4	15.432	0.00388419477053137	15.432	0.00388419477053137	A
Diet.5mo.as.AL	CAG873	20	0.450782571006762	0.162602637662358	2.77229556351235	4	15.432	0.00388419477053137	15.432	0.00388419477053137	A
Diet.5mo.as.AL	CAG873	40	0.494988031225862	0.172091865662269	2.87630115067307	4	15.432	0.00388419477053137	15.432	0.00388419477053137	A
Diet.5mo.as.AL	CAG95	AL	0	NA	NA	4	9.824	0.0434990658272338	9.824	0.0434990658272338	A
Diet.5mo.as.AL	CAG95	1D	-0.169901020466779	0.163544498417128	-1.0388672325341	4	9.824	0.0434990658272338	9.824	0.0434990658272338	A
Diet.5mo.as.AL	CAG95	2D	-0.445868396763786	0.149114782765927	-2.99010191004125	4	9.824	0.0434990658272338	9.824	0.0434990658272338	A
Diet.5mo.as.AL	CAG95	20	-0.290061010491627	0.146496350208114	-1.97998796611358	4	9.824	0.0434990658272338	9.824	0.0434990658272338	A
Diet.5mo.as.AL	CAG95	40	-0.240049501873792	0.152913576417361	-1.56983773120709	4	9.824	0.0434990658272338	9.824	0.0434990658272338	A
Diet.5mo.as.AL	Chao1	AL	0	NA	NA	4	3.048	0.549825097804718	3.048	0.549825097804718	A
Diet.5mo.as.AL	Chao1	1D	-0.0056828482109412	0.167901687176546	-0.0338462841351069	4	3.048	0.549825097804718	3.048	0.549825097804718	A
Diet.5mo.as.AL	Chao1	2D	0.103061825524743	0.153572088902572	0.67109737362579	4	3.048	0.549825097804718	3.048	0.549825097804718	A
Diet.5mo.as.AL	Chao1	20	0.23603051910669	0.151635383995017	1.55656623730017	4	3.048	0.549825097804718	3.048	0.549825097804718	A
Diet.5mo.as.AL	Chao1	40	0.149406603054135	0.15812281954405	0.944876922160582	4	3.048	0.549825097804718	3.048	0.549825097804718	A
Diet.5mo.as.AL	Clostridium	AL	0	NA	NA	4	25.288	4.40273231785415e-05	25.288	4.40273231785415e-05	A
Diet.5mo.as.AL	Clostridium	1D	0.0333485306291366	0.159586825420525	0.20896794294429	4	25.288	4.40273231785415e-05	25.288	4.40273231785415e-05	A
Diet.5mo.as.AL	Clostridium	2D	-0.0148128294038125	0.146132722359181	-0.101365588518934	4	25.288	4.40273231785415e-05	25.288	4.40273231785415e-05	A
Diet.5mo.as.AL	Clostridium	20	0.195158530689223	0.142556164255384	1.36899398008215	4	25.288	4.40273231785415e-05	25.288	4.40273231785415e-05	A
Diet.5mo.as.AL	Clostridium	40	0.664637501446156	0.150921140235159	4.40387278025165	4	25.288	4.40273231785415e-05	25.288	4.40273231785415e-05	A
Diet.5mo.as.AL	ClostridiumQ	AL	0	NA	NA	4	39.788	4.78814360382884e-08	39.788	4.78814360382884e-08	A
Diet.5mo.as.AL	ClostridiumQ	1D	-0.246864795145632	0.169365979974135	-1.45758194876759	4	39.788	4.78814360382884e-08	39.788	4.78814360382884e-08	A
Diet.5mo.as.AL	ClostridiumQ	2D	-0.387476540045519	0.156684124663791	-2.47297893693415	4	39.788	4.78814360382884e-08	39.788	4.78814360382884e-08	A
Diet.5mo.as.AL	ClostridiumQ	20	-0.239189068772344	0.155174354742454	-1.54142138479861	4	39.788	4.78814360382884e-08	39.788	4.78814360382884e-08	A
Diet.5mo.as.AL	ClostridiumQ	40	-1.0119114673704	0.16355505337558	-6.18697769641329	4	39.788	4.78814360382884e-08	39.788	4.78814360382884e-08	A
Diet.5mo.as.AL	COE1	AL	0	NA	NA	4	32.7	1.37589312310116e-06	32.7	1.37589312310116e-06	A
Diet.5mo.as.AL	COE1	1D	-0.225969674443099	0.163287980794748	-1.38387206053544	4	32.7	1.37589312310116e-06	32.7	1.37589312310116e-06	A
Diet.5mo.as.AL	COE1	2D	-0.359405708160088	0.151233600859862	-2.37649375612715	4	32.7	1.37589312310116e-06	32.7	1.37589312310116e-06	A
Diet.5mo.as.AL	COE1	20	-0.535400007827373	0.147639833990469	-3.62639264320723	4	32.7	1.37589312310116e-06	32.7	1.37589312310116e-06	A
Diet.5mo.as.AL	COE1	40	-0.834162500275504	0.156225545461674	-5.33947567800393	4	32.7	1.37589312310116e-06	32.7	1.37589312310116e-06	A
Diet.5mo.as.AL	D1663	AL	0	NA	NA	4	40.96	2.73957558860616e-08	40.96	2.73957558860616e-08	A
Diet.5mo.as.AL	D1663	1D	0.253003700364027	0.14602680366395	1.73258397784466	4	40.96	2.73957558860616e-08	40.96	2.73957558860616e-08	A
Diet.5mo.as.AL	D1663	2D	0.143432613221082	0.133694499728961	1.07283854991689	4	40.96	2.73957558860616e-08	40.96	2.73957558860616e-08	A
Diet.5mo.as.AL	D1663	20	-0.0906435617812318	0.129345621294373	-0.700785700158641	4	40.96	2.73957558860616e-08	40.96	2.73957558860616e-08	A
Diet.5mo.as.AL	D1663	40	-0.624442188383364	0.138700915553449	-4.50207690332609	4	40.96	2.73957558860616e-08	40.96	2.73957558860616e-08	A
Diet.5mo.as.AL	Desulfovibrio	AL	0	NA	NA	4	0.8388	0.933171991302904	0.8388	0.933171991302904	A
Diet.5mo.as.AL	Desulfovibrio	1D	0.065513001245787	0.152703926924119	0.429019754536775	4	0.8388	0.933171991302904	0.8388	0.933171991302904	A
Diet.5mo.as.AL	Desulfovibrio	2D	-0.0497738556520178	0.140280602771866	-0.354816379945013	4	0.8388	0.933171991302904	0.8388	0.933171991302904	A
Diet.5mo.as.AL	Desulfovibrio	20	-0.0127685521833606	0.13636686953789	-0.0936338292917455	4	0.8388	0.933171991302904	0.8388	0.933171991302904	A
Diet.5mo.as.AL	Desulfovibrio	40	0.0771500903103685	0.142466583712321	0.541531131722478	4	0.8388	0.933171991302904	0.8388	0.933171991302904	A
Diet.5mo.as.AL	Dorea	AL	0	NA	NA	4	35.176	4.27426373628137e-07	35.176	4.27426373628137e-07	A
Diet.5mo.as.AL	Dorea	1D	-0.232225036416048	0.153471963364919	-1.51314306095032	4	35.176	4.27426373628137e-07	35.176	4.27426373628137e-07	A
Diet.5mo.as.AL	Dorea	2D	-0.593874095159609	0.139763837291702	-4.24912557259093	4	35.176	4.27426373628137e-07	35.176	4.27426373628137e-07	A
Diet.5mo.as.AL	Dorea	20	-0.549189412356285	0.135995854367729	-4.03828054104717	4	35.176	4.27426373628137e-07	35.176	4.27426373628137e-07	A
Diet.5mo.as.AL	Dorea	40	-0.731878700816137	0.14448482546326	-5.06543644614253	4	35.176	4.27426373628137e-07	35.176	4.27426373628137e-07	A
Diet.5mo.as.AL	Dubosiella	AL	0	NA	NA	4	28.904	8.1763758537079e-06	28.904	8.1763758537079e-06	A
Diet.5mo.as.AL	Dubosiella	1D	-0.315627563808776	0.15904464108783	-1.98452184022017	4	28.904	8.1763758537079e-06	28.904	8.1763758537079e-06	A
Diet.5mo.as.AL	Dubosiella	2D	-0.289981544374816	0.146030426048218	-1.98576113363572	4	28.904	8.1763758537079e-06	28.904	8.1763758537079e-06	A
Diet.5mo.as.AL	Dubosiella	20	-0.00518170897150096	0.142710942480299	-0.0363091216513847	4	28.904	8.1763758537079e-06	28.904	8.1763758537079e-06	A
Diet.5mo.as.AL	Dubosiella	40	0.478497755792986	0.15158879110289	3.15655103726112	4	28.904	8.1763758537079e-06	28.904	8.1763758537079e-06	A
Diet.5mo.as.AL	Duncaniella	AL	0	NA	NA	4	13.588	0.00873300465003601	13.588	0.00873300465003601	A
Diet.5mo.as.AL	Duncaniella	1D	0.152268577732991	0.174782453402731	0.871189154108827	4	13.588	0.00873300465003601	13.588	0.00873300465003601	A
Diet.5mo.as.AL	Duncaniella	2D	0.56932771646048	0.159812734522839	3.5624677730492	4	13.588	0.00873300465003601	13.588	0.00873300465003601	A
Diet.5mo.as.AL	Duncaniella	20	0.322925725552792	0.157807805085977	2.04632290130932	4	13.588	0.00873300465003601	13.588	0.00873300465003601	A
Diet.5mo.as.AL	Duncaniella	40	0.250560266301765	0.165451540485759	1.5144027403198	4	13.588	0.00873300465003601	13.588	0.00873300465003601	A
Diet.5mo.as.AL	Emergencia	AL	0	NA	NA	4	102.92	0	102.92	0	A
Diet.5mo.as.AL	Emergencia	1D	0.185400623009797	0.148199925982043	1.2510169744097	4	102.92	0	102.92	0	A
Diet.5mo.as.AL	Emergencia	2D	0.410234051736579	0.135842830716452	3.01991683751696	4	102.92	0	102.92	0	A
Diet.5mo.as.AL	Emergencia	20	-0.420040037346036	0.133510251650279	-3.14612572558326	4	102.92	0	102.92	0	A
Diet.5mo.as.AL	Emergencia	40	-0.976607431562661	0.141457423453743	-6.90389664761575	4	102.92	0	102.92	0	A
Diet.5mo.as.AL	EnterococcusD	AL	0	NA	NA	4	5.316	0.256382848414755	5.316	0.256382848414755	A
Diet.5mo.as.AL	EnterococcusD	1D	0.228212673116047	0.182260050787211	1.25212668453871	4	5.316	0.256382848414755	5.316	0.256382848414755	A
Diet.5mo.as.AL	EnterococcusD	2D	0.347169500805776	0.169704540355532	2.04572900688723	4	5.316	0.256382848414755	5.316	0.256382848414755	A
Diet.5mo.as.AL	EnterococcusD	20	0.165232943876021	0.167897878116398	0.984127647887667	4	5.316	0.256382848414755	5.316	0.256382848414755	A
Diet.5mo.as.AL	EnterococcusD	40	0.287110162141748	0.175996275329259	1.63134226337809	4	5.316	0.256382848414755	5.316	0.256382848414755	A
Diet.5mo.as.AL	ErysipelatoclostridiaceaeNOV	AL	0	NA	NA	4	7.312	0.12029078133484	7.312	0.12029078133484	A
Diet.5mo.as.AL	ErysipelatoclostridiaceaeNOV	1D	0.0334068987284611	0.174766503549975	0.191151611149034	4	7.312	0.12029078133484	7.312	0.12029078133484	A
Diet.5mo.as.AL	ErysipelatoclostridiaceaeNOV	2D	0.349871197104859	0.16047110169097	2.18027541045134	4	7.312	0.12029078133484	7.312	0.12029078133484	A
Diet.5mo.as.AL	ErysipelatoclostridiaceaeNOV	20	0.149703746752539	0.157687133259324	0.949371985261118	4	7.312	0.12029078133484	7.312	0.12029078133484	A
Diet.5mo.as.AL	ErysipelatoclostridiaceaeNOV	40	-0.0804225945349809	0.164136261908461	-0.489974571126963	4	7.312	0.12029078133484	7.312	0.12029078133484	A
Diet.5mo.as.AL	Erysipelatoclostridium	AL	0	NA	NA	4	20.804	0.000346297882439228	20.804	0.000346297882439228	A
Diet.5mo.as.AL	Erysipelatoclostridium	1D	-0.0189311793582025	0.167263951904586	-0.113181466434571	4	20.804	0.000346297882439228	20.804	0.000346297882439228	A
Diet.5mo.as.AL	Erysipelatoclostridium	2D	0.0748723060673579	0.153001836333103	0.489355604231781	4	20.804	0.000346297882439228	20.804	0.000346297882439228	A
Diet.5mo.as.AL	Erysipelatoclostridium	20	0.628485108417281	0.149955334219408	4.19114872897891	4	20.804	0.000346297882439228	20.804	0.000346297882439228	A
Diet.5mo.as.AL	Erysipelatoclostridium	40	0.19419925062429	0.157399844044247	1.23379569912215	4	20.804	0.000346297882439228	20.804	0.000346297882439228	A
Diet.5mo.as.AL	ErysipelotrichaceaeNOV	AL	0	NA	NA	4	53.04	8.35908009477748e-11	53.04	8.35908009477748e-11	A
Diet.5mo.as.AL	ErysipelotrichaceaeNOV	1D	0.108225738516638	0.16122892587985	0.671255098463469	4	53.04	8.35908009477748e-11	53.04	8.35908009477748e-11	A
Diet.5mo.as.AL	ErysipelotrichaceaeNOV	2D	0.191725746192065	0.148795968326134	1.28851438885654	4	53.04	8.35908009477748e-11	53.04	8.35908009477748e-11	A
Diet.5mo.as.AL	ErysipelotrichaceaeNOV	20	0.0505244477294857	0.146785358053694	0.344206318664318	4	53.04	8.35908009477748e-11	53.04	8.35908009477748e-11	A
Diet.5mo.as.AL	ErysipelotrichaceaeNOV	40	-0.876779785020308	0.155612966330601	-5.63436200526878	4	53.04	8.35908009477748e-11	53.04	8.35908009477748e-11	A
Diet.5mo.as.AL	Escherichia	AL	0	NA	NA	4	8.42	0.0773495790414324	8.42	0.0773495790414324	A
Diet.5mo.as.AL	Escherichia	1D	0.05380324197716	0.17185688599989	0.313070038853109	4	8.42	0.0773495790414324	8.42	0.0773495790414324	A
Diet.5mo.as.AL	Escherichia	2D	0.19946507156101	0.156341630754269	1.27582826531034	4	8.42	0.0773495790414324	8.42	0.0773495790414324	A
Diet.5mo.as.AL	Escherichia	20	0.162574356697944	0.154539170506709	1.05199449540779	4	8.42	0.0773495790414324	8.42	0.0773495790414324	A
Diet.5mo.as.AL	Escherichia	40	0.447195071344964	0.160455613500024	2.78703288461079	4	8.42	0.0773495790414324	8.42	0.0773495790414324	A
Diet.5mo.as.AL	EubacteriumF	AL	0	NA	NA	4	5.564	0.234160844577953	5.564	0.234160844577953	A
Diet.5mo.as.AL	EubacteriumF	1D	0.0587516104286441	0.179669791979706	0.326997709416173	4	5.564	0.234160844577953	5.564	0.234160844577953	A
Diet.5mo.as.AL	EubacteriumF	2D	0.298493902823695	0.166585990652291	1.79183076352879	4	5.564	0.234160844577953	5.564	0.234160844577953	A
Diet.5mo.as.AL	EubacteriumF	20	0.0488528483448717	0.163069766406913	0.299582500308289	4	5.564	0.234160844577953	5.564	0.234160844577953	A
Diet.5mo.as.AL	EubacteriumF	40	-0.122185787628843	0.173690638053736	-0.703467895552557	4	5.564	0.234160844577953	5.564	0.234160844577953	A
Diet.5mo.as.AL	EubacteriumG	AL	0	NA	NA	4	15.532	0.00371595563132576	15.532	0.00371595563132576	A
Diet.5mo.as.AL	EubacteriumG	1D	-0.378610204507167	0.178872210281752	-2.11665190423261	4	15.532	0.00371595563132576	15.532	0.00371595563132576	A
Diet.5mo.as.AL	EubacteriumG	2D	-0.153983155319774	0.166331988017723	-0.925757920378893	4	15.532	0.00371595563132576	15.532	0.00371595563132576	A
Diet.5mo.as.AL	EubacteriumG	20	-0.48761361041253	0.164797643385265	-2.95886276281624	4	15.532	0.00371595563132576	15.532	0.00371595563132576	A
Diet.5mo.as.AL	EubacteriumG	40	-0.556796391774904	0.172439894109483	-3.22893025799117	4	15.532	0.00371595563132576	15.532	0.00371595563132576	A
Diet.5mo.as.AL	EubacteriumJ	AL	0	NA	NA	4	30.648	3.61158587169896e-06	30.648	3.61158587169896e-06	A
Diet.5mo.as.AL	EubacteriumJ	1D	-0.209230438013089	0.162533074630261	-1.2873099120844	4	30.648	3.61158587169896e-06	30.648	3.61158587169896e-06	A
Diet.5mo.as.AL	EubacteriumJ	2D	-0.202167438879727	0.148735115409263	-1.35924484492743	4	30.648	3.61158587169896e-06	30.648	3.61158587169896e-06	A
Diet.5mo.as.AL	EubacteriumJ	20	-0.317577610992214	0.146356979753345	-2.169883606012	4	30.648	3.61158587169896e-06	30.648	3.61158587169896e-06	A
Diet.5mo.as.AL	EubacteriumJ	40	-0.831233638982305	0.153661420792523	-5.40951420789381	4	30.648	3.61158587169896e-06	30.648	3.61158587169896e-06	A
Diet.5mo.as.AL	Evtepia	AL	0	NA	NA	4	40.88	2.84606995748504e-08	40.88	2.84606995748504e-08	A
Diet.5mo.as.AL	Evtepia	1D	-0.0554026819839873	0.157384769760128	-0.352020605732226	4	40.88	2.84606995748504e-08	40.88	2.84606995748504e-08	A
Diet.5mo.as.AL	Evtepia	2D	-0.388397688434289	0.142854809025823	-2.71882823604545	4	40.88	2.84606995748504e-08	40.88	2.84606995748504e-08	A
Diet.5mo.as.AL	Evtepia	20	-0.57304494115237	0.139491483203713	-4.10809984947609	4	40.88	2.84606995748504e-08	40.88	2.84606995748504e-08	A
Diet.5mo.as.AL	Evtepia	40	-0.817220232460378	0.147381152924459	-5.54494395141046	4	40.88	2.84606995748504e-08	40.88	2.84606995748504e-08	A
Diet.5mo.as.AL	Flavonifractor	AL	0	NA	NA	4	25.712	3.61699589044306e-05	25.712	3.61699589044306e-05	A
Diet.5mo.as.AL	Flavonifractor	1D	0.0258584883468323	0.158755991248287	0.162881968381217	4	25.712	3.61699589044306e-05	25.712	3.61699589044306e-05	A
Diet.5mo.as.AL	Flavonifractor	2D	-0.444239711704501	0.145354596373806	-3.0562481186495	4	25.712	3.61699589044306e-05	25.712	3.61699589044306e-05	A
Diet.5mo.as.AL	Flavonifractor	20	-0.403068357677215	0.141647076263299	-2.84558190899738	4	25.712	3.61699589044306e-05	25.712	3.61699589044306e-05	A
Diet.5mo.as.AL	Flavonifractor	40	-0.617018682297858	0.149816189141204	-4.11850472125083	4	25.712	3.61699589044306e-05	25.712	3.61699589044306e-05	A
Diet.5mo.as.AL	HungatellaA	AL	0	NA	NA	4	13.124	0.0106855352857459	13.124	0.0106855352857459	A
Diet.5mo.as.AL	HungatellaA	1D	-0.343783515777253	0.169300064939048	-2.0306165617894	4	13.124	0.0106855352857459	13.124	0.0106855352857459	A
Diet.5mo.as.AL	HungatellaA	2D	-0.238236841773033	0.153266649467448	-1.55439453136628	4	13.124	0.0106855352857459	13.124	0.0106855352857459	A
Diet.5mo.as.AL	HungatellaA	20	-0.286129416516209	0.151633810016606	-1.88697637080327	4	13.124	0.0106855352857459	13.124	0.0106855352857459	A
Diet.5mo.as.AL	HungatellaA	40	-0.545794772503495	0.156560211990016	-3.48616526233562	4	13.124	0.0106855352857459	13.124	0.0106855352857459	A
Diet.5mo.as.AL	Ileibacterium	AL	0	NA	NA	4	22.496	0.000159632327269676	22.496	0.000159632327269676	A
Diet.5mo.as.AL	Ileibacterium	1D	0.0558325191350355	0.166480752079603	0.33536921498492	4	22.496	0.000159632327269676	22.496	0.000159632327269676	A
Diet.5mo.as.AL	Ileibacterium	2D	0.497839629532554	0.153753519737248	3.23790720617856	4	22.496	0.000159632327269676	22.496	0.000159632327269676	A
Diet.5mo.as.AL	Ileibacterium	20	0.0575230422289513	0.149849322644887	0.383872554200792	4	22.496	0.000159632327269676	22.496	0.000159632327269676	A
Diet.5mo.as.AL	Ileibacterium	40	0.600486778212571	0.159102126627352	3.77422219892151	4	22.496	0.000159632327269676	22.496	0.000159632327269676	A
Diet.5mo.as.AL	Kineothrix	AL	0	NA	NA	4	21.02	0.000313790881229736	21.02	0.000313790881229736	A
Diet.5mo.as.AL	Kineothrix	1D	0.0946131661392464	0.161670270695626	0.585223032856629	4	21.02	0.000313790881229736	21.02	0.000313790881229736	A
Diet.5mo.as.AL	Kineothrix	2D	0.333301759128599	0.148406725536652	2.24586694385548	4	21.02	0.000313790881229736	21.02	0.000313790881229736	A
Diet.5mo.as.AL	Kineothrix	20	0.364543395778485	0.145100541357683	2.51235034940262	4	21.02	0.000313790881229736	21.02	0.000313790881229736	A
Diet.5mo.as.AL	Kineothrix	40	0.654861686980278	0.15326405476922	4.27276759685332	4	21.02	0.000313790881229736	21.02	0.000313790881229736	A
Diet.5mo.as.AL	Lachnospira	AL	0	NA	NA	4	19.36	0.000667729660315031	19.36	0.000667729660315031	A
Diet.5mo.as.AL	Lachnospira	1D	-0.0044785772753236	0.161040901926285	-0.0278101850011597	4	19.36	0.000667729660315031	19.36	0.000667729660315031	A
Diet.5mo.as.AL	Lachnospira	2D	0.00791338796760183	0.147911324370237	0.0535008931959381	4	19.36	0.000667729660315031	19.36	0.000667729660315031	A
Diet.5mo.as.AL	Lachnospira	20	-0.181847940877945	0.144236660404959	-1.2607608937103	4	19.36	0.000667729660315031	19.36	0.000667729660315031	A
Diet.5mo.as.AL	Lachnospira	40	-0.590793848640908	0.152631800157726	-3.87071270882213	4	19.36	0.000667729660315031	19.36	0.000667729660315031	A
Diet.5mo.as.AL	LachnospiraceaeNOV	AL	0	NA	NA	4	6.972	0.13737531628657	6.972	0.13737531628657	A
Diet.5mo.as.AL	LachnospiraceaeNOV	1D	-0.284245983146254	0.165710408952373	-1.71531761307733	4	6.972	0.13737531628657	6.972	0.13737531628657	A
Diet.5mo.as.AL	LachnospiraceaeNOV	2D	-0.0849249367612514	0.152765581130978	-0.555916693619872	4	6.972	0.13737531628657	6.972	0.13737531628657	A
Diet.5mo.as.AL	LachnospiraceaeNOV	20	-0.173971516953686	0.150887679119517	-1.15298689706722	4	6.972	0.13737531628657	6.972	0.13737531628657	A
Diet.5mo.as.AL	LachnospiraceaeNOV	40	-0.37807037448357	0.159750572808752	-2.36662922602589	4	6.972	0.13737531628657	6.972	0.13737531628657	A
Diet.5mo.as.AL	Lactobacillus	AL	0	NA	NA	4	42.44	1.35211972729365e-08	42.44	1.35211972729365e-08	A
Diet.5mo.as.AL	Lactobacillus	1D	0.373427433478982	0.168343603701035	2.21824545316352	4	42.44	1.35211972729365e-08	42.44	1.35211972729365e-08	A
Diet.5mo.as.AL	Lactobacillus	2D	0.908105741712592	0.153278032248281	5.92456549965122	4	42.44	1.35211972729365e-08	42.44	1.35211972729365e-08	A
Diet.5mo.as.AL	Lactobacillus	20	0.355516077975337	0.150698778859833	2.35911717842124	4	42.44	1.35211972729365e-08	42.44	1.35211972729365e-08	A
Diet.5mo.as.AL	Lactobacillus	40	0.737214797252056	0.156874355961168	4.69939648666697	4	42.44	1.35211972729365e-08	42.44	1.35211972729365e-08	A
Diet.5mo.as.AL	Lawsonibacter	AL	0	NA	NA	4	24.796	5.52913236419039e-05	24.796	5.52913236419039e-05	A
Diet.5mo.as.AL	Lawsonibacter	1D	-0.164905620965006	0.165643117914819	-0.995547675272613	4	24.796	5.52913236419039e-05	24.796	5.52913236419039e-05	A
Diet.5mo.as.AL	Lawsonibacter	2D	-0.473101731480607	0.152103357511724	-3.11039637270427	4	24.796	5.52913236419039e-05	24.796	5.52913236419039e-05	A
Diet.5mo.as.AL	Lawsonibacter	20	-0.649127103770659	0.149762563245111	-4.33437495796767	4	24.796	5.52913236419039e-05	24.796	5.52913236419039e-05	A
Diet.5mo.as.AL	Lawsonibacter	40	-0.532036310165208	0.159131227722804	-3.34338091761588	4	24.796	5.52913236419039e-05	24.796	5.52913236419039e-05	A
Diet.5mo.as.AL	Ligilactobacillus	AL	0	NA	NA	4	71.72	9.88098491916389e-15	71.72	9.88098491916389e-15	A
Diet.5mo.as.AL	Ligilactobacillus	1D	0.456200119505938	0.115756486992207	3.94103286441864	4	71.72	9.88098491916389e-15	71.72	9.88098491916389e-15	A
Diet.5mo.as.AL	Ligilactobacillus	2D	0.707313548070165	0.108327949338427	6.5293726355001	4	71.72	9.88098491916389e-15	71.72	9.88098491916389e-15	A
Diet.5mo.as.AL	Ligilactobacillus	20	0.502327082499246	0.106322402677256	4.72456481278052	4	71.72	9.88098491916389e-15	71.72	9.88098491916389e-15	A
Diet.5mo.as.AL	Ligilactobacillus	40	0.856623474796839	0.113326415757752	7.5589038007517	4	71.72	9.88098491916389e-15	71.72	9.88098491916389e-15	A
Diet.5mo.as.AL	Limosilactobacillus	AL	0	NA	NA	4	43.6	7.76810593627886e-09	43.6	7.76810593627886e-09	A
Diet.5mo.as.AL	Limosilactobacillus	1D	0.406001825211557	0.167115114594507	2.42947399579441	4	43.6	7.76810593627886e-09	43.6	7.76810593627886e-09	A
Diet.5mo.as.AL	Limosilactobacillus	2D	0.857718552499117	0.152066726794865	5.64040911892685	4	43.6	7.76810593627886e-09	43.6	7.76810593627886e-09	A
Diet.5mo.as.AL	Limosilactobacillus	20	0.461910346572066	0.148742655576403	3.10543296932601	4	43.6	7.76810593627886e-09	43.6	7.76810593627886e-09	A
Diet.5mo.as.AL	Limosilactobacillus	40	0.840422894946093	0.156198814759223	5.38046909153303	4	43.6	7.76810593627886e-09	43.6	7.76810593627886e-09	A
Diet.5mo.as.AL	Mailhella	AL	0	NA	NA	4	4.452	0.3482770412781	4.452	0.3482770412781	A
Diet.5mo.as.AL	Mailhella	1D	0.256077132403585	0.180818681040363	1.41620949190766	4	4.452	0.3482770412781	4.452	0.3482770412781	A
Diet.5mo.as.AL	Mailhella	2D	0.145586040735234	0.168767891424043	0.862640633279216	4	4.452	0.3482770412781	4.452	0.3482770412781	A
Diet.5mo.as.AL	Mailhella	20	-0.00598371909352232	0.1651143092105	-0.0362398578423256	4	4.452	0.3482770412781	4.452	0.3482770412781	A
Diet.5mo.as.AL	Mailhella	40	-0.126839575670287	0.175905419706402	-0.7210668999397	4	4.452	0.3482770412781	4.452	0.3482770412781	A
Diet.5mo.as.AL	MarseilleP3106	AL	0	NA	NA	4	3.5208	0.474722715028256	3.5208	0.474722715028256	A
Diet.5mo.as.AL	MarseilleP3106	1D	0.0337256450987796	0.159479694518969	0.211472972785059	4	3.5208	0.474722715028256	3.5208	0.474722715028256	A
Diet.5mo.as.AL	MarseilleP3106	2D	0.209254023703655	0.146736614146734	1.42605187478569	4	3.5208	0.474722715028256	3.5208	0.474722715028256	A
Diet.5mo.as.AL	MarseilleP3106	20	0.217751554579746	0.143918443129976	1.51302049858258	4	3.5208	0.474722715028256	3.5208	0.474722715028256	A
Diet.5mo.as.AL	MarseilleP3106	40	0.14397015045409	0.153972731221641	0.935036673778604	4	3.5208	0.474722715028256	3.5208	0.474722715028256	A
Diet.5mo.as.AL	MuribaculaceaeNOV	AL	0	NA	NA	4	14.236	0.00657871276249222	14.236	0.00657871276249222	A
Diet.5mo.as.AL	MuribaculaceaeNOV	1D	-0.0238817898156	0.15140313429376	-0.157736429480141	4	14.236	0.00657871276249222	14.236	0.00657871276249222	A
Diet.5mo.as.AL	MuribaculaceaeNOV	2D	-0.0464404388110967	0.141199765304446	-0.328898838542434	4	14.236	0.00657871276249222	14.236	0.00657871276249222	A
Diet.5mo.as.AL	MuribaculaceaeNOV	20	0.310332796468854	0.136764051587537	2.26911087282481	4	14.236	0.00657871276249222	14.236	0.00657871276249222	A
Diet.5mo.as.AL	MuribaculaceaeNOV	40	0.401023060253479	0.145958999780982	2.74750485311103	4	14.236	0.00657871276249222	14.236	0.00657871276249222	A
Diet.5mo.as.AL	Muribaculum	AL	0	NA	NA	4	17.6	0.00147718413593567	17.6	0.00147718413593567	A
Diet.5mo.as.AL	Muribaculum	1D	0.165867538903668	0.177878839803279	0.932474818742381	4	17.6	0.00147718413593567	17.6	0.00147718413593567	A
Diet.5mo.as.AL	Muribaculum	2D	0.55745324204187	0.167349629643418	3.33106946952717	4	17.6	0.00147718413593567	17.6	0.00147718413593567	A
Diet.5mo.as.AL	Muribaculum	20	0.372564422461207	0.163534186590124	2.27820512780602	4	17.6	0.00147718413593567	17.6	0.00147718413593567	A
Diet.5mo.as.AL	Muribaculum	40	0.576740172855882	0.1734859094533	3.32442084013244	4	17.6	0.00147718413593567	17.6	0.00147718413593567	A
Diet.5mo.as.AL	Oscillibacter	AL	0	NA	NA	4	19.444	0.000642783692053506	19.444	0.000642783692053506	A
Diet.5mo.as.AL	Oscillibacter	1D	-0.219720940456788	0.165563765498834	-1.32710765423087	4	19.444	0.000642783692053506	19.444	0.000642783692053506	A
Diet.5mo.as.AL	Oscillibacter	2D	-0.54241167888557	0.152190526719002	-3.56403049900115	4	19.444	0.000642783692053506	19.444	0.000642783692053506	A
Diet.5mo.as.AL	Oscillibacter	20	-0.456555938612265	0.150140512061767	-3.04085774280856	4	19.444	0.000642783692053506	19.444	0.000642783692053506	A
Diet.5mo.as.AL	Oscillibacter	40	-0.544764879513921	0.159256539767126	-3.4206750963603	4	19.444	0.000642783692053506	19.444	0.000642783692053506	A
Diet.5mo.as.AL	OscillospiraceaeNOV	AL	0	NA	NA	4	21.416	0.000261852908140181	21.416	0.000261852908140181	A
Diet.5mo.as.AL	OscillospiraceaeNOV	1D	-0.0948748462084618	0.163588887277502	-0.579958992248185	4	21.416	0.000261852908140181	21.416	0.000261852908140181	A
Diet.5mo.as.AL	OscillospiraceaeNOV	2D	-0.493455709371676	0.149821824989724	-3.29361699742693	4	21.416	0.000261852908140181	21.416	0.000261852908140181	A
Diet.5mo.as.AL	OscillospiraceaeNOV	20	-0.543988458969323	0.146872546838381	-3.70381307248611	4	21.416	0.000261852908140181	21.416	0.000261852908140181	A
Diet.5mo.as.AL	OscillospiraceaeNOV	40	-0.463991585309093	0.155713518634395	-2.97977715344365	4	21.416	0.000261852908140181	21.416	0.000261852908140181	A
Diet.5mo.as.AL	Paramuribaculum	AL	0	NA	NA	4	42.92	1.07510323976712e-08	42.92	1.07510323976712e-08	A
Diet.5mo.as.AL	Paramuribaculum	1D	0.38622430085568	0.168324066425189	2.29452810318919	4	42.92	1.07510323976712e-08	42.92	1.07510323976712e-08	A
Diet.5mo.as.AL	Paramuribaculum	2D	0.472836337166424	0.15507885532203	3.04900585050459	4	42.92	1.07510323976712e-08	42.92	1.07510323976712e-08	A
Diet.5mo.as.AL	Paramuribaculum	20	0.852317451263579	0.152592425381649	5.58558165080506	4	42.92	1.07510323976712e-08	42.92	1.07510323976712e-08	A
Diet.5mo.as.AL	Paramuribaculum	40	0.84550798462912	0.161101383554117	5.24829747563962	4	42.92	1.07510323976712e-08	42.92	1.07510323976712e-08	A
Diet.5mo.as.AL	Parvibacter	AL	0	NA	NA	4	13.244	0.010143104159407	13.244	0.010143104159407	A
Diet.5mo.as.AL	Parvibacter	1D	0.173679029750046	0.1797436443671	0.966259643625185	4	13.244	0.010143104159407	13.244	0.010143104159407	A
Diet.5mo.as.AL	Parvibacter	2D	0.34480043942673	0.164870680075088	2.0913387345142	4	13.244	0.010143104159407	13.244	0.010143104159407	A
Diet.5mo.as.AL	Parvibacter	20	0.0171103463470095	0.161483263012961	0.105957397861327	4	13.244	0.010143104159407	13.244	0.010143104159407	A
Diet.5mo.as.AL	Parvibacter	40	-0.314222033499087	0.169392076557412	-1.85499841483192	4	13.244	0.010143104159407	13.244	0.010143104159407	A
Diet.5mo.as.AL	PCoA1	AL	0	NA	NA	4	46.52	1.9195576239639e-09	46.52	1.9195576239639e-09	A
Diet.5mo.as.AL	PCoA1	1D	0.320270279426691	0.163913034939641	1.95390366327259	4	46.52	1.9195576239639e-09	46.52	1.9195576239639e-09	A
Diet.5mo.as.AL	PCoA1	2D	0.728461030600242	0.152067977924968	4.79036441820559	4	46.52	1.9195576239639e-09	46.52	1.9195576239639e-09	A
Diet.5mo.as.AL	PCoA1	20	0.697579651191555	0.150138886517436	4.64622901749403	4	46.52	1.9195576239639e-09	46.52	1.9195576239639e-09	A
Diet.5mo.as.AL	PCoA1	40	0.919670011356335	0.158966634070164	5.7853021593853	4	46.52	1.9195576239639e-09	46.52	1.9195576239639e-09	A
Diet.5mo.as.AL	PCoA2	AL	0	NA	NA	4	73.76	3.66373598126302e-15	73.76	3.66373598126302e-15	A
Diet.5mo.as.AL	PCoA2	1D	0.405816040648095	0.148852135039925	2.72630312315808	4	73.76	3.66373598126302e-15	73.76	3.66373598126302e-15	A
Diet.5mo.as.AL	PCoA2	2D	0.348069129571104	0.137642046633153	2.52879943364099	4	73.76	3.66373598126302e-15	73.76	3.66373598126302e-15	A
Diet.5mo.as.AL	PCoA2	20	0.693564948826042	0.134626807036371	5.15175962420819	4	73.76	3.66373598126302e-15	73.76	3.66373598126302e-15	A
Diet.5mo.as.AL	PCoA2	40	1.178396645291	0.143931878977529	8.18718308731987	4	73.76	3.66373598126302e-15	73.76	3.66373598126302e-15	A
Diet.5mo.as.AL	PCoA3	AL	0	NA	NA	4	6.664	0.154745929595601	6.664	0.154745929595601	A
Diet.5mo.as.AL	PCoA3	1D	0.0697080862884848	0.160821580332774	0.433449827717425	4	6.664	0.154745929595601	6.664	0.154745929595601	A
Diet.5mo.as.AL	PCoA3	2D	-0.108792161702062	0.149134435825591	-0.72949055058814	4	6.664	0.154745929595601	6.664	0.154745929595601	A
Diet.5mo.as.AL	PCoA3	20	-0.102081620789761	0.145640777780808	-0.700913729967826	4	6.664	0.154745929595601	6.664	0.154745929595601	A
Diet.5mo.as.AL	PCoA3	40	-0.343179384184196	0.153031886951773	-2.24253514100853	4	6.664	0.154745929595601	6.664	0.154745929595601	A
Diet.5mo.as.AL	Prevotella	AL	0	NA	NA	4	14.064	0.00709357072369388	14.064	0.00709357072369388	A
Diet.5mo.as.AL	Prevotella	1D	0.014004727908243	0.177998155571589	0.078679061944608	4	14.064	0.00709357072369388	14.064	0.00709357072369388	A
Diet.5mo.as.AL	Prevotella	2D	0.539611475304682	0.164580955122882	3.27869937868442	4	14.064	0.00709357072369388	14.064	0.00709357072369388	A
Diet.5mo.as.AL	Prevotella	20	0.225834992461929	0.161870419991676	1.39515911846983	4	14.064	0.00709357072369388	14.064	0.00709357072369388	A
Diet.5mo.as.AL	Prevotella	40	-0.0205106540787217	0.1710469952831	-0.119912390420974	4	14.064	0.00709357072369388	14.064	0.00709357072369388	A
Diet.5mo.as.AL	Romboutsia	AL	0	NA	NA	4	31.916	1.99023009328503e-06	31.916	1.99023009328503e-06	A
Diet.5mo.as.AL	Romboutsia	1D	-0.12330063907074	0.154688385195883	-0.797090479124228	4	31.916	1.99023009328503e-06	31.916	1.99023009328503e-06	A
Diet.5mo.as.AL	Romboutsia	2D	-0.0570390668749724	0.14151849484467	-0.403050265179674	4	31.916	1.99023009328503e-06	31.916	1.99023009328503e-06	A
Diet.5mo.as.AL	Romboutsia	20	0.195683604859658	0.139462551525614	1.40312652191594	4	31.916	1.99023009328503e-06	31.916	1.99023009328503e-06	A
Diet.5mo.as.AL	Romboutsia	40	0.674387806107441	0.14599545723053	4.61923828932956	4	31.916	1.99023009328503e-06	31.916	1.99023009328503e-06	A
Diet.5mo.as.AL	Roseburia	AL	0	NA	NA	4	16.936	0.00198908149251509	16.936	0.00198908149251509	A
Diet.5mo.as.AL	Roseburia	1D	-0.270268213490565	0.174695990495712	-1.54707736979916	4	16.936	0.00198908149251509	16.936	0.00198908149251509	A
Diet.5mo.as.AL	Roseburia	2D	-0.377125951736353	0.160746563600601	-2.34609028827129	4	16.936	0.00198908149251509	16.936	0.00198908149251509	A
Diet.5mo.as.AL	Roseburia	20	-0.12701281037926	0.158888425327356	-0.79938365628319	4	16.936	0.00198908149251509	16.936	0.00198908149251509	A
Diet.5mo.as.AL	Roseburia	40	0.298670945626726	0.166832590500244	1.79024340946314	4	16.936	0.00198908149251509	16.936	0.00198908149251509	A
Diet.5mo.as.AL	RuminiclostridiumE	AL	0	NA	NA	4	29.156	7.26719380494956e-06	29.156	7.26719380494956e-06	A
Diet.5mo.as.AL	RuminiclostridiumE	1D	-0.125494287642402	0.167297689817015	-0.750125645964769	4	29.156	7.26719380494956e-06	29.156	7.26719380494956e-06	A
Diet.5mo.as.AL	RuminiclostridiumE	2D	-0.730674857414998	0.154296871623919	-4.73551310357046	4	29.156	7.26719380494956e-06	29.156	7.26719380494956e-06	A
Diet.5mo.as.AL	RuminiclostridiumE	20	-0.0400169670367076	0.15086874264533	-0.265243590786606	4	29.156	7.26719380494956e-06	29.156	7.26719380494956e-06	A
Diet.5mo.as.AL	RuminiclostridiumE	40	-0.489385999151127	0.159810861979746	-3.06228245745367	4	29.156	7.26719380494956e-06	29.156	7.26719380494956e-06	A
Diet.5mo.as.AL	Schaedlerella	AL	0	NA	NA	4	66.8	1.07469588783715e-13	66.8	1.07469588783715e-13	A
Diet.5mo.as.AL	Schaedlerella	1D	-0.169783790061868	0.151049204293031	-1.12402968858077	4	66.8	1.07469588783715e-13	66.8	1.07469588783715e-13	A
Diet.5mo.as.AL	Schaedlerella	2D	-0.647259299896786	0.136940212130705	-4.72658315498299	4	66.8	1.07469588783715e-13	66.8	1.07469588783715e-13	A
Diet.5mo.as.AL	Schaedlerella	20	-0.72274259158789	0.133889830864694	-5.39803946961646	4	66.8	1.07469588783715e-13	66.8	1.07469588783715e-13	A
Diet.5mo.as.AL	Schaedlerella	40	-1.00145045404987	0.141063689350083	-7.09927876311624	4	66.8	1.07469588783715e-13	66.8	1.07469588783715e-13	A
Diet.5mo.as.AL	Shannon	AL	0	NA	NA	4	19.828	0.000539993405112016	19.828	0.000539993405112016	A
Diet.5mo.as.AL	Shannon	1D	0.486149032982167	0.173955660683056	2.79467210824442	4	19.828	0.000539993405112016	19.828	0.000539993405112016	A
Diet.5mo.as.AL	Shannon	2D	-0.0711836116843297	0.161188298386694	-0.441617737743956	4	19.828	0.000539993405112016	19.828	0.000539993405112016	A
Diet.5mo.as.AL	Shannon	20	0.385070603557915	0.15983587961789	2.40916247640066	4	19.828	0.000539993405112016	19.828	0.000539993405112016	A
Diet.5mo.as.AL	Shannon	40	0.505661082066546	0.166695966081715	3.03343322548471	4	19.828	0.000539993405112016	19.828	0.000539993405112016	A
Diet.5mo.as.AL	Simpson	AL	0	NA	NA	4	23.116	0.000120045215861397	23.116	0.000120045215861397	A
Diet.5mo.as.AL	Simpson	1D	0.545627366483154	0.170177611173748	3.20622297327983	4	23.116	0.000120045215861397	23.116	0.000120045215861397	A
Diet.5mo.as.AL	Simpson	2D	0.243416726001054	0.15803865246234	1.54023539310461	4	23.116	0.000120045215861397	23.116	0.000120045215861397	A
Diet.5mo.as.AL	Simpson	20	0.543919488283062	0.157316471375798	3.45748594235721	4	23.116	0.000120045215861397	23.116	0.000120045215861397	A
Diet.5mo.as.AL	Simpson	40	0.646636571722519	0.164397324895455	3.93337648367291	4	23.116	0.000120045215861397	23.116	0.000120045215861397	A
Diet.5mo.as.AL	Staphylococcus	AL	0	NA	NA	4	20.376	0.000420881925901395	20.376	0.000420881925901395	A
Diet.5mo.as.AL	Staphylococcus	1D	-0.0361117797326319	0.1548890797548	-0.233146066784045	4	20.376	0.000420881925901395	20.376	0.000420881925901395	A
Diet.5mo.as.AL	Staphylococcus	2D	-0.105582168083627	0.140232395987235	-0.752908536863603	4	20.376	0.000420881925901395	20.376	0.000420881925901395	A
Diet.5mo.as.AL	Staphylococcus	20	0.144742730430894	0.136929487145745	1.05706034140647	4	20.376	0.000420881925901395	20.376	0.000420881925901395	A
Diet.5mo.as.AL	Staphylococcus	40	0.508802438115277	0.144798886961856	3.51385600256244	4	20.376	0.000420881925901395	20.376	0.000420881925901395	A
Diet.5mo.as.AL	TF0111	AL	0	NA	NA	4	54.2	4.77887729388726e-11	54.2	4.77887729388726e-11	A
Diet.5mo.as.AL	TF0111	1D	-0.239785652576729	0.154026484684853	-1.55678195907245	4	54.2	4.77887729388726e-11	54.2	4.77887729388726e-11	A
Diet.5mo.as.AL	TF0111	2D	-0.448547808331637	0.141937443593149	-3.16017956204254	4	54.2	4.77887729388726e-11	54.2	4.77887729388726e-11	A
Diet.5mo.as.AL	TF0111	20	-0.571643733569615	0.139499019449522	-4.09783334553449	4	54.2	4.77887729388726e-11	54.2	4.77887729388726e-11	A
Diet.5mo.as.AL	TF0111	40	-1.04014621255165	0.147129888545985	-7.06957792757766	4	54.2	4.77887729388726e-11	54.2	4.77887729388726e-11	A
Diet.5mo.as.AL	Turicibacter	AL	0	NA	NA	4	9.516	0.0494195191759672	9.516	0.0494195191759672	A
Diet.5mo.as.AL	Turicibacter	1D	-0.209383770230923	0.158888822691694	-1.31780050153187	4	9.516	0.0494195191759672	9.516	0.0494195191759672	A
Diet.5mo.as.AL	Turicibacter	2D	-0.0816535756537283	0.146961362008018	-0.55561254018096	4	9.516	0.0494195191759672	9.516	0.0494195191759672	A
Diet.5mo.as.AL	Turicibacter	20	-0.223499641728365	0.144026351583809	-1.5517968709935	4	9.516	0.0494195191759672	9.516	0.0494195191759672	A
Diet.5mo.as.AL	Turicibacter	40	0.225582735101452	0.151342578653166	1.49054375251808	4	9.516	0.0494195191759672	9.516	0.0494195191759672	A
Diet.5mo.as.AL	UBA11940	AL	0	NA	NA	4	8.836	0.0653320039495905	8.836	0.0653320039495905	A
Diet.5mo.as.AL	UBA11940	1D	-0.271369550997768	0.175353208346151	-1.54755965720388	4	8.836	0.0653320039495905	8.836	0.0653320039495905	A
Diet.5mo.as.AL	UBA11940	2D	-0.398552812639792	0.160722311334911	-2.47976033526107	4	8.836	0.0653320039495905	8.836	0.0653320039495905	A
Diet.5mo.as.AL	UBA11940	20	-0.251050536618901	0.15712551885489	-1.59777061325572	4	8.836	0.0653320039495905	8.836	0.0653320039495905	A
Diet.5mo.as.AL	UBA11940	40	-0.373321069628174	0.163645167083571	-2.2812838061849	4	8.836	0.0653320039495905	8.836	0.0653320039495905	A
Diet.5mo.as.AL	UBA11957	AL	0	NA	NA	4	96.8	0	96.8	0	A
Diet.5mo.as.AL	UBA11957	1D	-0.592870805715237	0.151454746984048	-3.91450791421994	4	96.8	0	96.8	0	A
Diet.5mo.as.AL	UBA11957	2D	-1.00747363413753	0.138541387714714	-7.27200478323586	4	96.8	0	96.8	0	A
Diet.5mo.as.AL	UBA11957	20	-0.841193380842616	0.135340606046093	-6.21538062683219	4	96.8	0	96.8	0	A
Diet.5mo.as.AL	UBA11957	40	-1.22279835219214	0.142714057164036	-8.56817034349076	4	96.8	0	96.8	0	A
Diet.5mo.as.AL	UBA1394	AL	0	NA	NA	4	20.364	0.000423187735852149	20.364	0.000423187735852149	A
Diet.5mo.as.AL	UBA1394	1D	0.0701969345958278	0.179152911450664	0.391826926101387	4	20.364	0.000423187735852149	20.364	0.000423187735852149	A
Diet.5mo.as.AL	UBA1394	2D	-0.258214346375821	0.16570488463413	-1.55827842339077	4	20.364	0.000423187735852149	20.364	0.000423187735852149	A
Diet.5mo.as.AL	UBA1394	20	0.356776303019226	0.16218509364791	2.19980945840657	4	20.364	0.000423187735852149	20.364	0.000423187735852149	A
Diet.5mo.as.AL	UBA1394	40	0.508788785908156	0.171041021838268	2.97465941468272	4	20.364	0.000423187735852149	20.364	0.000423187735852149	A
Diet.5mo.as.AL	UBA1405	AL	0	NA	NA	4	15.336	0.00405274067713235	15.336	0.00405274067713235	A
Diet.5mo.as.AL	UBA1405	1D	0.0651684690876572	0.152912517565529	0.426181388712863	4	15.336	0.00405274067713235	15.336	0.00405274067713235	A
Diet.5mo.as.AL	UBA1405	2D	-0.346195063777033	0.142581156240932	-2.42805622358706	4	15.336	0.00405274067713235	15.336	0.00405274067713235	A
Diet.5mo.as.AL	UBA1405	20	-0.361800312476539	0.139131217603648	-2.60042511456504	4	15.336	0.00405274067713235	15.336	0.00405274067713235	A
Diet.5mo.as.AL	UBA1405	40	-0.357104872656516	0.150441782831366	-2.37370806125586	4	15.336	0.00405274067713235	15.336	0.00405274067713235	A
Diet.5mo.as.AL	UBA2882	AL	0	NA	NA	4	27.372	1.67166498038496e-05	27.372	1.67166498038496e-05	A
Diet.5mo.as.AL	UBA2882	1D	-0.235242479243915	0.183331251916835	-1.28315536377087	4	27.372	1.67166498038496e-05	27.372	1.67166498038496e-05	A
Diet.5mo.as.AL	UBA2882	2D	-0.64213794525656	0.169715311163433	-3.78361823016777	4	27.372	1.67166498038496e-05	27.372	1.67166498038496e-05	A
Diet.5mo.as.AL	UBA2882	20	-0.0699917612519748	0.165793710113092	-0.42216174066092	4	27.372	1.67166498038496e-05	27.372	1.67166498038496e-05	A
Diet.5mo.as.AL	UBA2882	40	0.351137366283262	0.173901323090463	2.01917593289731	4	27.372	1.67166498038496e-05	27.372	1.67166498038496e-05	A
Diet.5mo.as.AL	UBA3282	AL	0	NA	NA	4	7.832	0.097929758402407	7.832	0.097929758402407	A
Diet.5mo.as.AL	UBA3282	1D	0.0675593592112931	0.167601192326772	0.403095934303215	4	7.832	0.097929758402407	7.832	0.097929758402407	A
Diet.5mo.as.AL	UBA3282	2D	-0.125963494766516	0.152506890174846	-0.825952811850672	4	7.832	0.097929758402407	7.832	0.097929758402407	A
Diet.5mo.as.AL	UBA3282	20	-0.0897270178057688	0.151066200502353	-0.593958261393958	4	7.832	0.097929758402407	7.832	0.097929758402407	A
Diet.5mo.as.AL	UBA3282	40	-0.381330600772015	0.156211220615819	-2.44112170219736	4	7.832	0.097929758402407	7.832	0.097929758402407	A
Diet.5mo.as.AL	UBA3700	AL	0	NA	NA	4	15.264	0.00418384845899811	15.264	0.00418384845899811	A
Diet.5mo.as.AL	UBA3700	1D	-0.266089272580802	0.176034567219074	-1.51157398677077	4	15.264	0.00418384845899811	15.264	0.00418384845899811	A
Diet.5mo.as.AL	UBA3700	2D	-0.0629092460202467	0.16014275503733	-0.39283229519551	4	15.264	0.00418384845899811	15.264	0.00418384845899811	A
Diet.5mo.as.AL	UBA3700	20	0.371003437117844	0.157785120493121	2.35132080869449	4	15.264	0.00418384845899811	15.264	0.00418384845899811	A
Diet.5mo.as.AL	UBA3700	40	0.3001535860965	0.162735191030651	1.84442949429399	4	15.264	0.00418384845899811	15.264	0.00418384845899811	A
Diet.5mo.as.AL	UBA3700NOV	AL	0	NA	NA	4	53.4	7.02776725702847e-11	53.4	7.02776725702847e-11	A
Diet.5mo.as.AL	UBA3700NOV	1D	0.2161663190284	0.169872429560125	1.27252150091778	4	53.4	7.02776725702847e-11	53.4	7.02776725702847e-11	A
Diet.5mo.as.AL	UBA3700NOV	2D	0.709766352778092	0.155794724211001	4.55577912777596	4	53.4	7.02776725702847e-11	53.4	7.02776725702847e-11	A
Diet.5mo.as.AL	UBA3700NOV	20	0.893734277230174	0.152799412952228	5.84906878869747	4	53.4	7.02776725702847e-11	53.4	7.02776725702847e-11	A
Diet.5mo.as.AL	UBA3700NOV	40	0.873517611360571	0.159084069705318	5.49091818545155	4	53.4	7.02776725702847e-11	53.4	7.02776725702847e-11	A
Diet.5mo.as.AL	UBA3818	AL	0	NA	NA	4	14.732	0.00529059730715709	14.732	0.00529059730715709	A
Diet.5mo.as.AL	UBA3818	1D	-0.155345977922854	0.178442926854927	-0.87056394254926	4	14.732	0.00529059730715709	14.732	0.00529059730715709	A
Diet.5mo.as.AL	UBA3818	2D	-0.461592438186523	0.164682997258088	-2.80291496919457	4	14.732	0.00529059730715709	14.732	0.00529059730715709	A
Diet.5mo.as.AL	UBA3818	20	-0.542470280664242	0.161816177645322	-3.35238595150393	4	14.732	0.00529059730715709	14.732	0.00529059730715709	A
Diet.5mo.as.AL	UBA3818	40	-0.295914023596628	0.168708432827828	-1.75399663571422	4	14.732	0.00529059730715709	14.732	0.00529059730715709	A
Diet.5mo.as.AL	UBA7160	AL	0	NA	NA	4	9.444	0.0509107283081832	9.444	0.0509107283081832	A
Diet.5mo.as.AL	UBA7160	1D	-0.0287665295319021	0.170740739792967	-0.168480759581944	4	9.444	0.0509107283081832	9.444	0.0509107283081832	A
Diet.5mo.as.AL	UBA7160	2D	0.136646191592921	0.154930982174918	0.88198105811171	4	9.444	0.0509107283081832	9.444	0.0509107283081832	A
Diet.5mo.as.AL	UBA7160	20	-0.0729167219951092	0.151841431250945	-0.480216245292112	4	9.444	0.0509107283081832	9.444	0.0509107283081832	A
Diet.5mo.as.AL	UBA7160	40	-0.369686176082858	0.159081671201459	-2.32387661815982	4	9.444	0.0509107283081832	9.444	0.0509107283081832	A
Diet.5mo.as.AL	UBA7173	AL	0	NA	NA	4	7.676	0.104194223504964	7.676	0.104194223504964	A
Diet.5mo.as.AL	UBA7173	1D	0.256776167739223	0.187663447942227	1.36828013422344	4	7.676	0.104194223504964	7.676	0.104194223504964	A
Diet.5mo.as.AL	UBA7173	2D	0.165738300212739	0.174671201340575	0.948858764013314	4	7.676	0.104194223504964	7.676	0.104194223504964	A
Diet.5mo.as.AL	UBA7173	20	0.465082943980144	0.171976641466694	2.70433786829251	4	7.676	0.104194223504964	7.676	0.104194223504964	A
Diet.5mo.as.AL	UBA7173	40	0.210381104921806	0.180794782571748	1.16364588584473	4	7.676	0.104194223504964	7.676	0.104194223504964	A
Diet.5mo.as.AL	UBA7182	AL	0	NA	NA	4	102.68	0	102.68	0	A
Diet.5mo.as.AL	UBA7182	1D	-0.411083200102235	0.142110376953673	-2.89270360767704	4	102.68	0	102.68	0	A
Diet.5mo.as.AL	UBA7182	2D	-0.716050981907772	0.129768450993876	-5.51791268543047	4	102.68	0	102.68	0	A
Diet.5mo.as.AL	UBA7182	20	-0.787950449198355	0.125810506630147	-6.26299400824082	4	102.68	0	102.68	0	A
Diet.5mo.as.AL	UBA7182	40	-1.27401596779708	0.133628540898231	-9.53401091737842	4	102.68	0	102.68	0	A
Diet.5mo.as.AL	UBA946	AL	0	NA	NA	4	14.6	0.00560697183410885	14.6	0.00560697183410885	A
Diet.5mo.as.AL	UBA946	1D	-0.228968409660803	0.179421767613876	-1.27614621517693	4	14.6	0.00560697183410885	14.6	0.00560697183410885	A
Diet.5mo.as.AL	UBA946	2D	-0.232324493627822	0.163252786239799	-1.42309665261434	4	14.6	0.00560697183410885	14.6	0.00560697183410885	A
Diet.5mo.as.AL	UBA946	20	0.0597140343522446	0.159885096979811	0.373480927742658	4	14.6	0.00560697183410885	14.6	0.00560697183410885	A
Diet.5mo.as.AL	UBA946	40	0.387587708290334	0.167450661011974	2.31463826985203	4	14.6	0.00560697183410885	14.6	0.00560697183410885	A
Diet.5mo.as.AL	UBA9475	AL	0	NA	NA	4	20.092	0.000478941724588733	20.092	0.000478941724588733	A
Diet.5mo.as.AL	UBA9475	1D	-0.100469637568268	0.160739355251712	-0.625046911572689	4	20.092	0.000478941724588733	20.092	0.000478941724588733	A
Diet.5mo.as.AL	UBA9475	2D	-0.259555506599657	0.14683056204506	-1.76772126309783	4	20.092	0.000478941724588733	20.092	0.000478941724588733	A
Diet.5mo.as.AL	UBA9475	20	-0.52469971748056	0.142678348768552	-3.67750062997793	4	20.092	0.000478941724588733	20.092	0.000478941724588733	A
Diet.5mo.as.AL	UBA9475	40	-0.525739673337925	0.151261298234288	-3.4757051504583	4	20.092	0.000478941724588733	20.092	0.000478941724588733	A
Diet.5mo.as.AL	UBA9502	AL	0	NA	NA	4	50.56	2.75842348962385e-10	50.56	2.75842348962385e-10	A
Diet.5mo.as.AL	UBA9502	1D	-0.449501191835835	0.161469714730917	-2.78381114740254	4	50.56	2.75842348962385e-10	50.56	2.75842348962385e-10	A
Diet.5mo.as.AL	UBA9502	2D	-0.54820653751485	0.14821968692653	-3.69860811935587	4	50.56	2.75842348962385e-10	50.56	2.75842348962385e-10	A
Diet.5mo.as.AL	UBA9502	20	-0.621679672380001	0.14582750921242	-4.26311658024981	4	50.56	2.75842348962385e-10	50.56	2.75842348962385e-10	A
Diet.5mo.as.AL	UBA9502	40	-1.05666756267628	0.153748045745741	-6.87272191038924	4	50.56	2.75842348962385e-10	50.56	2.75842348962385e-10	A
Diet.5mo.as.AL	UMGS1004	AL	0	NA	NA	4	59	4.70556926757126e-12	59	4.70556926757126e-12	A
Diet.5mo.as.AL	UMGS1004	1D	0.0520066156323718	0.162041137401461	0.320946992019219	4	59	4.70556926757126e-12	59	4.70556926757126e-12	A
Diet.5mo.as.AL	UMGS1004	2D	0.226676654414357	0.14800215834626	1.53157668068619	4	59	4.70556926757126e-12	59	4.70556926757126e-12	A
Diet.5mo.as.AL	UMGS1004	20	0.530666078586201	0.145203285612238	3.6546423612158	4	59	4.70556926757126e-12	59	4.70556926757126e-12	A
Diet.5mo.as.AL	UMGS1004	40	1.07306007954439	0.151952765991268	7.06180024130691	4	59	4.70556926757126e-12	59	4.70556926757126e-12	A
Diet.5mo.as.AL	UMGS1217	AL	0	NA	NA	4	4.296	0.367426246801735	4.296	0.367426246801735	A
Diet.5mo.as.AL	UMGS1217	1D	0.144232235401384	0.177672822889356	0.81178557899766	4	4.296	0.367426246801735	4.296	0.367426246801735	A
Diet.5mo.as.AL	UMGS1217	2D	0.0794710705547105	0.164563366352249	0.482920787999693	4	4.296	0.367426246801735	4.296	0.367426246801735	A
Diet.5mo.as.AL	UMGS1217	20	0.137555504107589	0.162205684757034	0.848031339429514	4	4.296	0.367426246801735	4.296	0.367426246801735	A
Diet.5mo.as.AL	UMGS1217	40	-0.191692704820849	0.170728151246651	-1.12279494284402	4	4.296	0.367426246801735	4.296	0.367426246801735	A
Diet.5mo.as.AL	UMGS1370	AL	0	NA	NA	4	63.56	5.1725290717286e-13	63.56	5.1725290717286e-13	A
Diet.5mo.as.AL	UMGS1370	1D	-0.612300349033495	0.155877721957312	-3.92808119944926	4	63.56	5.1725290717286e-13	63.56	5.1725290717286e-13	A
Diet.5mo.as.AL	UMGS1370	2D	-0.765653533514603	0.141254306936298	-5.42039071318295	4	63.56	5.1725290717286e-13	63.56	5.1725290717286e-13	A
Diet.5mo.as.AL	UMGS1370	20	-0.706038851187014	0.140266971309161	-5.03353601063247	4	63.56	5.1725290717286e-13	63.56	5.1725290717286e-13	A
Diet.5mo.as.AL	UMGS1370	40	-1.04397911467654	0.144568533667592	-7.2213440102877	4	63.56	5.1725290717286e-13	63.56	5.1725290717286e-13	A
Diet.5mo.as.AL	UMGS1815	AL	0	NA	NA	4	133.76	0	133.76	0	A
Diet.5mo.as.AL	UMGS1815	1D	0.648022748344142	0.16134621495857	4.01634924321304	4	133.76	0	133.76	0	A
Diet.5mo.as.AL	UMGS1815	2D	0.870474938421376	0.148697200609864	5.85401026281076	4	133.76	0	133.76	0	A
Diet.5mo.as.AL	UMGS1815	20	1.25929513877376	0.145562812483937	8.65121467004309	4	133.76	0	133.76	0	A
Diet.5mo.as.AL	UMGS1815	40	1.54505707057999	0.153220681174502	10.0838676524375	4	133.76	0	133.76	0	A
Diet.5mo.as.AL	UMGS1872	AL	0	NA	NA	4	26.832	2.14956214054096e-05	26.832	2.14956214054096e-05	A
Diet.5mo.as.AL	UMGS1872	1D	-0.0661019018105346	0.170484805113328	-0.387728993012568	4	26.832	2.14956214054096e-05	26.832	2.14956214054096e-05	A
Diet.5mo.as.AL	UMGS1872	2D	-0.162642553611525	0.157680219841954	-1.03147087043984	4	26.832	2.14956214054096e-05	26.832	2.14956214054096e-05	A
Diet.5mo.as.AL	UMGS1872	20	-0.2035508970569	0.1548563358409	-1.3144499122466	4	26.832	2.14956214054096e-05	26.832	2.14956214054096e-05	A
Diet.5mo.as.AL	UMGS1872	40	-0.813034340459343	0.1647499977817	-4.93495812689871	4	26.832	2.14956214054096e-05	26.832	2.14956214054096e-05	A
Diet.5mo.as.AL	UMGS268	AL	0	NA	NA	4	2.6396	0.619824425989915	2.6396	0.619824425989915	A
Diet.5mo.as.AL	UMGS268	1D	0.149050874491316	0.180605277663676	0.825285265300378	4	2.6396	0.619824425989915	2.6396	0.619824425989915	A
Diet.5mo.as.AL	UMGS268	2D	0.191379607644636	0.164965333072917	1.16012015421473	4	2.6396	0.619824425989915	2.6396	0.619824425989915	A
Diet.5mo.as.AL	UMGS268	20	0.0760916936181417	0.162254693313623	0.468964515381157	4	2.6396	0.619824425989915	2.6396	0.619824425989915	A
Diet.5mo.as.AL	UMGS268	40	0.239442279373165	0.16826470274466	1.42300955261257	4	2.6396	0.619824425989915	2.6396	0.619824425989915	A
Diet.5mo.as.AL	uniq	AL	0	NA	NA	4	5.296	0.258251612310006	5.296	0.258251612310006	A
Diet.5mo.as.AL	uniq	1D	0.122578271445017	0.154975889161604	0.790950593077069	4	5.296	0.258251612310006	5.296	0.258251612310006	A
Diet.5mo.as.AL	uniq	2D	0.110627606848763	0.142356402120177	0.777117187573842	4	5.296	0.258251612310006	5.296	0.258251612310006	A
Diet.5mo.as.AL	uniq	20	0.276127207575551	0.138938122338979	1.98741139528185	4	5.296	0.258251612310006	5.296	0.258251612310006	A
Diet.5mo.as.AL	uniq	40	0.269173722112905	0.147989048199452	1.81887595999756	4	5.296	0.258251612310006	5.296	0.258251612310006	A
Diet.5mo.as.AL	X142	AL	0	NA	NA	4	24.448	6.49452052670085e-05	24.448	6.49452052670085e-05	A
Diet.5mo.as.AL	X142	1D	-0.348773938879618	0.174846273926913	-1.99474619073328	4	24.448	6.49452052670085e-05	24.448	6.49452052670085e-05	A
Diet.5mo.as.AL	X142	2D	-0.324111353331078	0.163120824302605	-1.98694038432407	4	24.448	6.49452052670085e-05	24.448	6.49452052670085e-05	A
Diet.5mo.as.AL	X142	20	-0.522497547365065	0.160948410868025	-3.24636661242655	4	24.448	6.49452052670085e-05	24.448	6.49452052670085e-05	A
Diet.5mo.as.AL	X142	40	-0.797729974231355	0.171217022641423	-4.65917443210087	4	24.448	6.49452052670085e-05	24.448	6.49452052670085e-05	A
Diet.5mo.as.AL	X1XD4269	AL	0	NA	NA	4	15.536	0.00370937726409892	15.536	0.00370937726409892	A
Diet.5mo.as.AL	X1XD4269	1D	-0.158171574734178	0.163762467121884	-0.965859744995511	4	15.536	0.00370937726409892	15.536	0.00370937726409892	A
Diet.5mo.as.AL	X1XD4269	2D	-0.283498098988119	0.149574956224849	-1.89535806089055	4	15.536	0.00370937726409892	15.536	0.00370937726409892	A
Diet.5mo.as.AL	X1XD4269	20	0.268979212645449	0.14623471239613	1.83936637367482	4	15.536	0.00370937726409892	15.536	0.00370937726409892	A
Diet.5mo.as.AL	X1XD4269	40	0.191562804313752	0.154017777540467	1.24377073460511	4	15.536	0.00370937726409892	15.536	0.00370937726409892	A
Diet.5mo.as.AL	X1XD876	AL	0	NA	NA	4	13.544	0.00890206088903067	13.544	0.00890206088903067	A
Diet.5mo.as.AL	X1XD876	1D	-0.280474543980201	0.172592460376946	-1.62506834520835	4	13.544	0.00890206088903067	13.544	0.00890206088903067	A
Diet.5mo.as.AL	X1XD876	2D	-0.579658446234432	0.159606375791103	-3.63180006664085	4	13.544	0.00890206088903067	13.544	0.00890206088903067	A
Diet.5mo.as.AL	X1XD876	20	-0.225194721673865	0.157415675472295	-1.43057367697475	4	13.544	0.00890206088903067	13.544	0.00890206088903067	A
Diet.5mo.as.AL	X1XD876	40	-0.298330174897286	0.165912757747891	-1.79811473781062	4	13.544	0.00890206088903067	13.544	0.00890206088903067	A
