feature	herit	herit.se	LRT.pval
Acetatifactor	3.39960639812777e-07	2.33925711605569e-08	0.993437078861235
Acutalibacter	9.23343127534753e-08	5.32636433973328e-09	1
Adlercreutzia	9.8736782936199e-07	1.04424621153346e-07	1
AF3328	9.18513465292195e-08	4.5201678270219e-09	0.998051036371717
Akkermansia	0.238602014289688	0.0768696557516372	0.0584872596941411
Alistipes	6.97751537620361e-07	7.89871517012656e-08	1
AM0715	1.41108917950152e-07	0.0539218415918314	1
Anaerotignum	1.79059007887575e-07	1.3631079818617e-08	0.999722910878765
Anaerotruncus	0.0975479032061378	0.0631333830255437	0.400085739681886
AnaerovoracaceaeNOV	2.22554273117135e-07	0.137981599195388	1
Angelakisella	0.0639539754195643	0.147208035283429	0.34215697421852
ASF356	0.151497841906778	0.174022263496097	0.400025694819843
Bacteroides	0.0598581593797114	0.143983030729757	0.691459715518827
Bifidobacterium	6.9442562734077e-08	5.65621653083974e-09	1
BorkfalkiaceaeNOV	0.280625884259695	0.205625630994042	0.225477995506496
ButyricicoccaceaeNOV	0.0258545658091537	0.0510693913056189	0.623350553578083
CAG115	0.0844905632631259	0.0473685382406285	0.0506664060670673
CAG145	1.02555501064394e-06	8.53647157356871e-08	1
CAG273	0.0131956587669105	0.145220424572948	0.921972580909268
CAG274NOV	0.0214355902897268	0.169885141191376	0.89982000658686
CAG303	2.75037742001241e-07	0.145238556129563	1
CAG41	5.49226392602359e-07	4.99651561098582e-08	0.994224620627071
CAG475	0.302784078735268	0.225829529286822	0.253808569839412
CAG485	8.16382347853595e-08	5.26478293437722e-09	0.993447240735487
CAG510	0.0693916092597205	0.14918454786692	0.172456571273286
CAG552NOV	4.44169080056078e-07	3.56636267573754e-08	1
CAG56	0.0360207083254426	0.169822357292306	0.832757561542389
CAG582	0.295277068572597	0.085455984643318	0.0318513627146018
CAG776	0.189389205428214	0.0750037304162093	0.066091715743985
CAG81	0.0403580022852286	0.166249425199355	0.817782086399642
CAG873	0.200904066750946	0.0758358142422989	0.0908392727755273
CAG95	0.15876300469252	0.0524227386450065	0.112856941445433
Chao1	9.04721727729559e-08	4.08759307363677e-09	1
Clostridium	0.12678296228133	0.125822326350197	0.129735640045491
ClostridiumQ	8.2495400060138e-08	5.56714689467754e-09	0.994353271044427
COE1	0.220560664209038	0.0790942714856323	0.046833396415773
D1663	7.37683308400121e-08	7.14207359334727e-09	1
Desulfovibrio	0.315045388846879	0.0809257689708468	0.00265687778273427
Dorea	0.0968385947565891	0.0598280053139022	0.0722706579927064
Dubosiella	7.06757544974589e-08	0.165959185063562	1
Duncaniella	0.142015607053149	0.0695215329383326	0.360650066393847
Emergencia	0.0420602778990535	0.120836500182834	0.713911571399229
EnterococcusD	0.0966516491989915	0.0663605516636389	0.299242248895775
ErysipelatoclostridiaceaeNOV	9.50211094523785e-07	5.52553317257571e-08	0.995212813913753
Erysipelatoclostridium	5.14209987528201e-07	3.52123468097197e-08	0.997411421601401
ErysipelotrichaceaeNOV	0.0123250284871897	0.121662842222442	0.917340437411611
Escherichia	0.213684740866065	0.186453380635797	0.364176995348378
EubacteriumF	6.84530112945886e-07	0.16708590631666	0.994640590158641
EubacteriumG	1.22810551950337e-07	8.67756470650261e-09	0.994678368999957
EubacteriumJ	0.0969839922787677	0.154548406541268	0.550488600808373
Evtepia	0.102830539864641	0.0464589376370182	0.0878556927653491
Flavonifractor	0.121398259734591	0.0496707723130561	0.260562168898111
HungatellaA	0.212877594903902	0.0827574685341494	0.250456916380063
Ileibacterium	1.03939154240957e-06	8.67588082957586e-08	1
Kineothrix	0.149130848044359	0.139941721020146	0.141703926956501
Lachnospira	0.189609263739027	0.0751114936270665	0.0775530369117787
LachnospiraceaeNOV	8.62571023916635e-08	0.109256863232301	1
Lactobacillus	4.87531608042731e-07	3.66745949979969e-08	1
Lawsonibacter	0.0303452267578777	0.117301259787585	0.657668409732449
Ligilactobacillus	6.13087073482508e-08	5.47207340531851e-09	1
Limosilactobacillus	2.08772873715638e-07	0.16298009870828	0.99749644553498
Mailhella	0.0986928944172834	0.157636184852231	0.528181494050606
MarseilleP3106	8.80242897228553e-08	5.13914942666407e-09	1
MuribaculaceaeNOV	0.206242625124206	0.0682867063940132	0.253223558010529
Muribaculum	0.0755728030903758	0.0539903270731404	0.565392886330057
Oscillibacter	0.0216240344071562	0.0525980950180267	0.750389161648249
OscillospiraceaeNOV	0.105214579981832	0.160865567269101	0.585476482093118
Paramuribaculum	0.125584184510458	0.152109283742627	0.0959366995115748
Parvibacter	4.36323636585286e-07	3.71493410940107e-08	1
PCoA1	0.0413154168867183	0.131516523408289	0.748356311809958
PCoA2	4.57663078724611e-07	0.121910042509626	1
PCoA3	2.6537385884187e-07	0.190493967035037	0.995035258084221
Prevotella	0.140710967302134	0.158755636830742	0.361421324697289
Romboutsia	0.0486084404346225	0.108658340805681	0.595939362682627
Roseburia	6.20882649319204e-07	0.15226449807877	1
RuminiclostridiumE	6.70580042102872e-07	0.185885352573238	0.993272156564288
Schaedlerella	0.126207571877046	0.0500194538734047	0.14791612156876
Shannon	8.20878127193943e-08	4.75560154910372e-09	1
Simpson	8.83806886102912e-08	4.52384959358997e-09	1
Staphylococcus	8.49764768543346e-08	5.46831551038894e-09	0.99788263311155
TF0111	0.107002038332437	0.147411518849534	0.485072642693162
Turicibacter	0.028148155081789	0.160195664423359	0.846574610821652
UBA11940	0.28226422036981	0.208993674358214	0.195750885141337
UBA11957	0.081593683692074	0.169492648339936	0.623954740530007
UBA1394	2.06276567804137e-07	0.273259204371904	0.998408843052663
UBA1405	6.63468881602556e-08	0.0474145556085249	1
UBA2882	0.108724729989243	0.258682017961668	0.73259375313279
UBA3282	0.0642402214181087	0.15216096876913	0.682660316717895
UBA3700	0.361416974815416	0.201252612766871	0.0928580757852793
UBA3700NOV	0.100002191864207	0.236826628791616	0.745112368450943
UBA3818	1.04049885895129e-06	8.66703305120478e-08	1
UBA7160	0.184781467734508	0.0729688920612341	0.134695112099095
UBA7173	0.103022331028337	0.164304733674683	0.49810882854241
UBA7182	0.217633232350711	0.0753913658016813	0.00553037216884222
UBA946	0.0417604829970752	0.227839925002212	0.89906827757386
UBA9475	0.188325371611215	0.0530396821419335	0.129987452798614
UBA9502	0.0829958894008072	0.156359268022146	0.635213916550643
UMGS1004	1.2232931456183e-06	8.22347443108793e-08	0.997831098750019
UMGS1217	7.90838647082109e-08	5.56240138187462e-09	0.989447190232236
UMGS1370	0.152931438622688	0.13996623665352	0.218271413085063
UMGS1815	5.09971310466597e-07	4.24683466047251e-08	1
UMGS1872	0.10022199304008	0.146768564858262	0.472726091470596
UMGS268	6.68928544368241e-07	5.52989639219411e-08	1
uniq	0.0553029878721523	0.120671103253283	0.631168373854974
X142	1.252876029311e-06	9.22227586752518e-08	0.997198621301059
X1XD4269	0.167320877696564	0.162838840121183	0.389519667692412
X1XD876	0.106865829617031	0.0641096203656779	0.1410559846502
