fixef	feature	fixef.value	solution	std.error	z.ratio	Df	Wald(inc)	Pr(chisq)(inc)	Wald(con)	Pr(chisq)(con)	Margin
(Intercept)	Acetatifactor	NA	0.182655378344893	0.260320726146777	0.701655150738577	1	0.02785	0.867461957985172	0.02785	0.867461957985172	 
(Intercept)	Acutalibacter	NA	0.416158721523702	0.142721675744283	2.91587608787149	1	0.01904	0.890251872119278	0.01904	0.890251872119278	 
(Intercept)	Adlercreutzia	NA	-0.139591595023295	0.306883165199799	-0.45486885842178	1	0.01207	0.912517589015675	0.01207	0.912517589015675	 
(Intercept)	AF3328	NA	0.301514963333854	0.187489776055295	1.60816749413008	1	0.0002315	0.987860555808081	0.0002315	0.987860555808081	 
(Intercept)	Akkermansia	NA	-0.139401594074959	0.305756838681884	-0.45592306185503	1	0.01276	0.910062132798687	0.01276	0.910062132798687	 
(Intercept)	Alistipes	NA	-0.0118335306369844	0.267710879584865	-0.0442026512158732	1	0.002474	0.96033012202576	0.002474	0.96033012202576	 
(Intercept)	AM0715	NA	0.273682178393086	0.17543818577937	1.55999206887187	1	0.001045	0.974211708398661	0.001045	0.974211708398661	 
(Intercept)	Anaerotignum	NA	0.228959781457917	0.158797256150475	1.44183713880394	1	0.0004671	0.982757065186771	0.0004671	0.982757065186771	 
(Intercept)	Anaerotruncus	NA	0.419243071951088	0.183669404277025	2.28259613298877	1	0.02271	0.880213655753444	0.02271	0.880213655753444	 
(Intercept)	AnaerovoracaceaeNOV	NA	0.1902767906361	0.146526555834703	1.29858229146362	1	0.002638	0.959037491372537	0.002638	0.959037491372537	 
(Intercept)	Angelakisella	NA	0.428248455781205	0.268170412341483	1.59692656636513	1	5.671e-05	0.993991503945372	5.671e-05	0.993991503945372	 
(Intercept)	ASF356	NA	0.2789917809892	0.352398210848423	0.791694657919821	1	0.004895	0.944222093077499	0.004895	0.944222093077499	 
(Intercept)	Bacteroides	NA	-0.439782256736305	0.299861168385302	-1.46661956632949	1	0.001736	0.966765489959314	0.001736	0.966765489959314	 
(Intercept)	Bifidobacterium	NA	-0.203239866310763	0.286771888332064	-0.708716141923312	1	0.0002438	0.987542259916341	0.0002438	0.987542259916341	 
(Intercept)	BorkfalkiaceaeNOV	NA	-0.00750191969024426	0.178198184690771	-0.0420987436166223	1	0.0004456	0.98315851433683	0.0004456	0.98315851433683	 
(Intercept)	ButyricicoccaceaeNOV	NA	0.253364780248697	0.112848415755758	2.24517799875067	1	0.001041	0.974261094144627	0.001041	0.974261094144627	 
(Intercept)	CAG115	NA	0.107479446935734	0.3148116043366	0.341408783714388	1	0.03054	0.861270597671656	0.03054	0.861270597671656	 
(Intercept)	CAG145	NA	0.0242246719838562	0.309180783469008	0.0783511566018281	1	0.0008537	0.97669060975645	0.0008537	0.97669060975645	 
(Intercept)	CAG273	NA	-0.0748241866998122	0.130343439299508	-0.574054107379188	1	0.01836	0.892217293589516	0.01836	0.892217293589516	 
(Intercept)	CAG274NOV	NA	0.51919639864494	0.175080685378227	2.96546930647043	1	0.004337	0.947492548392532	0.004337	0.947492548392532	 
(Intercept)	CAG303	NA	0.540449525244892	0.122279810702071	4.41977724811558	1	0.1652	0.684413436163975	0.1652	0.684413436163975	 
(Intercept)	CAG41	NA	0.0220683275699752	0.235184261503676	0.0938342022926147	1	0.01327	0.908290176491703	0.01327	0.908290176491703	 
(Intercept)	CAG475	NA	0.000507288881561561	0.159923710934724	0.00317206797288877	1	0.01701	0.896232252657719	0.01701	0.896232252657719	 
(Intercept)	CAG485	NA	-0.446755205224994	0.179923475893421	-2.48302898221927	1	0.0006654	0.979420572040707	0.0006654	0.979420572040707	 
(Intercept)	CAG510	NA	-0.0028331380761513	0.24284161347476	-0.0116666086821473	1	0.0134	0.907844045338401	0.0134	0.907844045338401	 
(Intercept)	CAG552NOV	NA	-0.0597791064436916	0.243607519406696	-0.245391056028497	1	0.005353	0.941675455148547	0.005353	0.941675455148547	 
(Intercept)	CAG56	NA	0.0624949796680779	0.242218504647741	0.258010756688324	1	0.03802	0.845402984605848	0.03802	0.845402984605848	 
(Intercept)	CAG582	NA	-0.093315205938182	0.160086997741573	-0.582903091785256	1	0.002175	0.962802625840573	0.002175	0.962802625840573	 
(Intercept)	CAG776	NA	-0.186895131009969	0.240586015025372	-0.776832896917381	1	0.0008111	0.977279464869157	0.0008111	0.977279464869157	 
(Intercept)	CAG81	NA	0.447806025636015	0.1679027924432	2.66705525929536	1	1.415e-05	0.996998645757228	1.415e-05	0.996998645757228	 
(Intercept)	CAG873	NA	-0.468049270550811	0.248246646149255	-1.88542031810332	1	0.00194	0.964868190210775	0.00194	0.964868190210775	 
(Intercept)	CAG95	NA	0.339358090614352	0.314027999665985	1.08066188675949	1	0.001582	0.968273014934515	0.001582	0.968273014934515	 
(Intercept)	Chao1	NA	0.0233116094015915	0.155160128450793	0.150242266710836	1	0.0005117	0.981952762520535	0.0005117	0.981952762520535	 
(Intercept)	Clostridium	NA	-0.187091274968695	0.251941214206162	-0.742598925539827	1	0.0004394	0.983276072203237	0.0004394	0.983276072203237	 
(Intercept)	ClostridiumQ	NA	0.189857399832454	0.246634205446955	0.769793465948451	1	0.004127	0.948777749479598	0.004127	0.948777749479598	 
(Intercept)	COE1	NA	0.454606749858773	0.220952809301592	2.05748345674236	1	0.0001369	0.990664622671204	0.0001369	0.990664622671204	 
(Intercept)	D1663	NA	0.082644865936743	0.281798815774378	0.293276129318132	1	0.009276	0.923272786313563	0.009276	0.923272786313563	 
(Intercept)	Desulfovibrio	NA	-0.120489396724847	0.30881047943466	-0.390172629327305	1	0.0001299	0.990906412822052	0.0001299	0.990906412822052	 
(Intercept)	Dorea	NA	0.435873954366109	0.203532805063215	2.14154152806341	1	0.005929	0.938623544969101	0.005929	0.938623544969101	 
(Intercept)	Dubosiella	NA	-0.166873682777245	0.277463240719898	-0.601426273059738	1	0.002665	0.95882858405233	0.002665	0.95882858405233	 
(Intercept)	Duncaniella	NA	-0.263222732981706	0.270065089433375	-0.974664046856164	1	6.469e-06	0.997970644332049	6.469e-06	0.997970644332049	 
(Intercept)	Emergencia	NA	0.100235620735935	0.152542606063083	0.657099175914717	1	0.01304	0.909084943972762	0.01304	0.909084943972762	 
(Intercept)	EnterococcusD	NA	-0.198943669405007	0.293907719869754	-0.676891609016494	1	0.005479	0.940994258369081	0.005479	0.940994258369081	 
(Intercept)	ErysipelatoclostridiaceaeNOV	NA	-0.112265556855157	0.283351659835764	-0.396205749845363	1	0.003123	0.955434369990326	0.003123	0.955434369990326	 
(Intercept)	Erysipelatoclostridium	NA	-0.0482295740757065	0.151614118682244	-0.318107406453267	1	0.0008449	0.976811024374009	0.0008449	0.976811024374009	 
(Intercept)	ErysipelotrichaceaeNOV	NA	-0.0664965805048233	0.140176975878464	-0.474375910081533	1	0.01546	0.901047464463732	0.01546	0.901047464463732	 
(Intercept)	Escherichia	NA	-0.331003395449418	0.295573614339985	-1.11986787517738	1	0.01766	0.894279637939589	0.01766	0.894279637939589	 
(Intercept)	EubacteriumF	NA	0.0501915826323153	0.264909830802505	0.18946666675324	1	0.007968	0.928872378298686	0.007968	0.928872378298686	 
(Intercept)	EubacteriumG	NA	0.362308181619807	0.136448778803089	2.65526877409918	1	0.002538	0.959820715853703	0.002538	0.959820715853703	 
(Intercept)	EubacteriumJ	NA	0.442406232377838	0.236456422222692	1.87098421019491	1	6.6e-07	0.99935179558986	6.6e-07	0.99935179558986	 
(Intercept)	Evtepia	NA	0.443040720131855	0.134691861024657	3.28929095463869	1	0.1963	0.657724102652169	0.1963	0.657724102652169	 
(Intercept)	Flavonifractor	NA	0.506703972745717	0.240009091723372	2.11118657675572	1	0.0192	0.889794641599107	0.0192	0.889794641599107	 
(Intercept)	HungatellaA	NA	0.304043482604809	0.269113069650932	1.12979827772462	1	0.07109	0.789756303062339	0.07109	0.789756303062339	 
(Intercept)	Ileibacterium	NA	-0.45288296049305	0.28283354304293	-1.60123497241736	1	0.001851	0.965683000566332	0.001851	0.965683000566332	 
(Intercept)	Kineothrix	NA	-0.335894588849452	0.276171214335091	-1.21625488615152	1	0.003162	0.955157257092928	0.003162	0.955157257092928	 
(Intercept)	Lachnospira	NA	0.312947421939727	0.188440319001568	1.66072432692667	1	0.007912	0.929122104649633	0.007912	0.929122104649633	 
(Intercept)	LachnospiraceaeNOV	NA	0.233326085626616	0.2175868578352	1.07233537883679	1	0.003523	0.952669462146798	0.003523	0.952669462146798	 
(Intercept)	Lactobacillus	NA	-0.596988571272763	0.248613271710879	-2.40127394311846	1	0.0006824	0.979159401875091	0.0006824	0.979159401875091	 
(Intercept)	Lawsonibacter	NA	0.444146545229436	0.123585953870235	3.59382705979506	1	0.2158	0.642258912703086	0.2158	0.642258912703086	 
(Intercept)	Ligilactobacillus	NA	-0.811578521885911	0.228835001443352	-3.54656637650257	1	0.04798	0.82661625996887	0.04798	0.82661625996887	 
(Intercept)	Limosilactobacillus	NA	-0.535510085611908	0.203194104281717	-2.6354607457973	1	0.0005032	0.982103258875372	0.0005032	0.982103258875372	 
(Intercept)	Mailhella	NA	0.0111415459478352	0.259159549967713	0.0429910684334159	1	0.01116	0.915867271863032	0.01116	0.915867271863032	 
(Intercept)	MarseilleP3106	NA	0.0492201590019014	0.127594665920449	0.385754048939542	1	0.0008021	0.977405836621021	0.0008021	0.977405836621021	 
(Intercept)	MuribaculaceaeNOV	NA	-0.203193816682883	0.313075816414659	-0.64902431305572	1	0.08071	0.77633753682104	0.08071	0.77633753682104	 
(Intercept)	Muribaculum	NA	-0.394246921572807	0.267416094042437	-1.4742827015873	1	0.0004804	0.982513343080659	0.0004804	0.982513343080659	 
(Intercept)	Oscillibacter	NA	0.413962924329648	0.189328922216868	2.18647483692677	1	0.009669	0.921669404715447	0.009669	0.921669404715447	 
(Intercept)	OscillospiraceaeNOV	NA	0.431922440172921	0.233323141370341	1.85117703128878	1	0.0001424	0.990478952124173	0.0001424	0.990478952124173	 
(Intercept)	Paramuribaculum	NA	-0.472015867370071	0.196411865397701	-2.40319425923845	1	6.184e-05	0.993725627105636	6.184e-05	0.993725627105636	 
(Intercept)	Parvibacter	NA	-0.16786592883342	0.336506488146625	-0.498849011078433	1	0.02925	0.864203075024379	0.02925	0.864203075024379	 
(Intercept)	PCoA1	NA	-0.584723720750387	0.271944519939957	-2.15015813107574	1	0.0009492	0.97542179143551	0.0009492	0.97542179143551	 
(Intercept)	PCoA2	NA	-0.379952408423937	0.221792353429598	-1.71309967430659	1	0.008194	0.927873432653507	0.008194	0.927873432653507	 
(Intercept)	PCoA3	NA	0.147229638926788	0.279210337160707	0.527307263849783	1	0.01496	0.902652658254348	0.01496	0.902652658254348	 
(Intercept)	Prevotella	NA	-0.278847346537195	0.285686052527628	-0.97606216358857	1	0.0004391	0.983281781466374	0.0004391	0.983281781466374	 
(Intercept)	Romboutsia	NA	-0.155793802614011	0.210144440335575	-0.741365331222788	1	0.0004208	0.983633814496951	0.0004208	0.983633814496951	 
(Intercept)	Roseburia	NA	0.104728278381377	0.208475114020824	0.502353860667109	1	0.0147	0.903498125443001	0.0147	0.903498125443001	 
(Intercept)	RuminiclostridiumE	NA	0.273931167448469	0.24866897934837	1.10158962395027	1	0.02423	0.876301118272703	0.02423	0.876301118272703	 
(Intercept)	Schaedlerella	NA	0.424575503410152	0.154534508458069	2.74744785256398	1	0.04332	0.835123893767825	0.04332	0.835123893767825	 
(Intercept)	Shannon	NA	-0.167454903660391	0.132812716132317	-1.2608348698596	1	0.0575	0.810491837726863	0.0575	0.810491837726863	 
(Intercept)	Simpson	NA	-0.275007458936814	0.12984872974625	-2.1179064244543	1	0.03356	0.854645891173021	0.03356	0.854645891173021	 
(Intercept)	Staphylococcus	NA	-0.402943411341613	0.159806211195579	-2.52145025106984	1	0.003072	0.955799380742489	0.003072	0.955799380742489	 
(Intercept)	TF0111	NA	0.399131365605909	0.244958343009207	1.62938465660223	1	0.006976	0.93343612559153	0.006976	0.93343612559153	 
(Intercept)	Turicibacter	NA	-0.063755249756667	0.236074229095389	-0.270064419996075	1	0.002233	0.962310288149165	0.002233	0.962310288149165	 
(Intercept)	UBA11940	NA	0.163063111704393	0.171538515465838	0.95059183217	1	0.01461	0.903792552615277	0.01461	0.903792552615277	 
(Intercept)	UBA11957	NA	0.669429614910229	0.173101646946996	3.86726311804074	1	0.0008275	0.977050978672338	0.0008275	0.977050978672338	 
(Intercept)	UBA1394	NA	-0.0643533559418457	0.252791135902225	-0.254571251923708	1	0.0001702	0.9895910356763	0.0001702	0.9895910356763	 
(Intercept)	UBA1405	NA	0.197315031807745	0.251009421806039	0.786086157196979	1	0.01064	0.917843624218772	0.01064	0.917843624218772	 
(Intercept)	UBA2882	NA	0.19308078392124	0.205769587056205	0.938334895275366	1	0.0004592	0.982903478207574	0.0004592	0.982903478207574	 
(Intercept)	UBA3282	NA	0.0727344593280814	0.141096776444319	0.515493416370037	1	1.567e-07	0.99968415460567	1.567e-07	0.99968415460567	 
(Intercept)	UBA3700	NA	-0.0589819644777716	0.19265009136314	-0.306161103067386	1	0.0005235	0.981745896290319	0.0005235	0.981745896290319	 
(Intercept)	UBA3700NOV	NA	-0.593502253700661	0.0988660577864495	-6.00309415575793	1	0.00551	0.940827873055755	0.00551	0.940827873055755	 
(Intercept)	UBA3818	NA	0.447740377636124	0.11613991788763	3.85518076626616	1	0.0006471	0.979705473421046	0.0006471	0.979705473421046	 
(Intercept)	UBA7160	NA	-0.134041744783002	0.124598844256072	-1.07578642148175	1	0.05028	0.822576767302518	0.05028	0.822576767302518	 
(Intercept)	UBA7173	NA	-0.245604955869394	0.281588355017878	-0.872212758421064	1	0.001134	0.973136381373363	0.001134	0.973136381373363	 
(Intercept)	UBA7182	NA	0.589885406498749	0.254318766612671	2.31947258299325	1	2.878e-05	0.995719609681155	2.878e-05	0.995719609681155	 
(Intercept)	UBA946	NA	0.0344501226181658	0.220362247594155	0.156334049930428	1	0.0007275	0.978481900832199	0.0007275	0.978481900832199	 
(Intercept)	UBA9475	NA	0.236138789858369	0.233476309901829	1.01140364072766	1	0.0004893	0.982352131712678	0.0004893	0.982352131712678	 
(Intercept)	UBA9502	NA	0.612771471562535	0.163709120729602	3.74305028841153	1	0.1983	0.656096550310251	0.1983	0.656096550310251	 
(Intercept)	UMGS1004	NA	-0.37480042625523	0.138889270290188	-2.6985556585627	1	0.04938	0.824145652851816	0.04938	0.824145652851816	 
(Intercept)	UMGS1217	NA	0.189630149745981	0.193583216730096	0.979579495315308	1	0.001098	0.973566068425655	0.001098	0.973566068425655	 
(Intercept)	UMGS1370	NA	0.596051766470303	0.196868857951813	3.02765898411518	1	0.001501	0.96909549637895	0.001501	0.96909549637895	 
(Intercept)	UMGS1815	NA	-0.741211318438544	0.101709927695567	-7.28750216652501	1	0.05557	0.813639938954403	0.05557	0.813639938954403	 
(Intercept)	UMGS1872	NA	0.253879651437859	0.255866284219706	0.992235660169507	1	0.001166	0.972760135347012	0.001166	0.972760135347012	 
(Intercept)	UMGS268	NA	-0.0164246884032964	0.217404982787032	-0.0755488130618696	1	0.006826	0.934154007849172	0.006826	0.934154007849172	 
(Intercept)	uniq	NA	-0.135125243686482	0.284110193572569	-0.47560857281232	1	0.009598	0.921956605232666	0.009598	0.921956605232666	 
(Intercept)	X142	NA	0.345170091410815	0.229032050692319	1.50708204536192	1	0.004476	0.946658992617004	0.004476	0.946658992617004	 
(Intercept)	X1XD4269	NA	0.208388912177118	0.115294105941208	1.80745503402734	1	0.01625	0.898564072762141	0.01625	0.898564072762141	 
(Intercept)	X1XD876	NA	0.392680796550764	0.197890635839352	1.98433238078806	1	0.006435	0.936063515084982	0.006435	0.936063515084982	 
Diet.5mo.as.AL	Acetatifactor	AL	0	NA	NA	4	14.72	0.00531861912174192	14.72	0.00531861912174192	A
Diet.5mo.as.AL	Acetatifactor	1D	-0.0705657471149981	0.155014447445419	-0.455220453821535	4	14.72	0.00531861912174192	14.72	0.00531861912174192	A
Diet.5mo.as.AL	Acetatifactor	2D	-0.0136573504541383	0.152229837445969	-0.0897153323111555	4	14.72	0.00531861912174192	14.72	0.00531861912174192	A
Diet.5mo.as.AL	Acetatifactor	20	-0.488802175713209	0.148573900843584	-3.2899598983257	4	14.72	0.00531861912174192	14.72	0.00531861912174192	A
Diet.5mo.as.AL	Acetatifactor	40	-0.148713297609712	0.156588951022317	-0.949704922593912	4	14.72	0.00531861912174192	14.72	0.00531861912174192	A
Diet.5mo.as.AL	Acutalibacter	AL	0	NA	NA	4	34.076	7.18917408160102e-07	34.076	7.18917408160102e-07	A
Diet.5mo.as.AL	Acutalibacter	1D	-0.208339238001878	0.172509663741636	-1.2076960413876	4	34.076	7.18917408160102e-07	34.076	7.18917408160102e-07	A
Diet.5mo.as.AL	Acutalibacter	2D	-0.388909604575464	0.170247610715902	-2.284376285459	4	34.076	7.18917408160102e-07	34.076	7.18917408160102e-07	A
Diet.5mo.as.AL	Acutalibacter	20	-0.675491217161047	0.163017922004755	-4.1436622970899	4	34.076	7.18917408160102e-07	34.076	7.18917408160102e-07	A
Diet.5mo.as.AL	Acutalibacter	40	-0.855622318923312	0.17197862356685	-4.97516668745008	4	34.076	7.18917408160102e-07	34.076	7.18917408160102e-07	A
Diet.5mo.as.AL	Adlercreutzia	AL	0	NA	NA	4	21.908	0.000209050637721364	21.908	0.000209050637721364	A
Diet.5mo.as.AL	Adlercreutzia	1D	0.252994890888931	0.143170933824568	1.76708277393046	4	21.908	0.000209050637721364	21.908	0.000209050637721364	A
Diet.5mo.as.AL	Adlercreutzia	2D	0.30811115511242	0.141481275993958	2.17775216506797	4	21.908	0.000209050637721364	21.908	0.000209050637721364	A
Diet.5mo.as.AL	Adlercreutzia	20	0.220870018237666	0.141471962535789	1.56122820577817	4	21.908	0.000209050637721364	21.908	0.000209050637721364	A
Diet.5mo.as.AL	Adlercreutzia	40	-0.282804101197429	0.147296130295165	-1.91996965996812	4	21.908	0.000209050637721364	21.908	0.000209050637721364	A
Diet.5mo.as.AL	AF3328	AL	0	NA	NA	4	34.656	5.46588252881008e-07	34.656	5.46588252881008e-07	A
Diet.5mo.as.AL	AF3328	1D	-0.182828976271618	0.146852643985452	-1.2449825301731	4	34.656	5.46588252881008e-07	34.656	5.46588252881008e-07	A
Diet.5mo.as.AL	AF3328	2D	-0.279781370454901	0.144777416653157	-1.93249318106823	4	34.656	5.46588252881008e-07	34.656	5.46588252881008e-07	A
Diet.5mo.as.AL	AF3328	20	-0.273057433144498	0.144043679481646	-1.89565716543148	4	34.656	5.46588252881008e-07	34.656	5.46588252881008e-07	A
Diet.5mo.as.AL	AF3328	40	-0.837217767555938	0.149594667494492	-5.59657494199626	4	34.656	5.46588252881008e-07	34.656	5.46588252881008e-07	A
Diet.5mo.as.AL	Akkermansia	AL	0	NA	NA	4	36.568	2.2108374653218e-07	36.568	2.2108374653218e-07	A
Diet.5mo.as.AL	Akkermansia	1D	0.000538500254728959	0.165036228007633	0.00326292148839013	4	36.568	2.2108374653218e-07	36.568	2.2108374653218e-07	A
Diet.5mo.as.AL	Akkermansia	2D	-0.0664092359262885	0.162719332504238	-0.408121363972279	4	36.568	2.2108374653218e-07	36.568	2.2108374653218e-07	A
Diet.5mo.as.AL	Akkermansia	20	0.22151196370204	0.157907668491672	1.40279421397272	4	36.568	2.2108374653218e-07	36.568	2.2108374653218e-07	A
Diet.5mo.as.AL	Akkermansia	40	0.790018440444782	0.166696700213239	4.73925662256173	4	36.568	2.2108374653218e-07	36.568	2.2108374653218e-07	A
Diet.5mo.as.AL	Alistipes	AL	0	NA	NA	4	7.816	0.0985556936179357	7.816	0.0985556936179357	A
Diet.5mo.as.AL	Alistipes	1D	-0.260856524281716	0.174848288306098	-1.49190207584445	4	7.816	0.0985556936179357	7.816	0.0985556936179357	A
Diet.5mo.as.AL	Alistipes	2D	0.0217055617459302	0.173585400994185	0.125042553242466	4	7.816	0.0985556936179357	7.816	0.0985556936179357	A
Diet.5mo.as.AL	Alistipes	20	0.0082867115549591	0.173049472991325	0.0478863726754863	4	7.816	0.0985556936179357	7.816	0.0985556936179357	A
Diet.5mo.as.AL	Alistipes	40	0.236498059056704	0.178736985288358	1.32316240354597	4	7.816	0.0985556936179357	7.816	0.0985556936179357	A
Diet.5mo.as.AL	AM0715	AL	0	NA	NA	4	47.68	1.10045206280773e-09	47.68	1.10045206280773e-09	A
Diet.5mo.as.AL	AM0715	1D	0.065385514129452	0.133017838571237	0.491554477442779	4	47.68	1.10045206280773e-09	47.68	1.10045206280773e-09	A
Diet.5mo.as.AL	AM0715	2D	-0.201005591246451	0.131144252320113	-1.53270606748218	4	47.68	1.10045206280773e-09	47.68	1.10045206280773e-09	A
Diet.5mo.as.AL	AM0715	20	-0.531730264692107	0.131575456105105	-4.04125724076799	4	47.68	1.10045206280773e-09	47.68	1.10045206280773e-09	A
Diet.5mo.as.AL	AM0715	40	-0.68646060337253	0.135843345249803	-5.05332522627586	4	47.68	1.10045206280773e-09	47.68	1.10045206280773e-09	A
Diet.5mo.as.AL	Anaerotignum	AL	0	NA	NA	4	11.168	0.024739415534116	11.168	0.024739415534116	A
Diet.5mo.as.AL	Anaerotignum	1D	-0.140973495818361	0.166086132168628	-0.848797512336728	4	11.168	0.024739415534116	11.168	0.024739415534116	A
Diet.5mo.as.AL	Anaerotignum	2D	-0.149410339301256	0.164643968190949	-0.907475329603179	4	11.168	0.024739415534116	11.168	0.024739415534116	A
Diet.5mo.as.AL	Anaerotignum	20	-0.464615719407138	0.164524958394431	-2.82398320559529	4	11.168	0.024739415534116	11.168	0.024739415534116	A
Diet.5mo.as.AL	Anaerotignum	40	-0.409689254078549	0.169322405531791	-2.41958087467419	4	11.168	0.024739415534116	11.168	0.024739415534116	A
Diet.5mo.as.AL	Anaerotruncus	AL	0	NA	NA	4	29.856	5.23616376724156e-06	29.856	5.23616376724156e-06	A
Diet.5mo.as.AL	Anaerotruncus	1D	-0.184131823720503	0.166723116860175	-1.10441687504516	4	29.856	5.23616376724156e-06	29.856	5.23616376724156e-06	A
Diet.5mo.as.AL	Anaerotruncus	2D	-0.3997447715121	0.164930747591937	-2.42371284523082	4	29.856	5.23616376724156e-06	29.856	5.23616376724156e-06	A
Diet.5mo.as.AL	Anaerotruncus	20	-0.665705165564684	0.16299490159063	-4.08420851859916	4	29.856	5.23616376724156e-06	29.856	5.23616376724156e-06	A
Diet.5mo.as.AL	Anaerotruncus	40	-0.769269901675034	0.169084008879107	-4.54963131507635	4	29.856	5.23616376724156e-06	29.856	5.23616376724156e-06	A
Diet.5mo.as.AL	AnaerovoracaceaeNOV	AL	0	NA	NA	4	7.384	0.116934530496315	7.384	0.116934530496315	A
Diet.5mo.as.AL	AnaerovoracaceaeNOV	1D	-0.183032609795684	0.167172489295897	-1.09487279017372	4	7.384	0.116934530496315	7.384	0.116934530496315	A
Diet.5mo.as.AL	AnaerovoracaceaeNOV	2D	-0.331673093135353	0.16438587290995	-2.01764961467852	4	7.384	0.116934530496315	7.384	0.116934530496315	A
Diet.5mo.as.AL	AnaerovoracaceaeNOV	20	-0.121531834740855	0.155526359045602	-0.781422747157739	4	7.384	0.116934530496315	7.384	0.116934530496315	A
Diet.5mo.as.AL	AnaerovoracaceaeNOV	40	-0.392324142677616	0.165657830106784	-2.36828010136751	4	7.384	0.116934530496315	7.384	0.116934530496315	A
Diet.5mo.as.AL	Angelakisella	AL	0	NA	NA	4	21.88	0.000211749646885306	21.88	0.000211749646885306	A
Diet.5mo.as.AL	Angelakisella	1D	-0.395880888969085	0.15897835831653	-2.49015584989798	4	21.88	0.000211749646885306	21.88	0.000211749646885306	A
Diet.5mo.as.AL	Angelakisella	2D	-0.569341478157943	0.15690431694023	-3.62859027247048	4	21.88	0.000211749646885306	21.88	0.000211749646885306	A
Diet.5mo.as.AL	Angelakisella	20	-0.647411812236661	0.154592079680467	-4.18787180801774	4	21.88	0.000211749646885306	21.88	0.000211749646885306	A
Diet.5mo.as.AL	Angelakisella	40	-0.55375958124506	0.161639376315643	-3.42589531008644	4	21.88	0.000211749646885306	21.88	0.000211749646885306	A
Diet.5mo.as.AL	ASF356	AL	0	NA	NA	4	20.372	0.000421649143352743	20.372	0.000421649143352743	A
Diet.5mo.as.AL	ASF356	1D	-0.182737363166584	0.149587355176638	-1.22160969388623	4	20.372	0.000421649143352743	20.372	0.000421649143352743	A
Diet.5mo.as.AL	ASF356	2D	-0.36605006310552	0.147904171856136	-2.47491371278946	4	20.372	0.000421649143352743	20.372	0.000421649143352743	A
Diet.5mo.as.AL	ASF356	20	-0.310028365543512	0.147446483266232	-2.10265011871269	4	20.372	0.000421649143352743	20.372	0.000421649143352743	A
Diet.5mo.as.AL	ASF356	40	-0.665118366648378	0.154027475645443	-4.31818001211303	4	20.372	0.000421649143352743	20.372	0.000421649143352743	A
Diet.5mo.as.AL	Bacteroides	AL	0	NA	NA	4	32.78	1.32499129068542e-06	32.78	1.32499129068542e-06	A
Diet.5mo.as.AL	Bacteroides	1D	0.252371303858069	0.161581429003846	1.56188310385633	4	32.78	1.32499129068542e-06	32.78	1.32499129068542e-06	A
Diet.5mo.as.AL	Bacteroides	2D	0.630166126560113	0.159258810694539	3.95686821854259	4	32.78	1.32499129068542e-06	32.78	1.32499129068542e-06	A
Diet.5mo.as.AL	Bacteroides	20	0.753682220060183	0.155512482465914	4.84644195828704	4	32.78	1.32499129068542e-06	32.78	1.32499129068542e-06	A
Diet.5mo.as.AL	Bacteroides	40	0.645304018878227	0.163711294833043	3.94171959568413	4	32.78	1.32499129068542e-06	32.78	1.32499129068542e-06	A
Diet.5mo.as.AL	Bifidobacterium	AL	0	NA	NA	4	22.66	0.000148049381240023	22.66	0.000148049381240023	A
Diet.5mo.as.AL	Bifidobacterium	1D	0.0706399754709668	0.197359278067386	0.357925789771321	4	22.66	0.000148049381240023	22.66	0.000148049381240023	A
Diet.5mo.as.AL	Bifidobacterium	2D	0.416148463016447	0.196558061594255	2.11717830162307	4	22.66	0.000148049381240023	22.66	0.000148049381240023	A
Diet.5mo.as.AL	Bifidobacterium	20	-0.123155260401876	0.191991520082069	-0.641461978889651	4	22.66	0.000148049381240023	22.66	0.000148049381240023	A
Diet.5mo.as.AL	Bifidobacterium	40	0.68261457316167	0.199438766693029	3.42267746878084	4	22.66	0.000148049381240023	22.66	0.000148049381240023	A
Diet.5mo.as.AL	BorkfalkiaceaeNOV	AL	0	NA	NA	4	15.656	0.00351726524063412	15.656	0.00351726524063412	A
Diet.5mo.as.AL	BorkfalkiaceaeNOV	1D	-0.149270813010332	0.153320603035389	-0.973586132947032	4	15.656	0.00351726524063412	15.656	0.00351726524063412	A
Diet.5mo.as.AL	BorkfalkiaceaeNOV	2D	-0.243367752981143	0.151189711693426	-1.60968461580659	4	15.656	0.00351726524063412	15.656	0.00351726524063412	A
Diet.5mo.as.AL	BorkfalkiaceaeNOV	20	0.163143551506803	0.149957799659763	1.08792975008274	4	15.656	0.00351726524063412	15.656	0.00351726524063412	A
Diet.5mo.as.AL	BorkfalkiaceaeNOV	40	0.27753904839708	0.155700819406171	1.78251501472882	4	15.656	0.00351726524063412	15.656	0.00351726524063412	A
Diet.5mo.as.AL	ButyricicoccaceaeNOV	AL	0	NA	NA	4	20.94	0.000325461927664028	20.94	0.000325461927664028	A
Diet.5mo.as.AL	ButyricicoccaceaeNOV	1D	-0.220533704248118	0.151400262101197	-1.45662696475857	4	20.94	0.000325461927664028	20.94	0.000325461927664028	A
Diet.5mo.as.AL	ButyricicoccaceaeNOV	2D	-0.645915291371638	0.149679937278511	-4.31530974100942	4	20.94	0.000325461927664028	20.94	0.000325461927664028	A
Diet.5mo.as.AL	ButyricicoccaceaeNOV	20	-0.257649626629048	0.149972440029322	-1.71797982735144	4	20.94	0.000325461927664028	20.94	0.000325461927664028	A
Diet.5mo.as.AL	ButyricicoccaceaeNOV	40	-0.128230979364143	0.154403116584073	-0.83049476073445	4	20.94	0.000325461927664028	20.94	0.000325461927664028	A
Diet.5mo.as.AL	CAG115	AL	0	NA	NA	4	4.212	0.378074400778756	4.212	0.378074400778756	A
Diet.5mo.as.AL	CAG115	1D	-0.0681383607735359	0.135941437005149	-0.501233194783392	4	4.212	0.378074400778756	4.212	0.378074400778756	A
Diet.5mo.as.AL	CAG115	2D	-0.159868058965472	0.134663677691581	-1.18716540128673	4	4.212	0.378074400778756	4.212	0.378074400778756	A
Diet.5mo.as.AL	CAG115	20	-0.120825878263062	0.134454953829754	-0.898634634288383	4	4.212	0.378074400778756	4.212	0.378074400778756	A
Diet.5mo.as.AL	CAG115	40	0.0940306021890564	0.139573633622467	0.673698891034102	4	4.212	0.378074400778756	4.212	0.378074400778756	A
Diet.5mo.as.AL	CAG145	AL	0	NA	NA	4	2.3448	0.67262490472342	2.3448	0.67262490472342	A
Diet.5mo.as.AL	CAG145	1D	-0.0438135152754541	0.15994279029178	-0.273932417932226	4	2.3448	0.67262490472342	2.3448	0.67262490472342	A
Diet.5mo.as.AL	CAG145	2D	-0.0356188761160702	0.157744115945129	-0.22580161486632	4	2.3448	0.67262490472342	2.3448	0.67262490472342	A
Diet.5mo.as.AL	CAG145	20	0.0681599364569376	0.155632911545442	0.437953230972203	4	2.3448	0.67262490472342	2.3448	0.67262490472342	A
Diet.5mo.as.AL	CAG145	40	-0.171764342304425	0.163057279879276	-1.05339879600344	4	2.3448	0.67262490472342	2.3448	0.67262490472342	A
Diet.5mo.as.AL	CAG273	AL	0	NA	NA	4	8.168	0.0856144119013189	8.168	0.0856144119013189	A
Diet.5mo.as.AL	CAG273	1D	-0.114290892690765	0.150641431688249	-0.75869494474328	4	8.168	0.0856144119013189	8.168	0.0856144119013189	A
Diet.5mo.as.AL	CAG273	2D	-0.000837902146339762	0.148059634178504	-0.00565922069839487	4	8.168	0.0856144119013189	8.168	0.0856144119013189	A
Diet.5mo.as.AL	CAG273	20	0.231007549746025	0.145889101396468	1.58344624468033	4	8.168	0.0856144119013189	8.168	0.0856144119013189	A
Diet.5mo.as.AL	CAG273	40	0.215891452853106	0.152057267002722	1.41980358524556	4	8.168	0.0856144119013189	8.168	0.0856144119013189	A
Diet.5mo.as.AL	CAG274NOV	AL	0	NA	NA	4	51.12	2.10698347657967e-10	51.12	2.10698347657967e-10	A
Diet.5mo.as.AL	CAG274NOV	1D	-0.246730490441723	0.172135433133312	-1.43335097225823	4	51.12	2.10698347657967e-10	51.12	2.10698347657967e-10	A
Diet.5mo.as.AL	CAG274NOV	2D	-0.927108925129542	0.171071112695781	-5.41943587388853	4	51.12	2.10698347657967e-10	51.12	2.10698347657967e-10	A
Diet.5mo.as.AL	CAG274NOV	20	-0.39331287447342	0.170534716745236	-2.30635076528726	4	51.12	2.10698347657967e-10	51.12	2.10698347657967e-10	A
Diet.5mo.as.AL	CAG274NOV	40	-1.0146005067783	0.175228091972053	-5.79017037370993	4	51.12	2.10698347657967e-10	51.12	2.10698347657967e-10	A
Diet.5mo.as.AL	CAG303	AL	0	NA	NA	4	36.176	2.66220710143372e-07	36.176	2.66220710143372e-07	A
Diet.5mo.as.AL	CAG303	1D	-0.676218623192523	0.16931054276132	-3.99395461241773	4	36.176	2.66220710143372e-07	36.176	2.66220710143372e-07	A
Diet.5mo.as.AL	CAG303	2D	-0.6796803836149	0.167255425918524	-4.06372696061889	4	36.176	2.66220710143372e-07	36.176	2.66220710143372e-07	A
Diet.5mo.as.AL	CAG303	20	-0.352767613221676	0.163350680900807	-2.15957234629398	4	36.176	2.66220710143372e-07	36.176	2.66220710143372e-07	A
Diet.5mo.as.AL	CAG303	40	-0.948548935654953	0.170305850716188	-5.56967909009595	4	36.176	2.66220710143372e-07	36.176	2.66220710143372e-07	A
Diet.5mo.as.AL	CAG41	AL	0	NA	NA	4	25.896	3.32098555829718e-05	25.896	3.32098555829718e-05	A
Diet.5mo.as.AL	CAG41	1D	0.217669031707672	0.201693665322346	1.07920608889622	4	25.896	3.32098555829718e-05	25.896	3.32098555829718e-05	A
Diet.5mo.as.AL	CAG41	2D	-0.654443490005099	0.200762557742832	-3.25978856497442	4	25.896	3.32098555829718e-05	25.896	3.32098555829718e-05	A
Diet.5mo.as.AL	CAG41	20	0.182921120350411	0.195564015662903	0.935351627600629	4	25.896	3.32098555829718e-05	25.896	3.32098555829718e-05	A
Diet.5mo.as.AL	CAG41	40	0.0568892867613857	0.203138384045335	0.280051882015019	4	25.896	3.32098555829718e-05	25.896	3.32098555829718e-05	A
Diet.5mo.as.AL	CAG475	AL	0	NA	NA	4	28.752	8.77861289194648e-06	28.752	8.77861289194648e-06	A
Diet.5mo.as.AL	CAG475	1D	-0.0359524873574349	0.14701373371464	-0.24455189626855	4	28.752	8.77861289194648e-06	28.752	8.77861289194648e-06	A
Diet.5mo.as.AL	CAG475	2D	-0.354929152507117	0.145271932025809	-2.44320528788769	4	28.752	8.77861289194648e-06	28.752	8.77861289194648e-06	A
Diet.5mo.as.AL	CAG475	20	0.0799509255817938	0.145602233706556	0.549105075839188	4	28.752	8.77861289194648e-06	28.752	8.77861289194648e-06	A
Diet.5mo.as.AL	CAG475	40	0.437010967561416	0.150261466448297	2.90833690027766	4	28.752	8.77861289194648e-06	28.752	8.77861289194648e-06	A
Diet.5mo.as.AL	CAG485	AL	0	NA	NA	4	49.88	3.82530118692159e-10	49.88	3.82530118692159e-10	A
Diet.5mo.as.AL	CAG485	1D	0.178573833251138	0.154769905881507	1.15380204073946	4	49.88	3.82530118692159e-10	49.88	3.82530118692159e-10	A
Diet.5mo.as.AL	CAG485	2D	0.489539974672638	0.15218180225553	3.21681020606293	4	49.88	3.82530118692159e-10	49.88	3.82530118692159e-10	A
Diet.5mo.as.AL	CAG485	20	0.81979611563716	0.148082752571659	5.53606751225435	4	49.88	3.82530118692159e-10	49.88	3.82530118692159e-10	A
Diet.5mo.as.AL	CAG485	40	0.842644159297716	0.155641514368183	5.41400642828731	4	49.88	3.82530118692159e-10	49.88	3.82530118692159e-10	A
Diet.5mo.as.AL	CAG510	AL	0	NA	NA	4	4.552	0.336426077687187	4.552	0.336426077687187	A
Diet.5mo.as.AL	CAG510	1D	-0.0807841739158061	0.155900620263402	-0.518177373376174	4	4.552	0.336426077687187	4.552	0.336426077687187	A
Diet.5mo.as.AL	CAG510	2D	-0.0711266776012133	0.155930075838786	-0.456144699594387	4	4.552	0.336426077687187	4.552	0.336426077687187	A
Diet.5mo.as.AL	CAG510	20	0.103921003169866	0.154942959710992	0.670704905622718	4	4.552	0.336426077687187	4.552	0.336426077687187	A
Diet.5mo.as.AL	CAG510	40	0.198241534059073	0.158042462295261	1.25435614694936	4	4.552	0.336426077687187	4.552	0.336426077687187	A
Diet.5mo.as.AL	CAG552NOV	AL	0	NA	NA	4	2.858	0.5818629442398	2.858	0.5818629442398	A
Diet.5mo.as.AL	CAG552NOV	1D	0.089929141113775	0.177803598796968	0.505777957939222	4	2.858	0.5818629442398	2.858	0.5818629442398	A
Diet.5mo.as.AL	CAG552NOV	2D	0.253055343490108	0.176584958404483	1.43305152248847	4	2.858	0.5818629442398	2.858	0.5818629442398	A
Diet.5mo.as.AL	CAG552NOV	20	0.0233061168267785	0.176003089790296	0.132418793639062	4	2.858	0.5818629442398	2.858	0.5818629442398	A
Diet.5mo.as.AL	CAG552NOV	40	0.00775718315195271	0.181474257952443	0.0427453636646668	4	2.858	0.5818629442398	2.858	0.5818629442398	A
Diet.5mo.as.AL	CAG56	AL	0	NA	NA	4	12.116	0.0165091868414912	12.116	0.0165091868414912	A
Diet.5mo.as.AL	CAG56	1D	-0.0404853160321616	0.166817638129079	-0.242692058742824	4	12.116	0.0165091868414912	12.116	0.0165091868414912	A
Diet.5mo.as.AL	CAG56	2D	-0.0558622323644042	0.165507100496659	-0.337521666422594	4	12.116	0.0165091868414912	12.116	0.0165091868414912	A
Diet.5mo.as.AL	CAG56	20	0.0253749751989049	0.165167734855845	0.153631550502594	4	12.116	0.0165091868414912	12.116	0.0165091868414912	A
Diet.5mo.as.AL	CAG56	40	-0.487358011237259	0.170510734763004	-2.85822480276474	4	12.116	0.0165091868414912	12.116	0.0165091868414912	A
Diet.5mo.as.AL	CAG582	AL	0	NA	NA	4	10.3	0.0356663390700792	10.3	0.0356663390700792	A
Diet.5mo.as.AL	CAG582	1D	0.0437792135752425	0.154886122912253	0.282654202662459	4	10.3	0.0356663390700792	10.3	0.0356663390700792	A
Diet.5mo.as.AL	CAG582	2D	-0.0400418652822155	0.153189943353801	-0.261387036286948	4	10.3	0.0356663390700792	10.3	0.0356663390700792	A
Diet.5mo.as.AL	CAG582	20	0.0522489014452402	0.153343624653639	0.340730836141745	4	10.3	0.0356663390700792	10.3	0.0356663390700792	A
Diet.5mo.as.AL	CAG582	40	0.410959604932184	0.158111239669016	2.59918020877245	4	10.3	0.0356663390700792	10.3	0.0356663390700792	A
Diet.5mo.as.AL	CAG776	AL	0	NA	NA	4	6.652	0.155461576793838	6.652	0.155461576793838	A
Diet.5mo.as.AL	CAG776	1D	0.169438356957219	0.167381055253327	1.01229112638093	4	6.652	0.155461576793838	6.652	0.155461576793838	A
Diet.5mo.as.AL	CAG776	2D	0.149028592734249	0.165205119766822	0.902082168788686	4	6.652	0.155461576793838	6.652	0.155461576793838	A
Diet.5mo.as.AL	CAG776	20	0.187898355058468	0.162500592391711	1.15629335433765	4	6.652	0.155461576793838	6.652	0.155461576793838	A
Diet.5mo.as.AL	CAG776	40	0.430424005720919	0.169655647811041	2.53704495709048	4	6.652	0.155461576793838	6.652	0.155461576793838	A
Diet.5mo.as.AL	CAG81	AL	0	NA	NA	4	25.224	4.53523645218556e-05	25.224	4.53523645218556e-05	A
Diet.5mo.as.AL	CAG81	1D	-0.542937526381191	0.153429082301898	-3.53868717869842	4	25.224	4.53523645218556e-05	25.224	4.53523645218556e-05	A
Diet.5mo.as.AL	CAG81	2D	-0.476536849606817	0.151835514830062	-3.13850715453607	4	25.224	4.53523645218556e-05	25.224	4.53523645218556e-05	A
Diet.5mo.as.AL	CAG81	20	-0.49623301482176	0.151980587775805	-3.26510788044709	4	25.224	4.53523645218556e-05	25.224	4.53523645218556e-05	A
Diet.5mo.as.AL	CAG81	40	-0.748053272599137	0.156715640966527	-4.77331597526321	4	25.224	4.53523645218556e-05	25.224	4.53523645218556e-05	A
Diet.5mo.as.AL	CAG873	AL	0	NA	NA	4	36.952	1.84278605930288e-07	36.952	1.84278605930288e-07	A
Diet.5mo.as.AL	CAG873	1D	0.288706118322686	0.148621176450892	1.9425638069692	4	36.952	1.84278605930288e-07	36.952	1.84278605930288e-07	A
Diet.5mo.as.AL	CAG873	2D	0.587524442638164	0.146096357588209	4.0214859038045	4	36.952	1.84278605930288e-07	36.952	1.84278605930288e-07	A
Diet.5mo.as.AL	CAG873	20	0.728914861066283	0.143629064774439	5.07498160077141	4	36.952	1.84278605930288e-07	36.952	1.84278605930288e-07	A
Diet.5mo.as.AL	CAG873	40	0.71313426510082	0.15074757960632	4.73065151004869	4	36.952	1.84278605930288e-07	36.952	1.84278605930288e-07	A
Diet.5mo.as.AL	CAG95	AL	0	NA	NA	4	15.036	0.00462713020819527	15.036	0.00462713020819527	A
Diet.5mo.as.AL	CAG95	1D	-0.30006151035982	0.157426982956597	-1.90603608558355	4	15.036	0.00462713020819527	15.036	0.00462713020819527	A
Diet.5mo.as.AL	CAG95	2D	-0.404161277477955	0.154259512230399	-2.6200087867146	4	15.036	0.00462713020819527	15.036	0.00462713020819527	A
Diet.5mo.as.AL	CAG95	20	-0.427281111957802	0.14829261952257	-2.88133767771747	4	15.036	0.00462713020819527	15.036	0.00462713020819527	A
Diet.5mo.as.AL	CAG95	40	-0.569133487689767	0.158158543455812	-3.59849980439898	4	15.036	0.00462713020819527	15.036	0.00462713020819527	A
Diet.5mo.as.AL	Chao1	AL	0	NA	NA	4	5.6	0.231078237975828	5.6	0.231078237975828	A
Diet.5mo.as.AL	Chao1	1D	-0.162075708860303	0.143888358592489	-1.12639903912813	4	5.6	0.231078237975828	5.6	0.231078237975828	A
Diet.5mo.as.AL	Chao1	2D	-0.134471443859279	0.142021018009713	-0.946841853014198	4	5.6	0.231078237975828	5.6	0.231078237975828	A
Diet.5mo.as.AL	Chao1	20	0.115258349043031	0.142399414252494	0.809401847950459	4	5.6	0.231078237975828	5.6	0.231078237975828	A
Diet.5mo.as.AL	Chao1	40	0.0529312464096761	0.146797375094706	0.360573520987877	4	5.6	0.231078237975828	5.6	0.231078237975828	A
Diet.5mo.as.AL	Clostridium	AL	0	NA	NA	4	59.04	4.6154191579717e-12	59.04	4.6154191579717e-12	A
Diet.5mo.as.AL	Clostridium	1D	-0.0453218216541104	0.178940143536619	-0.253279229346519	4	59.04	4.6154191579717e-12	59.04	4.6154191579717e-12	A
Diet.5mo.as.AL	Clostridium	2D	0.0211866929284035	0.176984570487451	0.119709265446423	4	59.04	4.6154191579717e-12	59.04	4.6154191579717e-12	A
Diet.5mo.as.AL	Clostridium	20	0.0184160144174302	0.168210144502195	0.109482186534771	4	59.04	4.6154191579717e-12	59.04	4.6154191579717e-12	A
Diet.5mo.as.AL	Clostridium	40	1.05220355232419	0.178494368129587	5.89488376216043	4	59.04	4.6154191579717e-12	59.04	4.6154191579717e-12	A
Diet.5mo.as.AL	ClostridiumQ	AL	0	NA	NA	4	68.56	4.57411886145564e-14	68.56	4.57411886145564e-14	A
Diet.5mo.as.AL	ClostridiumQ	1D	0.121059155804973	0.14570029820239	0.830877886308866	4	68.56	4.57411886145564e-14	68.56	4.57411886145564e-14	A
Diet.5mo.as.AL	ClostridiumQ	2D	0.101236057077334	0.143155512978701	0.707175399472014	4	68.56	4.57411886145564e-14	68.56	4.57411886145564e-14	A
Diet.5mo.as.AL	ClostridiumQ	20	-0.279253242870066	0.140204622289279	-1.99175489588277	4	68.56	4.57411886145564e-14	68.56	4.57411886145564e-14	A
Diet.5mo.as.AL	ClostridiumQ	40	-0.903396783568681	0.147457516516641	-6.12648852977755	4	68.56	4.57411886145564e-14	68.56	4.57411886145564e-14	A
Diet.5mo.as.AL	COE1	AL	0	NA	NA	4	76.52	9.99200722162641e-16	76.52	9.99200722162641e-16	A
Diet.5mo.as.AL	COE1	1D	-0.177890057031179	0.144197755142776	-1.23365344248975	4	76.52	9.99200722162641e-16	76.52	9.99200722162641e-16	A
Diet.5mo.as.AL	COE1	2D	-0.527980471113981	0.142569606928834	-3.70331715494967	4	76.52	9.99200722162641e-16	76.52	9.99200722162641e-16	A
Diet.5mo.as.AL	COE1	20	-0.426608018650752	0.142338221321037	-2.99714310528412	4	76.52	9.99200722162641e-16	76.52	9.99200722162641e-16	A
Diet.5mo.as.AL	COE1	40	-1.19758240487136	0.147496662608972	-8.11938645721275	4	76.52	9.99200722162641e-16	76.52	9.99200722162641e-16	A
Diet.5mo.as.AL	D1663	AL	0	NA	NA	4	61.28	1.5611956172279e-12	61.28	1.5611956172279e-12	A
Diet.5mo.as.AL	D1663	1D	0.0774999616304132	0.13800716726339	0.561564759042571	4	61.28	1.5611956172279e-12	61.28	1.5611956172279e-12	A
Diet.5mo.as.AL	D1663	2D	0.133386825116934	0.135173402240067	0.986783072013234	4	61.28	1.5611956172279e-12	61.28	1.5611956172279e-12	A
Diet.5mo.as.AL	D1663	20	-0.0533772375070249	0.131646973511126	-0.405457384119155	4	61.28	1.5611956172279e-12	61.28	1.5611956172279e-12	A
Diet.5mo.as.AL	D1663	40	-0.799644029299575	0.139536887911018	-5.73069989786145	4	61.28	1.5611956172279e-12	61.28	1.5611956172279e-12	A
Diet.5mo.as.AL	Desulfovibrio	AL	0	NA	NA	4	1.9244	0.749661350377934	1.9244	0.749661350377934	A
Diet.5mo.as.AL	Desulfovibrio	1D	0.202895258543209	0.164587272465866	1.2327518130862	4	1.9244	0.749661350377934	1.9244	0.749661350377934	A
Diet.5mo.as.AL	Desulfovibrio	2D	0.116971155658706	0.163104746903664	0.717153595338296	4	1.9244	0.749661350377934	1.9244	0.749661350377934	A
Diet.5mo.as.AL	Desulfovibrio	20	0.114968127335068	0.162601138744899	0.707056101959031	4	1.9244	0.749661350377934	1.9244	0.749661350377934	A
Diet.5mo.as.AL	Desulfovibrio	40	0.19356898063133	0.168748581647986	1.14708508208454	4	1.9244	0.749661350377934	1.9244	0.749661350377934	A
Diet.5mo.as.AL	Dorea	AL	0	NA	NA	4	46.36	2.07257477846667e-09	46.36	2.07257477846667e-09	A
Diet.5mo.as.AL	Dorea	1D	-0.222592512384796	0.163208773061999	-1.36385139235278	4	46.36	2.07257477846667e-09	46.36	2.07257477846667e-09	A
Diet.5mo.as.AL	Dorea	2D	-0.489081037246276	0.160990986252337	-3.03794049984695	4	46.36	2.07257477846667e-09	46.36	2.07257477846667e-09	A
Diet.5mo.as.AL	Dorea	20	-0.440743372942896	0.156979658104585	-2.80764640632138	4	46.36	2.07257477846667e-09	46.36	2.07257477846667e-09	A
Diet.5mo.as.AL	Dorea	40	-1.05185593150212	0.164516876616339	-6.39360504001725	4	46.36	2.07257477846667e-09	46.36	2.07257477846667e-09	A
Diet.5mo.as.AL	Dubosiella	AL	0	NA	NA	4	32.24	1.70874285676526e-06	32.24	1.70874285676526e-06	A
Diet.5mo.as.AL	Dubosiella	1D	-0.0138485775309507	0.178548370239321	-0.0775620495017036	4	32.24	1.70874285676526e-06	32.24	1.70874285676526e-06	A
Diet.5mo.as.AL	Dubosiella	2D	0.123984479464043	0.177930700203803	0.696813306090689	4	32.24	1.70874285676526e-06	32.24	1.70874285676526e-06	A
Diet.5mo.as.AL	Dubosiella	20	-0.00683471449165259	0.177031043797522	-0.038607434860237	4	32.24	1.70874285676526e-06	32.24	1.70874285676526e-06	A
Diet.5mo.as.AL	Dubosiella	40	0.843581941488837	0.182185766649716	4.63033944419363	4	32.24	1.70874285676526e-06	32.24	1.70874285676526e-06	A
Diet.5mo.as.AL	Duncaniella	AL	0	NA	NA	4	16.404	0.0025223124779381	16.404	0.0025223124779381	A
Diet.5mo.as.AL	Duncaniella	1D	0.0544951123748695	0.159608367249311	0.341430172578278	4	16.404	0.0025223124779381	16.404	0.0025223124779381	A
Diet.5mo.as.AL	Duncaniella	2D	0.505183662921328	0.158096654545999	3.19541020252482	4	16.404	0.0025223124779381	16.404	0.0025223124779381	A
Diet.5mo.as.AL	Duncaniella	20	0.448172761296662	0.157877888079171	2.83873040581793	4	16.404	0.0025223124779381	16.404	0.0025223124779381	A
Diet.5mo.as.AL	Duncaniella	40	0.289957510815311	0.163552623389333	1.77286982505364	4	16.404	0.0025223124779381	16.404	0.0025223124779381	A
Diet.5mo.as.AL	Emergencia	AL	0	NA	NA	4	92.28	0	92.28	0	A
Diet.5mo.as.AL	Emergencia	1D	0.220025003331471	0.168071036799654	1.30911909345658	4	92.28	0	92.28	0	A
Diet.5mo.as.AL	Emergencia	2D	0.437125730584488	0.166774414253446	2.62105990622873	4	92.28	0	92.28	0	A
Diet.5mo.as.AL	Emergencia	20	-0.257991036354419	0.164190950260071	-1.57128657788857	4	92.28	0	92.28	0	A
Diet.5mo.as.AL	Emergencia	40	-1.0531361311046	0.169870181116757	-6.19965272410435	4	92.28	0	92.28	0	A
Diet.5mo.as.AL	EnterococcusD	AL	0	NA	NA	4	11.036	0.0261623893753831	11.036	0.0261623893753831	A
Diet.5mo.as.AL	EnterococcusD	1D	0.0982166879414638	0.177821372197933	0.552333427233589	4	11.036	0.0261623893753831	11.036	0.0261623893753831	A
Diet.5mo.as.AL	EnterococcusD	2D	0.239787244584521	0.176698062696238	1.35704512503196	4	11.036	0.0261623893753831	11.036	0.0261623893753831	A
Diet.5mo.as.AL	EnterococcusD	20	0.20853551548957	0.175951562167814	1.18518706466885	4	11.036	0.0261623893753831	11.036	0.0261623893753831	A
Diet.5mo.as.AL	EnterococcusD	40	0.567775783227659	0.181827120490817	3.12261329165322	4	11.036	0.0261623893753831	11.036	0.0261623893753831	A
Diet.5mo.as.AL	ErysipelatoclostridiaceaeNOV	AL	0	NA	NA	4	3.1928	0.526094655073456	3.1928	0.526094655073456	A
Diet.5mo.as.AL	ErysipelatoclostridiaceaeNOV	1D	0.147077522272158	0.139794737282519	1.05209627437492	4	3.1928	0.526094655073456	3.1928	0.526094655073456	A
Diet.5mo.as.AL	ErysipelatoclostridiaceaeNOV	2D	0.140609745008566	0.136557864361391	1.02967152910689	4	3.1928	0.526094655073456	3.1928	0.526094655073456	A
Diet.5mo.as.AL	ErysipelatoclostridiaceaeNOV	20	0.183757220999402	0.133686185564912	1.37454158201095	4	3.1928	0.526094655073456	3.1928	0.526094655073456	A
Diet.5mo.as.AL	ErysipelatoclostridiaceaeNOV	40	0.00852915478158673	0.141555475017774	0.0602530900377803	4	3.1928	0.526094655073456	3.1928	0.526094655073456	A
Diet.5mo.as.AL	Erysipelatoclostridium	AL	0	NA	NA	4	6.836	0.14481287387558	6.836	0.14481287387558	A
Diet.5mo.as.AL	Erysipelatoclostridium	1D	-0.0230107463760353	0.157060438952523	-0.146508863272635	4	6.836	0.14481287387558	6.836	0.14481287387558	A
Diet.5mo.as.AL	Erysipelatoclostridium	2D	-0.115783170893785	0.155383668607225	-0.745143758875064	4	6.836	0.14481287387558	6.836	0.14481287387558	A
Diet.5mo.as.AL	Erysipelatoclostridium	20	0.113054923044004	0.155497606271723	0.727052497814318	4	6.836	0.14481287387558	6.836	0.14481287387558	A
Diet.5mo.as.AL	Erysipelatoclostridium	40	0.269326970123445	0.160227492172498	1.68090361068307	4	6.836	0.14481287387558	6.836	0.14481287387558	A
Diet.5mo.as.AL	ErysipelotrichaceaeNOV	AL	0	NA	NA	4	59.12	4.44022596468585e-12	59.12	4.44022596468585e-12	A
Diet.5mo.as.AL	ErysipelotrichaceaeNOV	1D	0.524796292555492	0.154051273277918	3.40663391732392	4	59.12	4.44022596468585e-12	59.12	4.44022596468585e-12	A
Diet.5mo.as.AL	ErysipelotrichaceaeNOV	2D	0.0497296232230197	0.151243763940496	0.328804453997752	4	59.12	4.44022596468585e-12	59.12	4.44022596468585e-12	A
Diet.5mo.as.AL	ErysipelotrichaceaeNOV	20	0.21634188283234	0.145578761915136	1.4860813485861	4	59.12	4.44022596468585e-12	59.12	4.44022596468585e-12	A
Diet.5mo.as.AL	ErysipelotrichaceaeNOV	40	-0.579423295235991	0.153847815704128	-3.7662107361362	4	59.12	4.44022596468585e-12	59.12	4.44022596468585e-12	A
Diet.5mo.as.AL	Escherichia	AL	0	NA	NA	4	31.16	2.83972639480989e-06	31.16	2.83972639480989e-06	A
Diet.5mo.as.AL	Escherichia	1D	0.0161996947212398	0.17647226165341	0.0917973995995808	4	31.16	2.83972639480989e-06	31.16	2.83972639480989e-06	A
Diet.5mo.as.AL	Escherichia	2D	0.458078869186177	0.174469719102961	2.62554941649128	4	31.16	2.83972639480989e-06	31.16	2.83972639480989e-06	A
Diet.5mo.as.AL	Escherichia	20	0.232073146658166	0.169255378846215	1.37114192907882	4	31.16	2.83972639480989e-06	31.16	2.83972639480989e-06	A
Diet.5mo.as.AL	Escherichia	40	0.825583493968577	0.178032666437225	4.63725849019781	4	31.16	2.83972639480989e-06	31.16	2.83972639480989e-06	A
Diet.5mo.as.AL	EubacteriumF	AL	0	NA	NA	4	29.1	7.46011773744559e-06	29.1	7.46011773744559e-06	A
Diet.5mo.as.AL	EubacteriumF	1D	0.0295848314170137	0.141493236306128	0.209090075182148	4	29.1	7.46011773744559e-06	29.1	7.46011773744559e-06	A
Diet.5mo.as.AL	EubacteriumF	2D	0.203858221559088	0.138247497438137	1.47458887384424	4	29.1	7.46011773744559e-06	29.1	7.46011773744559e-06	A
Diet.5mo.as.AL	EubacteriumF	20	0.0534054216684306	0.134626889656026	0.396692085844679	4	29.1	7.46011773744559e-06	29.1	7.46011773744559e-06	A
Diet.5mo.as.AL	EubacteriumF	40	-0.498263735813419	0.142626813914822	-3.49347869546456	4	29.1	7.46011773744559e-06	29.1	7.46011773744559e-06	A
Diet.5mo.as.AL	EubacteriumG	AL	0	NA	NA	4	26.812	2.16965951874704e-05	26.812	2.16965951874704e-05	A
Diet.5mo.as.AL	EubacteriumG	1D	-0.260673889172851	0.161053592637554	-1.61855370565678	4	26.812	2.16965951874704e-05	26.812	2.16965951874704e-05	A
Diet.5mo.as.AL	EubacteriumG	2D	-0.234417881131799	0.159567348350807	-1.46908426789442	4	26.812	2.16965951874704e-05	26.812	2.16965951874704e-05	A
Diet.5mo.as.AL	EubacteriumG	20	-0.557353139043271	0.15945696194018	-3.49532019337205	4	26.812	2.16965951874704e-05	26.812	2.16965951874704e-05	A
Diet.5mo.as.AL	EubacteriumG	40	-0.764092582262679	0.164034231092948	-4.65812883793575	4	26.812	2.16965951874704e-05	26.812	2.16965951874704e-05	A
Diet.5mo.as.AL	EubacteriumJ	AL	0	NA	NA	4	65.84	1.71196390397199e-13	65.84	1.71196390397199e-13	A
Diet.5mo.as.AL	EubacteriumJ	1D	-0.205723880039737	0.144584106087687	-1.42286649346485	4	65.84	1.71196390397199e-13	65.84	1.71196390397199e-13	A
Diet.5mo.as.AL	EubacteriumJ	2D	-0.328845412732543	0.143008194072512	-2.29948650750601	4	65.84	1.71196390397199e-13	65.84	1.71196390397199e-13	A
Diet.5mo.as.AL	EubacteriumJ	20	-0.604824367500889	0.142879304554216	-4.23311388159358	4	65.84	1.71196390397199e-13	65.84	1.71196390397199e-13	A
Diet.5mo.as.AL	EubacteriumJ	40	-1.10035550663272	0.148034543664502	-7.43309959550055	4	65.84	1.71196390397199e-13	65.84	1.71196390397199e-13	A
Diet.5mo.as.AL	Evtepia	AL	0	NA	NA	4	44.28	5.61155888423315e-09	44.28	5.61155888423315e-09	A
Diet.5mo.as.AL	Evtepia	1D	-0.261503588020839	0.169258873011169	-1.54499190127293	4	44.28	5.61155888423315e-09	44.28	5.61155888423315e-09	A
Diet.5mo.as.AL	Evtepia	2D	-0.274904733574348	0.166844776625595	-1.64766760538895	4	44.28	5.61155888423315e-09	44.28	5.61155888423315e-09	A
Diet.5mo.as.AL	Evtepia	20	-0.689782856459558	0.157835436403245	-4.37026609599425	4	44.28	5.61155888423315e-09	44.28	5.61155888423315e-09	A
Diet.5mo.as.AL	Evtepia	40	-0.964070183736175	0.167783214989651	-5.74592746834442	4	44.28	5.61155888423315e-09	44.28	5.61155888423315e-09	A
Diet.5mo.as.AL	Flavonifractor	AL	0	NA	NA	4	38.36	9.44393521162823e-08	38.36	9.44393521162823e-08	A
Diet.5mo.as.AL	Flavonifractor	1D	-0.385959734112458	0.165570013690387	-2.33109683033666	4	38.36	9.44393521162823e-08	38.36	9.44393521162823e-08	A
Diet.5mo.as.AL	Flavonifractor	2D	-0.480625449780213	0.163203793504506	-2.94494042975137	4	38.36	9.44393521162823e-08	38.36	9.44393521162823e-08	A
Diet.5mo.as.AL	Flavonifractor	20	-0.627972953716721	0.158143347979156	-3.97090969516776	4	38.36	9.44393521162823e-08	38.36	9.44393521162823e-08	A
Diet.5mo.as.AL	Flavonifractor	40	-0.990311386740399	0.166590326033629	-5.94459120357618	4	38.36	9.44393521162823e-08	38.36	9.44393521162823e-08	A
Diet.5mo.as.AL	HungatellaA	AL	0	NA	NA	4	24.872	5.33806451405994e-05	24.872	5.33806451405994e-05	A
Diet.5mo.as.AL	HungatellaA	1D	-0.15899338490985	0.145761398093527	-1.09077840216539	4	24.872	5.33806451405994e-05	24.872	5.33806451405994e-05	A
Diet.5mo.as.AL	HungatellaA	2D	-0.119336331186729	0.142622569966114	-0.836728234634125	4	24.872	5.33806451405994e-05	24.872	5.33806451405994e-05	A
Diet.5mo.as.AL	HungatellaA	20	-0.312754147497541	0.138760355593249	-2.25391572513927	4	24.872	5.33806451405994e-05	24.872	5.33806451405994e-05	A
Diet.5mo.as.AL	HungatellaA	40	-0.664233360292201	0.14694387612475	-4.52032012363886	4	24.872	5.33806451405994e-05	24.872	5.33806451405994e-05	A
Diet.5mo.as.AL	Ileibacterium	AL	0	NA	NA	4	69.52	2.8643754035329e-14	69.52	2.8643754035329e-14	A
Diet.5mo.as.AL	Ileibacterium	1D	0.349145416330247	0.140469930691522	2.48555270591673	4	69.52	2.8643754035329e-14	69.52	2.8643754035329e-14	A
Diet.5mo.as.AL	Ileibacterium	2D	1.05104691106261	0.138818932534615	7.57135134143558	4	69.52	2.8643754035329e-14	69.52	2.8643754035329e-14	A
Diet.5mo.as.AL	Ileibacterium	20	0.191354121570626	0.138756110732215	1.37906806814382	4	69.52	2.8643754035329e-14	69.52	2.8643754035329e-14	A
Diet.5mo.as.AL	Ileibacterium	40	0.624363166256389	0.144404041200805	4.32372363726416	4	69.52	2.8643754035329e-14	69.52	2.8643754035329e-14	A
Diet.5mo.as.AL	Kineothrix	AL	0	NA	NA	4	39.508	5.47077201318302e-08	39.508	5.47077201318302e-08	A
Diet.5mo.as.AL	Kineothrix	1D	0.0938489711138662	0.151769347334359	0.618365781774829	4	39.508	5.47077201318302e-08	39.508	5.47077201318302e-08	A
Diet.5mo.as.AL	Kineothrix	2D	0.554317793111909	0.148811037122542	3.72497768868745	4	39.508	5.47077201318302e-08	39.508	5.47077201318302e-08	A
Diet.5mo.as.AL	Kineothrix	20	0.370560571275612	0.143563341525678	2.58116429540846	4	39.508	5.47077201318302e-08	39.508	5.47077201318302e-08	A
Diet.5mo.as.AL	Kineothrix	40	0.800811492070801	0.15258378204734	5.24833951109134	4	39.508	5.47077201318302e-08	39.508	5.47077201318302e-08	A
Diet.5mo.as.AL	Lachnospira	AL	0	NA	NA	4	111.56	0	111.56	0	A
Diet.5mo.as.AL	Lachnospira	1D	-0.0257437666397161	0.137494993183268	-0.187234211542539	4	111.56	0	111.56	0	A
Diet.5mo.as.AL	Lachnospira	2D	-0.146884561821572	0.134846769014274	-1.08927016120071	4	111.56	0	111.56	0	A
Diet.5mo.as.AL	Lachnospira	20	-0.386089267978815	0.130985551839495	-2.94757141193644	4	111.56	0	111.56	0	A
Diet.5mo.as.AL	Lachnospira	40	-1.22996286990011	0.138243479614028	-8.8970769061523	4	111.56	0	111.56	0	A
Diet.5mo.as.AL	LachnospiraceaeNOV	AL	0	NA	NA	4	18.116	0.00117131097939394	18.116	0.00117131097939394	A
Diet.5mo.as.AL	LachnospiraceaeNOV	1D	-0.205326308341676	0.151599836080538	-1.35439663821665	4	18.116	0.00117131097939394	18.116	0.00117131097939394	A
Diet.5mo.as.AL	LachnospiraceaeNOV	2D	-0.0275593923500097	0.14989431055227	-0.183858828587089	4	18.116	0.00117131097939394	18.116	0.00117131097939394	A
Diet.5mo.as.AL	LachnospiraceaeNOV	20	-0.336358422602733	0.149977181511049	-2.24273065551611	4	18.116	0.00117131097939394	18.116	0.00117131097939394	A
Diet.5mo.as.AL	LachnospiraceaeNOV	40	-0.563440222438637	0.155159414545883	-3.63136342121231	4	18.116	0.00117131097939394	18.116	0.00117131097939394	A
Diet.5mo.as.AL	Lactobacillus	AL	0	NA	NA	4	95.56	0	95.56	0	A
Diet.5mo.as.AL	Lactobacillus	1D	0.47700151865536	0.136108250030896	3.50457462017975	4	95.56	0	95.56	0	A
Diet.5mo.as.AL	Lactobacillus	2D	1.23996965970541	0.133518967913079	9.28684275415189	4	95.56	0	95.56	0	A
Diet.5mo.as.AL	Lactobacillus	20	0.457712606121787	0.130905383100848	3.49651477486736	4	95.56	0	95.56	0	A
Diet.5mo.as.AL	Lactobacillus	40	0.800730290912521	0.137934071063279	5.80516680715656	4	95.56	0	95.56	0	A
Diet.5mo.as.AL	Lawsonibacter	AL	0	NA	NA	4	37.656	1.31941800152191e-07	37.656	1.31941800152191e-07	A
Diet.5mo.as.AL	Lawsonibacter	1D	-0.28232340767884	0.156931396993057	-1.79902437044724	4	37.656	1.31941800152191e-07	37.656	1.31941800152191e-07	A
Diet.5mo.as.AL	Lawsonibacter	2D	-0.441232581643931	0.153811729243019	-2.86865367040242	4	37.656	1.31941800152191e-07	37.656	1.31941800152191e-07	A
Diet.5mo.as.AL	Lawsonibacter	20	-0.613621159125299	0.144610674311595	-4.24326324489103	4	37.656	1.31941800152191e-07	37.656	1.31941800152191e-07	A
Diet.5mo.as.AL	Lawsonibacter	40	-0.859414141691995	0.154879928948465	-5.54890583645579	4	37.656	1.31941800152191e-07	37.656	1.31941800152191e-07	A
Diet.5mo.as.AL	Ligilactobacillus	AL	0	NA	NA	4	47.56	1.16567777652676e-09	47.56	1.16567777652676e-09	A
Diet.5mo.as.AL	Ligilactobacillus	1D	0.744316989907434	0.196878579304824	3.78058899315308	4	47.56	1.16567777652676e-09	47.56	1.16567777652676e-09	A
Diet.5mo.as.AL	Ligilactobacillus	2D	0.982130671880276	0.195934557451053	5.01254441614071	4	47.56	1.16567777652676e-09	47.56	1.16567777652676e-09	A
Diet.5mo.as.AL	Ligilactobacillus	20	0.983844272634112	0.189598276522459	5.18909924013771	4	47.56	1.16567777652676e-09	47.56	1.16567777652676e-09	A
Diet.5mo.as.AL	Ligilactobacillus	40	1.24782033850267	0.197701762198779	6.31162982375471	4	47.56	1.16567777652676e-09	47.56	1.16567777652676e-09	A
Diet.5mo.as.AL	Limosilactobacillus	AL	0	NA	NA	4	66.52	1.2312373343093e-13	66.52	1.2312373343093e-13	A
Diet.5mo.as.AL	Limosilactobacillus	1D	0.38952104204225	0.146022005398135	2.66755028449449	4	66.52	1.2312373343093e-13	66.52	1.2312373343093e-13	A
Diet.5mo.as.AL	Limosilactobacillus	2D	1.08948840953005	0.14292128797246	7.62299602099857	4	66.52	1.2312373343093e-13	66.52	1.2312373343093e-13	A
Diet.5mo.as.AL	Limosilactobacillus	20	0.490343022975889	0.13662938863086	3.5888546958274	4	66.52	1.2312373343093e-13	66.52	1.2312373343093e-13	A
Diet.5mo.as.AL	Limosilactobacillus	40	0.73770778806914	0.145586785407964	5.06713425948607	4	66.52	1.2312373343093e-13	66.52	1.2312373343093e-13	A
Diet.5mo.as.AL	Mailhella	AL	0	NA	NA	4	18.22	0.00111770816997547	18.22	0.00111770816997547	A
Diet.5mo.as.AL	Mailhella	1D	0.223443981720605	0.138074775205389	1.61828242260925	4	18.22	0.00111770816997547	18.22	0.00111770816997547	A
Diet.5mo.as.AL	Mailhella	2D	0.0897895039206836	0.13637344125552	0.658409020803743	4	18.22	0.00111770816997547	18.22	0.00111770816997547	A
Diet.5mo.as.AL	Mailhella	20	0.0804598720760653	0.136610451565901	0.588973033569482	4	18.22	0.00111770816997547	18.22	0.00111770816997547	A
Diet.5mo.as.AL	Mailhella	40	-0.350194620233376	0.141774183638077	-2.47008736884959	4	18.22	0.00111770816997547	18.22	0.00111770816997547	A
Diet.5mo.as.AL	MarseilleP3106	AL	0	NA	NA	4	6.672	0.154270498153388	6.672	0.154270498153388	A
Diet.5mo.as.AL	MarseilleP3106	1D	-0.239154283076831	0.169374999768815	-1.41198100902294	4	6.672	0.154270498153388	6.672	0.154270498153388	A
Diet.5mo.as.AL	MarseilleP3106	2D	-0.120671743819423	0.167933163225386	-0.718570063838241	4	6.672	0.154270498153388	6.672	0.154270498153388	A
Diet.5mo.as.AL	MarseilleP3106	20	0.175936149514798	0.167806143464084	1.04844879861299	4	6.672	0.154270498153388	6.672	0.154270498153388	A
Diet.5mo.as.AL	MarseilleP3106	40	-0.0602842679580672	0.172471590960597	-0.349531581533562	4	6.672	0.154270498153388	6.672	0.154270498153388	A
Diet.5mo.as.AL	MuribaculaceaeNOV	AL	0	NA	NA	4	28.444	1.01376103813777e-05	28.444	1.01376103813777e-05	A
Diet.5mo.as.AL	MuribaculaceaeNOV	1D	0.117908390706725	0.156298755539421	0.754378307746579	4	28.444	1.01376103813777e-05	28.444	1.01376103813777e-05	A
Diet.5mo.as.AL	MuribaculaceaeNOV	2D	0.0987389417305724	0.154824980280016	0.637745546952395	4	28.444	1.01376103813777e-05	28.444	1.01376103813777e-05	A
Diet.5mo.as.AL	MuribaculaceaeNOV	20	0.590331467745514	0.154486286266064	3.82125483118169	4	28.444	1.01376103813777e-05	28.444	1.01376103813777e-05	A
Diet.5mo.as.AL	MuribaculaceaeNOV	40	0.626867336545555	0.160519157771897	3.90524934996453	4	28.444	1.01376103813777e-05	28.444	1.01376103813777e-05	A
Diet.5mo.as.AL	Muribaculum	AL	0	NA	NA	4	22.832	0.00013679678745615	22.832	0.00013679678745615	A
Diet.5mo.as.AL	Muribaculum	1D	0.301385227948411	0.15070359755237	1.999854236019	4	22.832	0.00013679678745615	22.832	0.00013679678745615	A
Diet.5mo.as.AL	Muribaculum	2D	0.519110257254676	0.14905160305693	3.48275527809253	4	22.832	0.00013679678745615	22.832	0.00013679678745615	A
Diet.5mo.as.AL	Muribaculum	20	0.528582798775821	0.14886135965946	3.55083951930187	4	22.832	0.00013679678745615	22.832	0.00013679678745615	A
Diet.5mo.as.AL	Muribaculum	40	0.650050299188423	0.154457722795342	4.20859693788019	4	22.832	0.00013679678745615	22.832	0.00013679678745615	A
Diet.5mo.as.AL	Oscillibacter	AL	0	NA	NA	4	20.736	0.000357206108085317	20.736	0.000357206108085317	A
Diet.5mo.as.AL	Oscillibacter	1D	-0.344879023181776	0.157256240932229	-2.1931022968456	4	20.736	0.000357206108085317	20.736	0.000357206108085317	A
Diet.5mo.as.AL	Oscillibacter	2D	-0.556753092242812	0.154513908862555	-3.60325550198889	4	20.736	0.000357206108085317	20.736	0.000357206108085317	A
Diet.5mo.as.AL	Oscillibacter	20	-0.540095036499546	0.150234556442608	-3.59501202179055	4	20.736	0.000357206108085317	20.736	0.000357206108085317	A
Diet.5mo.as.AL	Oscillibacter	40	-0.599744827226811	0.158122318781864	-3.7929169762188	4	20.736	0.000357206108085317	20.736	0.000357206108085317	A
Diet.5mo.as.AL	OscillospiraceaeNOV	AL	0	NA	NA	4	34.776	5.16442582032539e-07	34.776	5.16442582032539e-07	A
Diet.5mo.as.AL	OscillospiraceaeNOV	1D	-0.291375816743461	0.144337204155803	-2.01871595371168	4	34.776	5.16442582032539e-07	34.776	5.16442582032539e-07	A
Diet.5mo.as.AL	OscillospiraceaeNOV	2D	-0.551380934437806	0.142615709877232	-3.86620053928456	4	34.776	5.16442582032539e-07	34.776	5.16442582032539e-07	A
Diet.5mo.as.AL	OscillospiraceaeNOV	20	-0.531779890721232	0.142799031091045	-3.7239740820243	4	34.776	5.16442582032539e-07	34.776	5.16442582032539e-07	A
Diet.5mo.as.AL	OscillospiraceaeNOV	40	-0.810800961688457	0.148003472910541	-5.47825632563729	4	34.776	5.16442582032539e-07	34.776	5.16442582032539e-07	A
Diet.5mo.as.AL	Paramuribaculum	AL	0	NA	NA	4	61.44	1.44484424424718e-12	61.44	1.44484424424718e-12	A
Diet.5mo.as.AL	Paramuribaculum	1D	0.229140582347519	0.14335364645611	1.59842869722657	4	61.44	1.44484424424718e-12	61.44	1.44484424424718e-12	A
Diet.5mo.as.AL	Paramuribaculum	2D	0.372669668837017	0.141670201019523	2.63054379929666	4	61.44	1.44484424424718e-12	61.44	1.44484424424718e-12	A
Diet.5mo.as.AL	Paramuribaculum	20	0.840560169092164	0.141838911497522	5.9261606016121	4	61.44	1.44484424424718e-12	61.44	1.44484424424718e-12	A
Diet.5mo.as.AL	Paramuribaculum	40	0.938092287373718	0.146680531524149	6.39547919295119	4	61.44	1.44484424424718e-12	61.44	1.44484424424718e-12	A
Diet.5mo.as.AL	Parvibacter	AL	0	NA	NA	4	28.344	1.062237028715e-05	28.344	1.062237028715e-05	A
Diet.5mo.as.AL	Parvibacter	1D	0.316068362277192	0.146878678721888	2.15190090915552	4	28.344	1.062237028715e-05	28.344	1.062237028715e-05	A
Diet.5mo.as.AL	Parvibacter	2D	0.322699808917353	0.144360827441072	2.23536962649427	4	28.344	1.062237028715e-05	28.344	1.062237028715e-05	A
Diet.5mo.as.AL	Parvibacter	20	0.217258749955895	0.14184999975898	1.53160909640496	4	28.344	1.062237028715e-05	28.344	1.062237028715e-05	A
Diet.5mo.as.AL	Parvibacter	40	-0.334721916298803	0.149760550462855	-2.23504731562684	4	28.344	1.062237028715e-05	28.344	1.062237028715e-05	A
Diet.5mo.as.AL	PCoA1	AL	0	NA	NA	4	74	3.21964677141295e-15	74	3.21964677141295e-15	A
Diet.5mo.as.AL	PCoA1	1D	0.334622769077316	0.138843043067715	2.41007948028132	4	74	3.21964677141295e-15	74	3.21964677141295e-15	A
Diet.5mo.as.AL	PCoA1	2D	0.658378720024769	0.137131503815206	4.80107562236011	4	74	3.21964677141295e-15	74	3.21964677141295e-15	A
Diet.5mo.as.AL	PCoA1	20	0.765952990502477	0.137112206660326	5.58632239359991	4	74	3.21964677141295e-15	74	3.21964677141295e-15	A
Diet.5mo.as.AL	PCoA1	40	1.13074882664989	0.142640737320328	7.92725029253438	4	74	3.21964677141295e-15	74	3.21964677141295e-15	A
Diet.5mo.as.AL	PCoA2	AL	0	NA	NA	4	79.32	2.22044604925031e-16	79.32	2.22044604925031e-16	A
Diet.5mo.as.AL	PCoA2	1D	0.14953086131372	0.148482112534781	1.00706313212437	4	79.32	2.22044604925031e-16	79.32	2.22044604925031e-16	A
Diet.5mo.as.AL	PCoA2	2D	0.364873183771416	0.147138398156205	2.47979581362617	4	79.32	2.22044604925031e-16	79.32	2.22044604925031e-16	A
Diet.5mo.as.AL	PCoA2	20	0.299092109394252	0.146979413841947	2.03492517473147	4	79.32	2.22044604925031e-16	79.32	2.22044604925031e-16	A
Diet.5mo.as.AL	PCoA2	40	1.23847311510291	0.151911985504476	8.15257012796021	4	79.32	2.22044604925031e-16	79.32	2.22044604925031e-16	A
Diet.5mo.as.AL	PCoA3	AL	0	NA	NA	4	6.56	0.161048939134714	6.56	0.161048939134714	A
Diet.5mo.as.AL	PCoA3	1D	-0.0070215794666421	0.177707016460375	-0.0395121116008818	4	6.56	0.161048939134714	6.56	0.161048939134714	A
Diet.5mo.as.AL	PCoA3	2D	-0.253815111231538	0.176104463440764	-1.4412758556623	4	6.56	0.161048939134714	6.56	0.161048939134714	A
Diet.5mo.as.AL	PCoA3	20	-0.00205005050807799	0.174123124592157	-0.0117735683464202	4	6.56	0.161048939134714	6.56	0.161048939134714	A
Diet.5mo.as.AL	PCoA3	40	-0.334152314609533	0.1808712343246	-1.84745969063188	4	6.56	0.161048939134714	6.56	0.161048939134714	A
Diet.5mo.as.AL	Prevotella	AL	0	NA	NA	4	10.928	0.0273852240640349	10.928	0.0273852240640349	A
Diet.5mo.as.AL	Prevotella	1D	0.225573330230238	0.181123632683726	1.24541081076995	4	10.928	0.0273852240640349	10.928	0.0273852240640349	A
Diet.5mo.as.AL	Prevotella	2D	0.524741071726557	0.180020198638608	2.91490108162795	4	10.928	0.0273852240640349	10.928	0.0273852240640349	A
Diet.5mo.as.AL	Prevotella	20	0.452627567295834	0.178889985781443	2.53020070027187	4	10.928	0.0273852240640349	10.928	0.0273852240640349	A
Diet.5mo.as.AL	Prevotella	40	0.203571228143699	0.18485479735244	1.10124936468689	4	10.928	0.0273852240640349	10.928	0.0273852240640349	A
Diet.5mo.as.AL	Romboutsia	AL	0	NA	NA	4	115.48	0	115.48	0	A
Diet.5mo.as.AL	Romboutsia	1D	-0.161942421850536	0.15472179655817	-1.0466684426693	4	115.48	0	115.48	0	A
Diet.5mo.as.AL	Romboutsia	2D	-0.0269450771064905	0.153494944154583	-0.175543743508284	4	115.48	0	115.48	0	A
Diet.5mo.as.AL	Romboutsia	20	-0.197203374148221	0.152387596941212	-1.29409071411697	4	115.48	0	115.48	0	A
Diet.5mo.as.AL	Romboutsia	40	1.23939710795545	0.157573535353766	7.86551564749058	4	115.48	0	115.48	0	A
Diet.5mo.as.AL	Roseburia	AL	0	NA	NA	4	19.564	0.000608738409873744	19.564	0.000608738409873744	A
Diet.5mo.as.AL	Roseburia	1D	-0.315352798936626	0.16595642038984	-1.90021451532785	4	19.564	0.000608738409873744	19.564	0.000608738409873744	A
Diet.5mo.as.AL	Roseburia	2D	-0.339590813705045	0.164669341029433	-2.06225889763138	4	19.564	0.000608738409873744	19.564	0.000608738409873744	A
Diet.5mo.as.AL	Roseburia	20	-0.0394344493869081	0.164394537993961	-0.239876883186696	4	19.564	0.000608738409873744	19.564	0.000608738409873744	A
Diet.5mo.as.AL	Roseburia	40	0.307811408122883	0.169392463119639	1.81714937284714	4	19.564	0.000608738409873744	19.564	0.000608738409873744	A
Diet.5mo.as.AL	RuminiclostridiumE	AL	0	NA	NA	4	28.776	8.68066850878702e-06	28.776	8.68066850878702e-06	A
Diet.5mo.as.AL	RuminiclostridiumE	1D	-0.125773808129019	0.160213236874052	-0.785040054011852	4	28.776	8.68066850878702e-06	28.776	8.68066850878702e-06	A
Diet.5mo.as.AL	RuminiclostridiumE	2D	-0.750348303369243	0.159089733176139	-4.71650991166402	4	28.776	8.68066850878702e-06	28.776	8.68066850878702e-06	A
Diet.5mo.as.AL	RuminiclostridiumE	20	-0.194571815627118	0.158697358224087	-1.22605579452919	4	28.776	8.68066850878702e-06	28.776	8.68066850878702e-06	A
Diet.5mo.as.AL	RuminiclostridiumE	40	-0.483526062394835	0.163720397823382	-2.95336481478901	4	28.776	8.68066850878702e-06	28.776	8.68066850878702e-06	A
Diet.5mo.as.AL	Schaedlerella	AL	0	NA	NA	4	75.2	1.77635683940025e-15	75.2	1.77635683940025e-15	A
Diet.5mo.as.AL	Schaedlerella	1D	-0.0295722387175936	0.154670648280035	-0.191194897328239	4	75.2	1.77635683940025e-15	75.2	1.77635683940025e-15	A
Diet.5mo.as.AL	Schaedlerella	2D	-0.44688853483434	0.151847840406011	-2.94300224250439	4	75.2	1.77635683940025e-15	75.2	1.77635683940025e-15	A
Diet.5mo.as.AL	Schaedlerella	20	-0.593344736054542	0.143268044079096	-4.1415009178667	4	75.2	1.77635683940025e-15	75.2	1.77635683940025e-15	A
Diet.5mo.as.AL	Schaedlerella	40	-1.0948451872513	0.153133922759979	-7.14959277159872	4	75.2	1.77635683940025e-15	75.2	1.77635683940025e-15	A
Diet.5mo.as.AL	Shannon	AL	0	NA	NA	4	4.688	0.320833717278266	4.688	0.320833717278266	A
Diet.5mo.as.AL	Shannon	1D	0.160750299675362	0.181663819147495	0.884877904855927	4	4.688	0.320833717278266	4.688	0.320833717278266	A
Diet.5mo.as.AL	Shannon	2D	0.0401039890990839	0.180031668968711	0.222760747199727	4	4.688	0.320833717278266	4.688	0.320833717278266	A
Diet.5mo.as.AL	Shannon	20	0.236992246521267	0.178140154175854	1.33036960486358	4	4.688	0.320833717278266	4.688	0.320833717278266	A
Diet.5mo.as.AL	Shannon	40	0.339684870989907	0.183944663379373	1.84666880109117	4	4.688	0.320833717278266	4.688	0.320833717278266	A
Diet.5mo.as.AL	Simpson	AL	0	NA	NA	4	8.22	0.0838437278293555	8.22	0.0838437278293555	A
Diet.5mo.as.AL	Simpson	1D	0.211802342013927	0.176656757532022	1.19894842955857	4	8.22	0.0838437278293555	8.22	0.0838437278293555	A
Diet.5mo.as.AL	Simpson	2D	0.265348999778803	0.175331448063817	1.51341361010274	4	8.22	0.0838437278293555	8.22	0.0838437278293555	A
Diet.5mo.as.AL	Simpson	20	0.368488850887303	0.175035434568867	2.10522430383844	4	8.22	0.0838437278293555	8.22	0.0838437278293555	A
Diet.5mo.as.AL	Simpson	40	0.482050606559314	0.179734422997121	2.68201604634765	4	8.22	0.0838437278293555	8.22	0.0838437278293555	A
Diet.5mo.as.AL	Staphylococcus	AL	0	NA	NA	4	36.824	1.95812441261545e-07	36.824	1.95812441261545e-07	A
Diet.5mo.as.AL	Staphylococcus	1D	0.131413789774059	0.220194188674115	0.596808619543317	4	36.824	1.95812441261545e-07	36.824	1.95812441261545e-07	A
Diet.5mo.as.AL	Staphylococcus	2D	0.0972307688433798	0.220661498031929	0.440633140400918	4	36.824	1.95812441261545e-07	36.824	1.95812441261545e-07	A
Diet.5mo.as.AL	Staphylococcus	20	0.67113577383979	0.219087607824458	3.06332147447396	4	36.824	1.95812441261545e-07	36.824	1.95812441261545e-07	A
Diet.5mo.as.AL	Staphylococcus	40	1.12274111637434	0.222907215020097	5.03680922249696	4	36.824	1.95812441261545e-07	36.824	1.95812441261545e-07	A
Diet.5mo.as.AL	TF0111	AL	0	NA	NA	4	62.76	7.62279128707632e-13	62.76	7.62279128707632e-13	A
Diet.5mo.as.AL	TF0111	1D	-0.0961994646834257	0.1644546788527	-0.58496033894901	4	62.76	7.62279128707632e-13	62.76	7.62279128707632e-13	A
Diet.5mo.as.AL	TF0111	2D	-0.270151071509543	0.162489674494701	-1.6625737749161	4	62.76	7.62279128707632e-13	62.76	7.62279128707632e-13	A
Diet.5mo.as.AL	TF0111	20	-0.472142949882922	0.158582480308906	-2.97727055954242	4	62.76	7.62279128707632e-13	62.76	7.62279128707632e-13	A
Diet.5mo.as.AL	TF0111	40	-1.16225446810469	0.166150280085189	-6.99520017365469	4	62.76	7.62279128707632e-13	62.76	7.62279128707632e-13	A
Diet.5mo.as.AL	Turicibacter	AL	0	NA	NA	4	39.336	5.93737641274572e-08	39.336	5.93737641274572e-08	A
Diet.5mo.as.AL	Turicibacter	1D	-0.177600822566473	0.184063467716967	-0.964889039467455	4	39.336	5.93737641274572e-08	39.336	5.93737641274572e-08	A
Diet.5mo.as.AL	Turicibacter	2D	0.0195464042357491	0.182562061286563	0.107067175392304	4	39.336	5.93737641274572e-08	39.336	5.93737641274572e-08	A
Diet.5mo.as.AL	Turicibacter	20	-0.270598261614623	0.178536839704898	-1.51564384169616	4	39.336	5.93737641274572e-08	39.336	5.93737641274572e-08	A
Diet.5mo.as.AL	Turicibacter	40	0.762889119404592	0.185881884762048	4.10416066299943	4	39.336	5.93737641274572e-08	39.336	5.93737641274572e-08	A
Diet.5mo.as.AL	UBA11940	AL	0	NA	NA	4	3.2588	0.51548642129307	3.2588	0.51548642129307	A
Diet.5mo.as.AL	UBA11940	1D	-0.11468584325207	0.174612678332756	-0.656801352267879	4	3.2588	0.51548642129307	3.2588	0.51548642129307	A
Diet.5mo.as.AL	UBA11940	2D	-0.196238369400218	0.172137312313216	-1.14001065058543	4	3.2588	0.51548642129307	3.2588	0.51548642129307	A
Diet.5mo.as.AL	UBA11940	20	-0.151743914784102	0.166543307962057	-0.911137869428374	4	3.2588	0.51548642129307	3.2588	0.51548642129307	A
Diet.5mo.as.AL	UBA11940	40	-0.302382880050578	0.175054137488738	-1.72736779826202	4	3.2588	0.51548642129307	3.2588	0.51548642129307	A
Diet.5mo.as.AL	UBA11957	AL	0	NA	NA	4	54.64	3.86516374462076e-11	54.64	3.86516374462076e-11	A
Diet.5mo.as.AL	UBA11957	1D	-0.633821388200512	0.162951313301466	-3.8896365752384	4	54.64	3.86516374462076e-11	54.64	3.86516374462076e-11	A
Diet.5mo.as.AL	UBA11957	2D	-0.902361323095455	0.161297848890685	-5.59437915199356	4	54.64	3.86516374462076e-11	54.64	3.86516374462076e-11	A
Diet.5mo.as.AL	UBA11957	20	-0.741612458493589	0.159587836920918	-4.64704875260065	4	54.64	3.86516374462076e-11	54.64	3.86516374462076e-11	A
Diet.5mo.as.AL	UBA11957	40	-1.14316901329237	0.165279551382428	-6.91657863135939	4	54.64	3.86516374462076e-11	54.64	3.86516374462076e-11	A
Diet.5mo.as.AL	UBA1394	AL	0	NA	NA	4	16.756	0.00215571358710143	16.756	0.00215571358710143	A
Diet.5mo.as.AL	UBA1394	1D	-0.0415507943067512	0.157068183675676	-0.264539853548876	4	16.756	0.00215571358710143	16.756	0.00215571358710143	A
Diet.5mo.as.AL	UBA1394	2D	-0.225870759738174	0.155500721071081	-1.45253834311756	4	16.756	0.00215571358710143	16.756	0.00215571358710143	A
Diet.5mo.as.AL	UBA1394	20	0.241342441908707	0.155310694975932	1.55393317856254	4	16.756	0.00215571358710143	16.756	0.00215571358710143	A
Diet.5mo.as.AL	UBA1394	40	0.345498643348911	0.160836945017297	2.14812985481511	4	16.756	0.00215571358710143	16.756	0.00215571358710143	A
Diet.5mo.as.AL	UBA1405	AL	0	NA	NA	4	10.828	0.0285666050575023	10.828	0.0285666050575023	A
Diet.5mo.as.AL	UBA1405	1D	-0.00541649228054072	0.165422365172175	-0.032743409725179	4	10.828	0.0285666050575023	10.828	0.0285666050575023	A
Diet.5mo.as.AL	UBA1405	2D	-0.240431194168423	0.163721842307437	-1.46853462421307	4	10.828	0.0285666050575023	10.828	0.0285666050575023	A
Diet.5mo.as.AL	UBA1405	20	-0.205469048699819	0.158236945112982	-1.29848973356452	4	10.828	0.0285666050575023	10.828	0.0285666050575023	A
Diet.5mo.as.AL	UBA1405	40	-0.45492473372973	0.1661757060523	-2.73761276264144	4	10.828	0.0285666050575023	10.828	0.0285666050575023	A
Diet.5mo.as.AL	UBA2882	AL	0	NA	NA	4	46.44	1.99460203909041e-09	46.44	1.99460203909041e-09	A
Diet.5mo.as.AL	UBA2882	1D	-0.175179932672885	0.152705311271817	-1.14717642244325	4	46.44	1.99460203909041e-09	46.44	1.99460203909041e-09	A
Diet.5mo.as.AL	UBA2882	2D	-0.778822203580254	0.15045868040093	-5.1763195151314	4	46.44	1.99460203909041e-09	46.44	1.99460203909041e-09	A
Diet.5mo.as.AL	UBA2882	20	-0.163202444366086	0.147946497842719	-1.10311799701798	4	46.44	1.99460203909041e-09	46.44	1.99460203909041e-09	A
Diet.5mo.as.AL	UBA2882	40	0.187071606634521	0.154663561977286	1.20953897765522	4	46.44	1.99460203909041e-09	46.44	1.99460203909041e-09	A
Diet.5mo.as.AL	UBA3282	AL	0	NA	NA	4	14.932	0.00484435166483377	14.932	0.00484435166483377	A
Diet.5mo.as.AL	UBA3282	1D	0.0310421154158136	0.140075854654202	0.221609323694263	4	14.932	0.00484435166483377	14.932	0.00484435166483377	A
Diet.5mo.as.AL	UBA3282	2D	-0.0177696757650282	0.137673841301877	-0.129070821275805	4	14.932	0.00484435166483377	14.932	0.00484435166483377	A
Diet.5mo.as.AL	UBA3282	20	0.0122739714689102	0.136902066838722	0.0896551217401974	4	14.932	0.00484435166483377	14.932	0.00484435166483377	A
Diet.5mo.as.AL	UBA3282	40	-0.426829558182757	0.141999095443682	-3.00586110671417	4	14.932	0.00484435166483377	14.932	0.00484435166483377	A
Diet.5mo.as.AL	UBA3700	AL	0	NA	NA	4	9.176	0.0568477544795996	9.176	0.0568477544795996	A
Diet.5mo.as.AL	UBA3700	1D	0.0719899706860317	0.156719477072423	0.459355608063724	4	9.176	0.0568477544795996	9.176	0.0568477544795996	A
Diet.5mo.as.AL	UBA3700	2D	-0.192421718622308	0.15473946358524	-1.24352065183624	4	9.176	0.0568477544795996	9.176	0.0568477544795996	A
Diet.5mo.as.AL	UBA3700	20	0.206284174717377	0.153871830270086	1.34062338996874	4	9.176	0.0568477544795996	9.176	0.0568477544795996	A
Diet.5mo.as.AL	UBA3700	40	0.207298751333797	0.159556743868376	1.29921648128396	4	9.176	0.0568477544795996	9.176	0.0568477544795996	A
Diet.5mo.as.AL	UBA3700NOV	AL	0	NA	NA	4	86.2	0	86.2	0	A
Diet.5mo.as.AL	UBA3700NOV	1D	0.279267150608524	0.140316409885871	1.99026721703949	4	86.2	0	86.2	0	A
Diet.5mo.as.AL	UBA3700NOV	2D	0.637516601386156	0.138718590529648	4.59575460615643	4	86.2	0	86.2	0	A
Diet.5mo.as.AL	UBA3700NOV	20	0.915987755010038	0.138936246145168	6.59286385248214	4	86.2	0	86.2	0	A
Diet.5mo.as.AL	UBA3700NOV	40	1.1500642983451	0.142919477789705	8.04693885068157	4	86.2	0	86.2	0	A
Diet.5mo.as.AL	UBA3818	AL	0	NA	NA	4	23.524	9.94825809899069e-05	23.524	9.94825809899069e-05	A
Diet.5mo.as.AL	UBA3818	1D	-0.360847232973557	0.164936433990649	-2.18779577224287	4	23.524	9.94825809899069e-05	23.524	9.94825809899069e-05	A
Diet.5mo.as.AL	UBA3818	2D	-0.671135838520366	0.163488824142381	-4.1050869503831	4	23.524	9.94825809899069e-05	23.524	9.94825809899069e-05	A
Diet.5mo.as.AL	UBA3818	20	-0.546378152048207	0.163338619117635	-3.34506410669916	4	23.524	9.94825809899069e-05	23.524	9.94825809899069e-05	A
Diet.5mo.as.AL	UBA3818	40	-0.6777863324846	0.167844516568784	-4.03817977697732	4	23.524	9.94825809899069e-05	23.524	9.94825809899069e-05	A
Diet.5mo.as.AL	UBA7160	AL	0	NA	NA	4	27.76	1.39506846702497e-05	27.76	1.39506846702497e-05	A
Diet.5mo.as.AL	UBA7160	1D	0.31917406043485	0.162194689385292	1.96784531999475	4	27.76	1.39506846702497e-05	27.76	1.39506846702497e-05	A
Diet.5mo.as.AL	UBA7160	2D	0.489722268912574	0.160762461303982	3.0462476435128	4	27.76	1.39506846702497e-05	27.76	1.39506846702497e-05	A
Diet.5mo.as.AL	UBA7160	20	0.0477676769629049	0.160697023583296	0.297253028698101	4	27.76	1.39506846702497e-05	27.76	1.39506846702497e-05	A
Diet.5mo.as.AL	UBA7160	40	-0.305249804756834	0.165216143481767	-1.84757856177971	4	27.76	1.39506846702497e-05	27.76	1.39506846702497e-05	A
Diet.5mo.as.AL	UBA7173	AL	0	NA	NA	4	19.488	0.00063008707063017	19.488	0.00063008707063017	A
Diet.5mo.as.AL	UBA7173	1D	0.0708636331791914	0.142241886378637	0.498191039104739	4	19.488	0.00063008707063017	19.488	0.00063008707063017	A
Diet.5mo.as.AL	UBA7173	2D	0.23885061396009	0.140321535259864	1.70216648155794	4	19.488	0.00063008707063017	19.488	0.00063008707063017	A
Diet.5mo.as.AL	UBA7173	20	0.512864644584269	0.140513473277918	3.64993215682519	4	19.488	0.00063008707063017	19.488	0.00063008707063017	A
Diet.5mo.as.AL	UBA7173	40	0.433160448797087	0.146262134548053	2.96153512414914	4	19.488	0.00063008707063017	19.488	0.00063008707063017	A
Diet.5mo.as.AL	UBA7182	AL	0	NA	NA	4	130.04	0	130.04	0	A
Diet.5mo.as.AL	UBA7182	1D	-0.223144126580683	0.148969896894093	-1.49791421779208	4	130.04	0	130.04	0	A
Diet.5mo.as.AL	UBA7182	2D	-0.540664370833385	0.147064443692829	-3.6763772211498	4	130.04	0	130.04	0	A
Diet.5mo.as.AL	UBA7182	20	-0.733257313490395	0.143628293812104	-5.1052428043854	4	130.04	0	130.04	0	A
Diet.5mo.as.AL	UBA7182	40	-1.56617574479123	0.150799518682164	-10.3858139500579	4	130.04	0	130.04	0	A
Diet.5mo.as.AL	UBA946	AL	0	NA	NA	4	28.712	8.9443033739478e-06	28.712	8.9443033739478e-06	A
Diet.5mo.as.AL	UBA946	1D	-0.229598025337725	0.157863550327175	-1.45440809396393	4	28.712	8.9443033739478e-06	28.712	8.9443033739478e-06	A
Diet.5mo.as.AL	UBA946	2D	-0.396032734126863	0.156351019901699	-2.53297186277298	4	28.712	8.9443033739478e-06	28.712	8.9443033739478e-06	A
Diet.5mo.as.AL	UBA946	20	0.124638513752644	0.15620414609564	0.797920649790757	4	28.712	8.9443033739478e-06	28.712	8.9443033739478e-06	A
Diet.5mo.as.AL	UBA946	40	0.381107611409851	0.161409214804079	2.3611267291799	4	28.712	8.9443033739478e-06	28.712	8.9443033739478e-06	A
Diet.5mo.as.AL	UBA9475	AL	0	NA	NA	4	7.172	0.12707322097324	7.172	0.12707322097324	A
Diet.5mo.as.AL	UBA9475	1D	-0.179184171298396	0.175062865871372	-1.0235418597	4	7.172	0.12707322097324	7.172	0.12707322097324	A
Diet.5mo.as.AL	UBA9475	2D	-0.249344655901753	0.172868758319105	-1.44239282057825	4	7.172	0.12707322097324	7.172	0.12707322097324	A
Diet.5mo.as.AL	UBA9475	20	-0.329392612577837	0.168417616889391	-1.95580853512592	4	7.172	0.12707322097324	7.172	0.12707322097324	A
Diet.5mo.as.AL	UBA9475	40	-0.437235633672885	0.17651105223009	-2.47710060162651	4	7.172	0.12707322097324	7.172	0.12707322097324	A
Diet.5mo.as.AL	UBA9502	AL	0	NA	NA	4	122	0	122	0	A
Diet.5mo.as.AL	UBA9502	1D	-0.362244125098722	0.139656523695801	-2.59382172427377	4	122	0	122	0	A
Diet.5mo.as.AL	UBA9502	2D	-0.467918942105153	0.136463127780143	-3.42890383444105	4	122	0	122	0	A
Diet.5mo.as.AL	UBA9502	20	-0.800568351737146	0.128511368587757	-6.22955276669129	4	122	0	122	0	A
Diet.5mo.as.AL	UBA9502	40	-1.39022925960514	0.137980020216011	-10.0755838231412	4	122	0	122	0	A
Diet.5mo.as.AL	UMGS1004	AL	0	NA	NA	4	32.328	1.63939082575837e-06	32.328	1.63939082575837e-06	A
Diet.5mo.as.AL	UMGS1004	1D	0.0747777302777392	0.165087401417543	0.452958430720038	4	32.328	1.63939082575837e-06	32.328	1.63939082575837e-06	A
Diet.5mo.as.AL	UMGS1004	2D	0.397509987812997	0.1627302338008	2.44275435810897	4	32.328	1.63939082575837e-06	32.328	1.63939082575837e-06	A
Diet.5mo.as.AL	UMGS1004	20	0.635985049452027	0.158528259275112	4.01180869808411	4	32.328	1.63939082575837e-06	32.328	1.63939082575837e-06	A
Diet.5mo.as.AL	UMGS1004	40	0.725473475779358	0.165904093984507	4.37284854373218	4	32.328	1.63939082575837e-06	32.328	1.63939082575837e-06	A
Diet.5mo.as.AL	UMGS1217	AL	0	NA	NA	4	4.888	0.298983642802361	4.888	0.298983642802361	A
Diet.5mo.as.AL	UMGS1217	1D	-0.208479937877168	0.172813459847586	-1.20638715329835	4	4.888	0.298983642802361	4.888	0.298983642802361	A
Diet.5mo.as.AL	UMGS1217	2D	-0.268798978923332	0.171451343573803	-1.56778578295378	4	4.888	0.298983642802361	4.888	0.298983642802361	A
Diet.5mo.as.AL	UMGS1217	20	-0.146382629780764	0.171141354300258	-0.855331724931568	4	4.888	0.298983642802361	4.888	0.298983642802361	A
Diet.5mo.as.AL	UMGS1217	40	-0.364593253826793	0.176236814824739	-2.06876896969211	4	4.888	0.298983642802361	4.888	0.298983642802361	A
Diet.5mo.as.AL	UMGS1370	AL	0	NA	NA	4	65	2.57349697108111e-13	65	2.57349697108111e-13	A
Diet.5mo.as.AL	UMGS1370	1D	-0.543808774899555	0.15260178314518	-3.56358073733775	4	65	2.57349697108111e-13	65	2.57349697108111e-13	A
Diet.5mo.as.AL	UMGS1370	2D	-0.590263907205275	0.150890691494779	-3.91186428637779	4	65	2.57349697108111e-13	65	2.57349697108111e-13	A
Diet.5mo.as.AL	UMGS1370	20	-0.697803128491553	0.14994118993473	-4.65384547631847	4	65	2.57349697108111e-13	65	2.57349697108111e-13	A
Diet.5mo.as.AL	UMGS1370	40	-1.24008521714159	0.155362897278229	-7.98186207174553	4	65	2.57349697108111e-13	65	2.57349697108111e-13	A
Diet.5mo.as.AL	UMGS1815	AL	0	NA	NA	4	127.8	0	127.8	0	A
Diet.5mo.as.AL	UMGS1815	1D	0.46219085798132	0.141080538209311	3.27607807460729	4	127.8	0	127.8	0	A
Diet.5mo.as.AL	UMGS1815	2D	0.647572098325855	0.139484890046966	4.64259675802742	4	127.8	0	127.8	0	A
Diet.5mo.as.AL	UMGS1815	20	1.18404866011216	0.138927199896731	8.52279943014976	4	127.8	0	127.8	0	A
Diet.5mo.as.AL	UMGS1815	40	1.41430287606596	0.143312947156087	9.8686329751184	4	127.8	0	127.8	0	A
Diet.5mo.as.AL	UMGS1872	AL	0	NA	NA	4	27.884	1.31666431546495e-05	27.884	1.31666431546495e-05	A
Diet.5mo.as.AL	UMGS1872	1D	-0.110403926805564	0.148527771725311	-0.743321774258795	4	27.884	1.31666431546495e-05	27.884	1.31666431546495e-05	A
Diet.5mo.as.AL	UMGS1872	2D	-0.156990721034634	0.146556399323396	-1.07119662982585	4	27.884	1.31666431546495e-05	27.884	1.31666431546495e-05	A
Diet.5mo.as.AL	UMGS1872	20	-0.359265702721106	0.145603149550167	-2.4674308476914	4	27.884	1.31666431546495e-05	27.884	1.31666431546495e-05	A
Diet.5mo.as.AL	UMGS1872	40	-0.720760844539265	0.151727396632638	-4.75036717518044	4	27.884	1.31666431546495e-05	27.884	1.31666431546495e-05	A
Diet.5mo.as.AL	UMGS268	AL	0	NA	NA	4	0.4556	0.977676882050146	0.4556	0.977676882050146	A
Diet.5mo.as.AL	UMGS268	1D	-0.0552751439760271	0.170895902703477	-0.323443354121458	4	0.4556	0.977676882050146	0.4556	0.977676882050146	A
Diet.5mo.as.AL	UMGS268	2D	-0.00917851491350045	0.16803343810678	-0.054623145350795	4	0.4556	0.977676882050146	0.4556	0.977676882050146	A
Diet.5mo.as.AL	UMGS268	20	0.021143289856831	0.160511514217321	0.131724443320649	4	0.4556	0.977676882050146	0.4556	0.977676882050146	A
Diet.5mo.as.AL	UMGS268	40	0.051856074231258	0.17049652227512	0.304147401596737	4	0.4556	0.977676882050146	0.4556	0.977676882050146	A
Diet.5mo.as.AL	uniq	AL	0	NA	NA	4	11.568	0.0208701973556387	11.568	0.0208701973556387	A
Diet.5mo.as.AL	uniq	1D	-0.0222188614984667	0.153774603425986	-0.144489798727792	4	11.568	0.0208701973556387	11.568	0.0208701973556387	A
Diet.5mo.as.AL	uniq	2D	0.253648979207364	0.151538116835788	1.67382955855408	4	11.568	0.0208701973556387	11.568	0.0208701973556387	A
Diet.5mo.as.AL	uniq	20	0.16169762912846	0.149910401457186	1.07862848445936	4	11.568	0.0208701973556387	11.568	0.0208701973556387	A
Diet.5mo.as.AL	uniq	40	0.42754855144556	0.156762252332168	2.72736928109208	4	11.568	0.0208701973556387	11.568	0.0208701973556387	A
Diet.5mo.as.AL	X142	AL	0	NA	NA	4	72.4	7.105427357601e-15	72.4	7.105427357601e-15	A
Diet.5mo.as.AL	X142	1D	-0.0802516976415929	0.146476442373194	-0.547881258865689	4	72.4	7.105427357601e-15	72.4	7.105427357601e-15	A
Diet.5mo.as.AL	X142	2D	-0.0965886709402785	0.143507027651926	-0.673058821722327	4	72.4	7.105427357601e-15	72.4	7.105427357601e-15	A
Diet.5mo.as.AL	X142	20	-0.620760161813539	0.138273134798897	-4.48937649903119	4	72.4	7.105427357601e-15	72.4	7.105427357601e-15	A
Diet.5mo.as.AL	X142	40	-0.995314566144967	0.146848661941539	-6.77782523167426	4	72.4	7.105427357601e-15	72.4	7.105427357601e-15	A
Diet.5mo.as.AL	X1XD4269	AL	0	NA	NA	4	15.172	0.00435745533747689	15.172	0.00435745533747689	A
Diet.5mo.as.AL	X1XD4269	1D	-0.201715342537904	0.157803056444285	-1.27827272223414	4	15.172	0.00435745533747689	15.172	0.00435745533747689	A
Diet.5mo.as.AL	X1XD4269	2D	-0.545805418964753	0.15620312077097	-3.49420303685884	4	15.172	0.00435745533747689	15.172	0.00435745533747689	A
Diet.5mo.as.AL	X1XD4269	20	-0.199515040295707	0.156294658320134	-1.27653140830345	4	15.172	0.00435745533747689	15.172	0.00435745533747689	A
Diet.5mo.as.AL	X1XD4269	40	-0.034532692269788	0.160794195569617	-0.214763301296139	4	15.172	0.00435745533747689	15.172	0.00435745533747689	A
Diet.5mo.as.AL	X1XD876	AL	0	NA	NA	4	26.488	2.52252713502932e-05	26.488	2.52252713502932e-05	A
Diet.5mo.as.AL	X1XD876	1D	-0.34257288950188	0.151153984632601	-2.26638345217657	4	26.488	2.52252713502932e-05	26.488	2.52252713502932e-05	A
Diet.5mo.as.AL	X1XD876	2D	-0.55551119118807	0.149502304622822	-3.71573664091376	4	26.488	2.52252713502932e-05	26.488	2.52252713502932e-05	A
Diet.5mo.as.AL	X1XD876	20	-0.40283908568346	0.149611604785668	-2.69256576894929	4	26.488	2.52252713502932e-05	26.488	2.52252713502932e-05	A
Diet.5mo.as.AL	X1XD876	40	-0.75227702259404	0.154596150201887	-4.86607862881217	4	26.488	2.52252713502932e-05	26.488	2.52252713502932e-05	A
