fixef	feature	fixef.value	solution	std.error	z.ratio	Df	Wald(inc)	Pr(chisq)(inc)	Wald(con)	Pr(chisq)(con)	Margin
(Intercept)	Acetatifactor	NA	-0.00620791263682297	0.169490364403658	-0.0366269354524379	1	0.0113	0.915343174728747	0.005601	0.940342151725546	 
(Intercept)	Acutalibacter	NA	0.336040397633038	0.129045059667351	2.60405472707963	1	0.02879	0.865264822061014	0.01299	0.909258656850399	 
(Intercept)	Adlercreutzia	NA	-0.201025894986288	0.217213462466356	-0.92547622372819	1	0.07888	0.778820976325954	0.06445	0.799595957031601	 
(Intercept)	AF3328	NA	0.125944766434462	0.153605357083953	0.81992431009829	1	0.01433	0.904714480269557	0.008952	0.924620627559662	 
(Intercept)	Akkermansia	NA	-0.178038137895225	0.186631309064646	-0.953956433073916	1	0.005496	0.940902956376478	0.007881	0.929260729135003	 
(Intercept)	Alistipes	NA	-0.0994506122433385	0.208378337426356	-0.47725984126582	1	0.05014	0.822819842214396	0.0001996	0.988727872755608	 
(Intercept)	AM0715	NA	0.315625674468076	0.157012538029809	2.01019408022151	1	0.04492	0.832151200170759	0.01607	0.899124416464645	 
(Intercept)	Anaerotignum	NA	0.0684700818574718	0.174582875088214	0.392192429084897	1	0.007686	0.930139095323688	0.002676	0.958743778009518	 
(Intercept)	Anaerotruncus	NA	0.28521861394475	0.159386386131162	1.78947914478742	1	0.005711	0.939760282995308	0.002611	0.959247473377133	 
(Intercept)	AnaerovoracaceaeNOV	NA	0.0378423699072103	0.127052260581814	0.297848851597899	1	0.006896	0.933818018145941	0.01205	0.91258980738027	 
(Intercept)	Angelakisella	NA	0.230432217347452	0.137396264377482	1.67713597157462	1	0.02897	0.864848323695264	0.006825	0.934158820237803	 
(Intercept)	ASF356	NA	0.166958227895648	0.208151776424087	0.80209850121811	1	0.005118	0.942967832730824	0.0293	0.864088187023325	 
(Intercept)	Bacteroides	NA	-0.25195675171976	0.176986739705743	-1.42359112405066	1	5.198e-05	0.994247529017083	0.002209	0.962513227530156	 
(Intercept)	Bifidobacterium	NA	-0.116662304089281	0.157183078586236	-0.742206509368478	1	0.1773	0.673703919563654	0.03515	0.851281690652677	 
(Intercept)	BorkfalkiaceaeNOV	NA	-0.0780124344535476	0.161508909072118	-0.483022484033455	1	0.003951	0.949880391638143	0.01178	0.913570756591569	 
(Intercept)	ButyricicoccaceaeNOV	NA	0.192286416944693	0.173398851402744	1.10892555163517	1	0.02318	0.878989921174268	0.01291	0.909537303377279	 
(Intercept)	CAG115	NA	0.147292753494046	0.205541894107537	0.716606967808639	1	0.01349	0.907536468774462	0.0299	0.862717325488669	 
(Intercept)	CAG145	NA	0.044554645033042	0.200271065670732	0.222471702958303	1	0.01408	0.905545380965688	0.007895	0.929198090564774	 
(Intercept)	CAG273	NA	-0.00286270172996914	0.110658760559224	-0.0258696348621855	1	0.01009	0.919987876399286	2.246e-06	0.998804237925732	 
(Intercept)	CAG274NOV	NA	0.386180276718534	0.0661855129518312	5.83481580024302	1	0.06853	0.793489245518987	0.003864	0.950434555330036	 
(Intercept)	CAG303	NA	0.181173535543566	0.128724643095095	1.40745028447835	1	0.01194	0.912988097097478	0.001088	0.973686672999876	 
(Intercept)	CAG41	NA	0.2807487552693	0.0646357863823839	4.3435497730065	1	0.3217	0.570587793900191	0.2	0.654720846018577	 
(Intercept)	CAG475	NA	-0.00267097051117711	0.205316722620996	-0.0130090256511038	1	0.000411	0.983825486599871	0.007647	0.930316110986888	 
(Intercept)	CAG485	NA	-0.353784684375959	0.164369213094031	-2.15237803793323	1	0.006904	0.933779728865063	1.652e-06	0.998974478042742	 
(Intercept)	CAG510	NA	-0.0596168304592165	0.161692757901042	-0.368704394885161	1	0.0009712	0.975138684492362	0.009508	0.922322208014103	 
(Intercept)	CAG552NOV	NA	0.0361199789176109	0.216280212707978	0.167005471584126	1	0.003966	0.949785467509706	4.59e-05	0.994594410256272	 
(Intercept)	CAG56	NA	0.0707753033686934	0.155985240688606	0.453730770015495	1	0.002564	0.959615611134008	8.071e-05	0.992832001707729	 
(Intercept)	CAG582	NA	-0.0871326706350829	0.167417890179473	-0.520450177347692	1	0.001769	0.96645128049677	0.01348	0.90757059249428	 
(Intercept)	CAG776	NA	-0.129877298071656	0.153040693263833	-0.848645515789415	1	9.43e-05	0.992252009452071	0.002298	0.961766085524617	 
(Intercept)	CAG81	NA	0.21350833449625	0.129369033172681	1.65038208340987	1	0.02429	0.876149291622471	0.01619	0.898750501968498	 
(Intercept)	CAG873	NA	-0.29357211101922	0.199112849177876	-1.47440063376803	1	3.17e-05	0.995507713996043	0.0003895	0.984254168477088	 
(Intercept)	CAG95	NA	0.149881750481225	0.132245386433362	1.13336090221	1	0.005486	0.940956646207071	5.952e-06	0.998053425221717	 
(Intercept)	Chao1	NA	-0.0603198259624372	0.06987929977252	-0.863200206052407	1	0.0001568	0.990009166044021	0.0002605	0.987122692393799	 
(Intercept)	Clostridium	NA	-0.0476126848002471	0.116812630494135	-0.407598772485801	1	2.843e-05	0.995745716439821	0.003976	0.949722284848095	 
(Intercept)	ClostridiumQ	NA	0.131784122927526	0.183198992944263	0.719349603453447	1	0.004844	0.944512951839919	0.0009374	0.975574993439428	 
(Intercept)	COE1	NA	0.343828959763048	0.172755347479215	1.99026522061447	1	0.0005777	0.980824379259339	0.003162	0.955157257092928	 
(Intercept)	D1663	NA	0.00681755321691492	0.131165030451302	0.0519769117840145	1	0.03002	0.862444857868699	0.02212	0.88176831386097	 
(Intercept)	Desulfovibrio	NA	-0.0593363098644467	0.180290979295936	-0.329114135916084	1	0.1181	0.731104398932723	0.03389	0.85394099351932	 
(Intercept)	Dorea	NA	0.193845939646323	0.187338543480125	1.03473602412676	1	0.002575	0.959529150039433	0.01261	0.91059009580149	 
(Intercept)	Dubosiella	NA	-0.00418039031742278	0.0994739154323002	-0.0420249901620477	1	0.04819	0.826243281902909	0.0002036	0.988615493445889	 
(Intercept)	Duncaniella	NA	-0.238075962150117	0.206636115674044	-1.1521507814523	1	0.0003064	0.986034314283961	0.0004325	0.983407882564742	 
(Intercept)	Emergencia	NA	0.151299238861041	0.110990048269107	1.36317842203474	1	0.001148	0.972971128294709	0.00661	0.935201857846448	 
(Intercept)	EnterococcusD	NA	-0.152229631791128	0.209983522008274	-0.72495989368694	1	0.0004169	0.983709821855129	0.009868	0.920870060809452	 
(Intercept)	ErysipelatoclostridiaceaeNOV	NA	-0.100521504232355	0.234319823572852	-0.428992744615577	1	0.0001225	0.991169216468461	0.0002634	0.987051219125086	 
(Intercept)	Erysipelatoclostridium	NA	-0.167485201800154	0.204964612035764	-0.817142042895336	1	0.0001214	0.991208952681178	6.048e-05	0.993795003011441	 
(Intercept)	ErysipelotrichaceaeNOV	NA	0.0394070749063826	0.0955086712558264	0.412602064170991	1	0.003517	0.952709736230257	0.02774	0.867721545631539	 
(Intercept)	Escherichia	NA	-0.208887707306998	0.184391484471138	-1.1328489919484	1	0.07995	0.777365180651443	0.04291	0.835894830408992	 
(Intercept)	EubacteriumF	NA	-0.0473774419413589	0.144888944911975	-0.326991420705991	1	0.005592	0.940390012430582	0.001325	0.970962976076314	 
(Intercept)	EubacteriumG	NA	0.230017016456889	0.138282467256252	1.66338525064529	1	0.03626	0.848979566616447	0.009527	0.922244880227447	 
(Intercept)	EubacteriumJ	NA	0.324877336764457	0.148881239541184	2.18212407262091	1	0.01067	0.917728294562405	0.000472	0.982666873867343	 
(Intercept)	Evtepia	NA	0.261547679983692	0.13168130477572	1.98621725710541	1	5.965e-05	0.993837726525446	0.001336	0.970842747604871	 
(Intercept)	Flavonifractor	NA	0.253471557055771	0.151688078865391	1.67100512414495	1	0.003314	0.954093255970023	0.00133	0.970908265065959	 
(Intercept)	HungatellaA	NA	0.0924363299722462	0.182463913178777	0.506600611385976	1	0.04069	0.840137483531514	0.01875	0.891085620217217	 
(Intercept)	Ileibacterium	NA	-0.21753747187554	0.2083858335669	-1.04391679679945	1	0.01489	0.902879545621183	0.0003307	0.985491142254766	 
(Intercept)	Kineothrix	NA	-0.314539056264505	0.159663339451632	-1.97001426466964	1	0.004614	0.945844198611404	0.02645	0.870806174560504	 
(Intercept)	Lachnospira	NA	0.170400596330907	0.161431581599442	1.05555923223078	1	0.001218	0.972159594855259	0.002927	0.956854093229639	 
(Intercept)	LachnospiraceaeNOV	NA	0.111934956913319	0.119891529843662	0.933635237278911	1	0.01594	0.899531094804789	0.001583	0.968262994314903	 
(Intercept)	Lactobacillus	NA	-0.391803453876953	0.237021073693755	-1.65303214507916	1	0.008332	0.927270276455913	0.001843	0.965757194054394	 
(Intercept)	Lawsonibacter	NA	0.216088863218602	0.109477487069903	1.97382008851396	1	0.03016	0.862127686959654	0.01593	0.899562447421705	 
(Intercept)	Ligilactobacillus	NA	-0.361311241264035	0.0655621724256813	-5.51097115754673	1	0.577	0.447490633490528	0.01481	0.903139509247987	 
(Intercept)	Limosilactobacillus	NA	-0.370517519208992	0.189729439346349	-1.95287310438216	1	0.0003913	0.984217831969742	0.0001227	0.991162010900142	 
(Intercept)	Mailhella	NA	-0.103602356504643	0.207467988544886	-0.499365503233903	1	0.03144	0.85926231851067	0.02696	0.869577632377331	 
(Intercept)	MarseilleP3106	NA	-0.083560658239727	0.118079025078784	-0.707667243898517	1	0.004447	0.946831814760669	0.0006912	0.979025486424426	 
(Intercept)	MuribaculaceaeNOV	NA	-0.106766953144695	0.181663817633634	-0.58771721598417	1	0.001634	0.967756080546211	0.05324	0.817518391733396	 
(Intercept)	Muribaculum	NA	-0.274613427827282	0.206106036371188	-1.33238905886636	1	0.00582	0.939189237141279	0.0006674	0.979389674210472	 
(Intercept)	Oscillibacter	NA	0.171629105745315	0.116376408578022	1.47477575431666	1	0.03679	0.847893234926676	0.009454	0.922542408575786	 
(Intercept)	OscillospiraceaeNOV	NA	0.192176866258463	0.164717175475232	1.16670812077736	1	0.01101	0.916432506676374	0.0001812	0.989259956444445	 
(Intercept)	Paramuribaculum	NA	-0.420818099357059	0.185178277847635	-2.27250250001411	1	5.018e-07	0.999434795834817	0.001814	0.966027507062643	 
(Intercept)	Parvibacter	NA	-0.208323711274065	0.24047680592511	-0.866294404038877	1	0.1116	0.738329860017026	0.102	0.749442629744496	 
(Intercept)	PCoA1	NA	-0.428628390211395	0.177733765802168	-2.4116317362481	1	0.01642	0.898037747999006	0.002509	0.960050733011883	 
(Intercept)	PCoA2	NA	-0.360394003101473	0.153309338637012	-2.3507635366869	1	0.0004546	0.982989312232907	0.01255	0.910802170859609	 
(Intercept)	PCoA3	NA	0.0746046875124038	0.192043792397317	0.388477474752504	1	0.04511	0.831801890663848	0.003753	0.951150765721879	 
(Intercept)	Prevotella	NA	-0.157713594828969	0.212650528511821	-0.741656256077456	1	0.002533	0.959860279630105	0.001559	0.968504370960431	 
(Intercept)	Romboutsia	NA	-0.122508894584375	0.139115441685692	-0.880627578792899	1	0.004587	0.94600264151605	0.0005342	0.981560321786217	 
(Intercept)	Roseburia	NA	0.124704847360064	0.0922877503699147	1.35126110301977	1	0.003809	0.950788124887636	0.01432	0.904747574487525	 
(Intercept)	RuminiclostridiumE	NA	0.22932065269457	0.134063198811097	1.71054140680095	1	5.101e-06	0.998197947853919	0.005685	0.939897303376064	 
(Intercept)	Schaedlerella	NA	0.343135150483164	0.159041230789914	2.15752323330815	1	0.001781	0.966337751364655	0.002255	0.962125218437485	 
(Intercept)	Shannon	NA	-0.127609173015304	0.0980029407608264	-1.30209534555428	1	0.001122	0.973278841510175	3.767e-06	0.998451405904945	 
(Intercept)	Simpson	NA	-0.208818947142501	0.063366171232139	-3.29543261147187	1	0.02876	0.865334368557653	0.01103	0.91635691806855	 
(Intercept)	Staphylococcus	NA	-0.0631851903825375	0.0875284865105205	-0.721881445704456	1	0.09907	0.752948537515848	0.06524	0.798397782452343	 
(Intercept)	TF0111	NA	0.331584220758058	0.189325106576027	1.75140121009204	1	0.01277	0.91002704728979	0.0008996	0.976072370600488	 
(Intercept)	Turicibacter	NA	0.109140878154935	0.148172406935999	0.736580314863058	1	0.01714	0.895838733329168	0.001348	0.970712153152527	 
(Intercept)	UBA11940	NA	0.28116830397342	0.1797868017833	1.56389846854452	1	0.016	0.899343188561366	0.003065	0.955849716753564	 
(Intercept)	UBA11957	NA	0.456251515752466	0.185015382132113	2.46601936819865	1	0.01358	0.907229930320405	6.231e-06	0.998008324935478	 
(Intercept)	UBA1394	NA	-0.088936897638825	0.198281818379924	-0.448537835518608	1	0.0001697	0.989606335368685	0.002693	0.958613057149476	 
(Intercept)	UBA1405	NA	0.262125599564958	0.189942095443807	1.3800289975347	1	0.02797	0.867179371706868	0.04119	0.839171614539826	 
(Intercept)	UBA2882	NA	8.82986546650584e-05	0.21267545580353	0.000415180277063231	1	0.009014	0.924360826407817	0.01138	0.915045164098182	 
(Intercept)	UBA3282	NA	0.11362336410792	0.135425792096861	0.839008303725869	1	0.02093	0.88496981342299	0.004349	0.947420062510046	 
(Intercept)	UBA3700	NA	-0.0941703319702471	0.172541340691288	-0.545784167394047	1	0.003215	0.954783401304957	7.109e-05	0.993272725129129	 
(Intercept)	UBA3700NOV	NA	-0.411625298245631	0.0886664171760881	-4.64240364452936	1	0.009364	0.922910824973816	0.01789	0.893597494660631	 
(Intercept)	UBA3818	NA	0.281332866073085	0.100584954872483	2.79696766210956	1	0.04515	0.831728449838931	0.01764	0.894339167828957	 
(Intercept)	UBA7160	NA	-0.0387201039947591	0.123409883129351	-0.313752051399118	1	3.584e-05	0.995223371475258	0.0004817	0.982489702728099	 
(Intercept)	UBA7173	NA	-0.234148937063628	0.214345314108666	-1.09239121012425	1	1.719e-05	0.996691914272418	2.127e-05	0.99632021650722	 
(Intercept)	UBA7182	NA	0.400500062463085	0.188414132602347	2.12563705774848	1	0.005607	0.940310266068152	0.0005483	0.981318596597966	 
(Intercept)	UBA946	NA	0.0204425460041381	0.180431227945101	0.113298270132918	1	0.0002717	0.986848805078399	0.003909	0.950147145826149	 
(Intercept)	UBA9475	NA	0.162415885087529	0.188204334108155	0.862976327602497	1	0.03979	0.841891737870287	0.01356	0.907297960791654	 
(Intercept)	UBA9502	NA	0.374464020486974	0.140242855401931	2.67011121111142	1	0.03704	0.847383630389777	0.008692	0.925720129684257	 
(Intercept)	UMGS1004	NA	-0.239556026989117	0.176449451814714	-1.35764676243183	1	0.0001083	0.991696781800859	0.0001443	0.990415647406747	 
(Intercept)	UMGS1217	NA	0.109543422863548	0.0774009113835564	1.41527303626582	1	0.02234	0.881186160805414	0.0011	0.97354201357774	 
(Intercept)	UMGS1370	NA	0.440290166425874	0.14498696746912	3.0367568486433	1	0.008836	0.925109156737392	0.0001684	0.98964622039882	 
(Intercept)	UMGS1815	NA	-0.598124777802259	0.152612994412856	-3.91922575206265	1	0.01641	0.89806863140249	0.003255	0.954503288783569	 
(Intercept)	UMGS1872	NA	0.176209025768498	0.21270600621333	0.828415844504984	1	0.002595	0.959372421070702	0.001206	0.972297023780782	 
(Intercept)	UMGS268	NA	0.0507171811195181	0.180732814035725	0.280619661626543	1	0.02824	0.866545822446388	0.006433	0.936073430306223	 
(Intercept)	uniq	NA	-0.222392620986998	0.123376014327756	-1.80255961581153	1	0.01733	0.895266310219391	0.001077	0.973819980670268	 
(Intercept)	X142	NA	0.209430074737058	0.190089748857167	1.10174312921221	1	0.001647	0.967628139492293	0.005555	0.940587181196117	 
(Intercept)	X1XD4269	NA	0.000750766356059077	0.115134396811408	0.0065207824668491	1	0.02468	0.875167065978171	0.05979	0.806828162375187	 
(Intercept)	X1XD876	NA	0.144470361849963	0.195251089929666	0.739920898275164	1	0.0006163	0.980194238823392	0.0005981	0.980488813845947	 
age.wks.scaled	Acetatifactor	NA	-0.0973221953520635	0.026779048959221	-3.63426630647957	1	14.5	0.000140159542629581	13.21	0.000278459372405004	A
age.wks.scaled	Acutalibacter	NA	-0.0570515827808463	0.0258606219998033	-2.2061179650389	1	53.11	3.15414361296007e-13	4.867	0.0273750506630409	A
age.wks.scaled	Adlercreutzia	NA	0.0619650115777919	0.0262252952227251	2.3627955777633	1	15.16	9.87737876416706e-05	5.583	0.018135630665234	A
age.wks.scaled	AF3328	NA	-0.0376646568608905	0.0263270488513684	-1.43064485022722	1	11.88	0.00056739941299766	2.046	0.152606676144507	A
age.wks.scaled	Akkermansia	NA	-0.0223202045029539	0.0284376424818015	-0.784882379657091	1	3.472	0.0624158023781198	0.616	0.432537606544647	A
age.wks.scaled	Alistipes	NA	0.366769553744132	0.025590551285722	14.3322255800236	1	239	0	205.4	0	A
age.wks.scaled	AM0715	NA	-0.130866252331685	0.0216906977818533	-6.0332891845079	1	155.1	0	36.4	1.60703217400027e-09	A
age.wks.scaled	Anaerotignum	NA	0.125989448543097	0.0257560721823814	4.89164060618222	1	19.04	1.28006811759285e-05	23.93	9.99027565784516e-07	A
age.wks.scaled	Anaerotruncus	NA	0.0269432001460526	0.0248197339542249	1.08555555815965	1	9.978	0.00158421666974196	1.178	0.277763532185043	A
age.wks.scaled	AnaerovoracaceaeNOV	NA	-0.0462119250725662	0.0286051527452844	-1.61551051602702	1	5.667	0.0172869952449839	2.61	0.106191762392865	A
age.wks.scaled	Angelakisella	NA	-0.15552296899816	0.0274244151891481	-5.6709675639574	1	79.98	0	32.16	1.41984008994456e-08	A
age.wks.scaled	ASF356	NA	-0.290870161900859	0.0222713167311167	-13.0603037715532	1	340.1	0	170.6	0	A
age.wks.scaled	Bacteroides	NA	0.106776835693428	0.0274387030330259	3.89146803203158	1	54.75	1.36890498936282e-13	15.14	9.98256408034637e-05	A
age.wks.scaled	Bifidobacterium	NA	0.50266837428299	0.0247096418108607	20.3430052985249	1	545.5	0	413.7	0	A
age.wks.scaled	BorkfalkiaceaeNOV	NA	-0.148074110638726	0.025204610926809	-5.87488182494524	1	26.39	2.78981098666975e-07	34.52	4.21894019719815e-09	A
age.wks.scaled	ButyricicoccaceaeNOV	NA	-0.10598828273098	0.0233164687672301	-4.5456404136093	1	59.48	1.23234755733392e-14	20.66	5.48499620534049e-06	A
age.wks.scaled	CAG115	NA	0.149288787722427	0.0307814462022955	4.84996015915892	1	21.09	4.38208991604405e-06	23.49	1.2556471825631e-06	A
age.wks.scaled	CAG145	NA	-0.0896630172705615	0.0230142531797021	-3.89597770435765	1	23.67	1.14351287272552e-06	15.18	9.77330872989901e-05	A
age.wks.scaled	CAG273	NA	-0.202505773910754	0.0265922730672513	-7.61521113289643	1	71	0	57.99	2.63122856836162e-14	A
age.wks.scaled	CAG274NOV	NA	-0.0829356782561235	0.0252650357847581	-3.28262658967446	1	72.21	0	10.78	0.00102602681541797	A
age.wks.scaled	CAG303	NA	-0.115751556161354	0.0278646981464661	-4.15405742251091	1	42.45	7.25124404965527e-11	17.26	3.25977356170348e-05	A
age.wks.scaled	CAG41	NA	-0.0551071267499987	0.0288475476263977	-1.91028809324407	1	16.09	6.04021482776274e-05	3.649	0.0561028869889746	A
age.wks.scaled	CAG475	NA	-0.205277865562192	0.0225943897260336	-9.08534676312449	1	104.6	0	82.55	0	A
age.wks.scaled	CAG485	NA	0.116590852121886	0.0261889779786841	4.45190538618126	1	89.85	0	19.82	8.50876973457204e-06	A
age.wks.scaled	CAG510	NA	0.20623389276093	0.0289571342889674	7.12204083121253	1	73.15	0	50.7	1.07625020007163e-12	A
age.wks.scaled	CAG552NOV	NA	-0.171339701320143	0.0241356734776522	-7.09902300753244	1	72.32	0	50.4	1.25399690631411e-12	A
age.wks.scaled	CAG56	NA	-0.0729585607221886	0.0269560605846375	-2.70657355488244	1	20.32	6.55122064530111e-06	7.326	0.00679641392810693	A
age.wks.scaled	CAG582	NA	-0.229778922891664	0.0264990011937328	-8.67122957623052	1	71.71	0	75.19	0	A
age.wks.scaled	CAG776	NA	-0.135742961826432	0.0262609822695452	-5.16899788565232	1	15.5	8.25052538926396e-05	26.72	2.3517469560641e-07	A
age.wks.scaled	CAG81	NA	-0.00333619692185956	0.0239884022536718	-0.139075411800254	1	10.63	0.00111267714876317	0.01934	0.88939615516369	A
age.wks.scaled	CAG873	NA	-0.0422151257876945	0.0261159371241616	-1.61645073607711	1	5.512	0.0188864383159375	2.613	0.105991081337854	A
age.wks.scaled	CAG95	NA	-0.138359392742647	0.0257766273433602	-5.36762978723388	1	65.32	6.66133814775094e-16	28.81	7.98378270161493e-08	A
age.wks.scaled	Chao1	NA	-0.0814005273317346	0.02721704567267	-2.99079217894222	1	4.651	0.0310354625199728	8.944	0.00278382450165982	A
age.wks.scaled	Clostridium	NA	0.141042437302545	0.0272795031280468	5.17027149066857	1	50.57	1.14985798660427e-12	26.73	2.33960771089947e-07	A
age.wks.scaled	ClostridiumQ	NA	-0.0887941822059212	0.0222841519422503	-3.98463367311588	1	55.75	8.22675261247241e-14	15.88	6.74881487824353e-05	A
age.wks.scaled	COE1	NA	-0.181478873170842	0.0215857589057457	-8.40734272828997	1	260.9	0	70.69	0	A
age.wks.scaled	D1663	NA	0.092549153714167	0.0275627497229271	3.35776200286662	1	5.755	0.0164417956344963	11.27	0.0007876972880273	A
age.wks.scaled	Desulfovibrio	NA	0.333624835244167	0.0288819900066855	11.5513105283583	1	151.5	0	133.4	0	A
age.wks.scaled	Dorea	NA	-0.142486300077734	0.0259016783712783	-5.50104506879111	1	86.23	0	30.26	3.77838159648647e-08	A
age.wks.scaled	Dubosiella	NA	0.323231379159071	0.0264494168731295	12.2207374442137	1	201.4	0	149.3	0	A
age.wks.scaled	Duncaniella	NA	-0.084617326497321	0.0270941321957094	-3.12308679555055	1	0.2997	0.584070554952802	9.754	0.00178932949674615	A
age.wks.scaled	Emergencia	NA	-0.163106606520415	0.0248853654539864	-6.55431831298611	1	122.6	0	42.96	5.58706414466315e-11	A
age.wks.scaled	EnterococcusD	NA	0.260329558436677	0.0248986544515764	10.4555673457364	1	204.5	0	109.3	0	A
age.wks.scaled	ErysipelatoclostridiaceaeNOV	NA	-0.0428912859343293	0.026406652708206	-1.62426061372787	1	0.795	0.372592504474964	2.638	0.104334814929182	A
age.wks.scaled	Erysipelatoclostridium	NA	-0.044039978134004	0.0259645236207007	-1.69615968224013	1	0.2569	0.612257940260216	2.876	0.089909109175404	A
age.wks.scaled	ErysipelotrichaceaeNOV	NA	-0.191938992585008	0.0246541426979453	-7.78526330996715	1	108.2	0	60.61	6.99440505513849e-15	A
age.wks.scaled	Escherichia	NA	0.202569230061815	0.026265189376127	7.71246028958523	1	119.2	0	59.48	1.23234755733392e-14	A
age.wks.scaled	EubacteriumF	NA	-0.115739029263192	0.0257650359084805	-4.49209656350978	1	21.2	4.13764512974257e-06	20.18	7.04860489497694e-06	A
age.wks.scaled	EubacteriumG	NA	-0.182710553177178	0.0248239142110601	-7.36026364028333	1	138.2	0	54.17	1.83852932877926e-13	A
age.wks.scaled	EubacteriumJ	NA	-0.115248452162151	0.0245314440549455	-4.69798891186422	1	110.1	0	22.07	2.62886270707696e-06	A
age.wks.scaled	Evtepia	NA	0.0146555526009256	0.0267414526796886	0.548046240287357	1	13.4	0.000251624298198916	0.3004	0.583631765326605	A
age.wks.scaled	Flavonifractor	NA	0.0291874265086707	0.0246359233627265	1.18475066182542	1	7.538	0.00604110635831989	1.404	0.23605498675266	A
age.wks.scaled	HungatellaA	NA	-0.207463711584851	0.0240307276595586	-8.63326797773138	1	120.8	0	74.53	0	A
age.wks.scaled	Ileibacterium	NA	0.291810599009397	0.0276136750322162	10.567611832505	1	186.3	0	111.7	0	A
age.wks.scaled	Kineothrix	NA	0.148592322956452	0.0253216271046586	5.86819805624237	1	129.1	0	34.44	4.39595526646741e-09	A
age.wks.scaled	Lachnospira	NA	-0.193066299315219	0.0243404732833667	-7.93190407875727	1	147.3	0	62.92	2.1094237467878e-15	A
age.wks.scaled	LachnospiraceaeNOV	NA	-0.158410180894877	0.0254555428096161	-6.22301327768331	1	75.13	0	38.73	4.86671369870351e-10	A
age.wks.scaled	Lactobacillus	NA	0.0680855830837543	0.0234038522581743	2.90916137790837	1	80.59	0	8.464	0.0036224435050638	A
age.wks.scaled	Lawsonibacter	NA	-0.0253657777448616	0.0281131645990517	-0.902274009583298	1	14.4	0.0001478023103344	0.8141	0.366910854132053	A
age.wks.scaled	Ligilactobacillus	NA	0.40645734017632	0.0234065980116566	17.3650754361613	1	464.8	0	301.4	0	A
age.wks.scaled	Limosilactobacillus	NA	-0.020065602104503	0.0259961796905417	-0.771867341407996	1	16.74	4.28676043108256e-05	0.5959	0.440146651553719	A
age.wks.scaled	Mailhella	NA	0.0376306341841791	0.0262936088692849	1.43117037951141	1	4.002	0.0454463066590199	2.048	0.15240628395675	A
age.wks.scaled	MarseilleP3106	NA	-0.14347016430834	0.0266799385352701	-5.37745482879118	1	22.69	1.90355942031317e-06	28.92	7.54300401029084e-08	A
age.wks.scaled	MuribaculaceaeNOV	NA	0.35087400552522	0.0261030797250228	13.441862386409	1	253.5	0	180.7	0	A
age.wks.scaled	Muribaculum	NA	0.0764257602748088	0.0282332829893809	2.70693848475057	1	32.8	1.02144843694418e-08	7.327	0.0067926335735492	A
age.wks.scaled	Oscillibacter	NA	-0.176756360190129	0.0271143050851604	-6.51893381132115	1	85.86	0	42.49	7.10445036133933e-11	A
age.wks.scaled	OscillospiraceaeNOV	NA	-0.196344956627839	0.0264450180799089	-7.42464822805352	1	115.7	0	55.13	1.12798659301916e-13	A
age.wks.scaled	Paramuribaculum	NA	0.0202840133931125	0.0256252860491661	0.791562418237769	1	48.79	2.84883228118815e-12	0.6266	0.428605205809644	A
age.wks.scaled	Parvibacter	NA	0.0296090459748284	0.0254499802367087	1.16342117751906	1	5.892	0.015209816896967	1.353	0.244754336739357	A
age.wks.scaled	PCoA1	NA	0.13434077842153	0.0240577641313344	5.58409242389055	1	161.6	0	31.18	2.351766026365e-08	A
age.wks.scaled	PCoA2	NA	0.174749085074831	0.025538830363248	6.8424858378129	1	174.7	0	46.82	7.78155317959772e-12	A
age.wks.scaled	PCoA3	NA	-0.378472775350392	0.0271913347173314	-13.9188744975126	1	247	0	193.7	0	A
age.wks.scaled	Prevotella	NA	-0.0832692878052945	0.0272885276387552	-3.05143937802768	1	2.772	0.0959262370863656	9.312	0.00227657834672224	A
age.wks.scaled	Romboutsia	NA	0.196684573362088	0.0265343808731634	7.41244253266196	1	112.5	0	54.94	1.24233956455555e-13	A
age.wks.scaled	Roseburia	NA	0.0979315738310692	0.0295959505742717	3.30895179681111	1	9.985	0.00157820555126997	10.95	0.000936036148900365	A
age.wks.scaled	RuminiclostridiumE	NA	-0.104841788927358	0.0278245845362624	-3.76795523364321	1	44.78	2.20463647337965e-11	14.19	0.000165246379252415	A
age.wks.scaled	Schaedlerella	NA	-0.133896901426097	0.0256173738680132	-5.22680045643887	1	118.1	0	27.32	1.72418783583872e-07	A
age.wks.scaled	Shannon	NA	0.025823793657983	0.023956248642612	1.07795648823118	1	13.3	0.000265406117232247	1.162	0.281051143917421	A
age.wks.scaled	Simpson	NA	0.0157774229724025	0.0242807595398115	0.649791162691318	1	17.57	2.76922761796028e-05	0.4223	0.515791614455423	A
age.wks.scaled	Staphylococcus	NA	0.0632666419795316	0.0313425317568139	2.0185555675724	1	9.834	0.00171315392975535	4.074	0.0435480355926202	A
age.wks.scaled	TF0111	NA	-0.180695118390976	0.0246267724213367	-7.33734471166111	1	179.1	0	53.83	2.18602913548693e-13	A
age.wks.scaled	Turicibacter	NA	0.446333910396623	0.024599078871563	18.1443342950777	1	372.2	0	329.2	0	A
age.wks.scaled	UBA11940	NA	-0.10629620039261	0.0259656354871697	-4.09372612679297	1	62.75	2.33146835171283e-15	16.76	4.24181159869308e-05	A
age.wks.scaled	UBA11957	NA	-0.191322528466962	0.0237435539789129	-8.05787240768079	1	238	0	64.93	7.7715611723761e-16	A
age.wks.scaled	UBA1394	NA	-0.159593865117783	0.0242119973071319	-6.59152002593249	1	33.39	7.54107221112577e-09	43.45	4.34932090342954e-11	A
age.wks.scaled	UBA1405	NA	0.16070619975529	0.0285829405876837	5.62245159004172	1	13.71	0.000213315632190181	31.61	1.88456629190981e-08	A
age.wks.scaled	UBA2882	NA	-0.0459654850445379	0.0244333190679111	-1.88126242352827	1	3.068	0.0798476503517751	3.539	0.059941589394972	A
age.wks.scaled	UBA3282	NA	-0.155008928137385	0.0246623110479284	-6.28525558031213	1	77.24	0	39.51	3.26383808868513e-10	A
age.wks.scaled	UBA3700	NA	-0.156038934512163	0.0238078003261687	-6.55410967726618	1	31.61	1.88456629190981e-08	42.96	5.58706414466315e-11	A
age.wks.scaled	UBA3700NOV	NA	-0.190966418251661	0.023857613077491	-8.00442263990911	1	5.441	0.0196694052429409	64.07	1.22124532708767e-15	A
age.wks.scaled	UBA3818	NA	-0.0299095600661591	0.0240462598867432	-1.24383418490159	1	30.51	3.32149988624408e-08	1.547	0.213578869123517	A
age.wks.scaled	UBA7160	NA	-0.0359176458937129	0.0262276413008809	-1.36945772140427	1	2.593	0.107336857125163	1.876	0.170789471122416	A
age.wks.scaled	UBA7173	NA	-0.0775301799470605	0.0259640951682219	-2.98605360382255	1	0.005186	0.942590855880769	8.918	0.00282373574139505	A
age.wks.scaled	UBA7182	NA	-0.171543548912128	0.0224746772581823	-7.63274804534398	1	242.3	0	58.26	2.29816166097407e-14	A
age.wks.scaled	UBA946	NA	-0.136600754787031	0.0244881842984313	-5.57823124500829	1	37.8	7.83817788452268e-10	31.12	2.42559267116249e-08	A
age.wks.scaled	UBA9475	NA	-0.231784341335405	0.0252961149988053	-9.16284343846288	1	146.5	0	83.96	0	A
age.wks.scaled	UBA9502	NA	-0.115789947957831	0.0250288771367137	-4.62625419931381	1	115.7	0	21.4	3.72771187240328e-06	A
age.wks.scaled	UMGS1004	NA	-0.0871615732417963	0.0245962927890862	-3.54368741619758	1	0.04883	0.825111811936979	12.56	0.000394091748583625	A
age.wks.scaled	UMGS1217	NA	-0.124118028736972	0.0275960382271818	-4.497675634277	1	39.53	3.23058135798249e-10	20.23	6.86675914662871e-06	A
age.wks.scaled	UMGS1370	NA	-0.0489622939790425	0.023159676705668	-2.11411819781836	1	95.27	0	4.47	0.0344949916475357	A
age.wks.scaled	UMGS1815	NA	-0.0226675032465047	0.0224272192837848	-1.0107139436093	1	81.27	0	1.022	0.312045072858876	A
age.wks.scaled	UMGS1872	NA	0.00521387972380183	0.024273946825637	0.214793241546331	1	8.199	0.00419134847132685	0.04613	0.829939660590004	A
age.wks.scaled	UMGS268	NA	-0.254135586288269	0.0245432296483753	-10.3546106168261	1	138.9	0	107.2	0	A
age.wks.scaled	uniq	NA	0.301326811377417	0.0245496921971034	12.2741584276552	1	290.2	0	150.7	0	A
age.wks.scaled	X142	NA	-0.0359083142620195	0.0245142903725472	-1.4647910959818	1	31.56	1.93371998413738e-08	2.146	0.142941870644486	A
age.wks.scaled	X1XD4269	NA	-0.193545829408812	0.027352076257276	-7.07609278316946	1	57.34	3.66373598126302e-14	50.07	1.4835910278066e-12	A
age.wks.scaled	X1XD876	NA	0.0515083948071014	0.0252227252128007	2.04214232889318	1	0.003309	0.954127861749695	4.171	0.0411215221809089	A
Diet.5mo.as.AL	Acetatifactor	AL	0	NA	NA	4	20.496	0.000398497367837369	20.496	0.000398497367837369	A
Diet.5mo.as.AL	Acetatifactor	1D	-0.0453842728306371	0.0711564620175013	-0.637809575460267	4	20.496	0.000398497367837369	20.496	0.000398497367837369	A
Diet.5mo.as.AL	Acetatifactor	2D	0.160849160720336	0.0699829747780803	2.29840416516156	4	20.496	0.000398497367837369	20.496	0.000398497367837369	A
Diet.5mo.as.AL	Acetatifactor	20	-0.119882989383711	0.0688201168980085	-1.74197596265896	4	20.496	0.000398497367837369	20.496	0.000398497367837369	A
Diet.5mo.as.AL	Acetatifactor	40	0.130299659427575	0.072113058943943	1.80688021470374	4	20.496	0.000398497367837369	20.496	0.000398497367837369	A
Diet.5mo.as.AL	Acutalibacter	AL	0	NA	NA	4	134.6	0	134.6	0	A
Diet.5mo.as.AL	Acutalibacter	1D	-0.264829608508124	0.0695593268212098	-3.80724800843491	4	134.6	0	134.6	0	A
Diet.5mo.as.AL	Acutalibacter	2D	-0.375617794067938	0.0684157403253487	-5.49022479741798	4	134.6	0	134.6	0	A
Diet.5mo.as.AL	Acutalibacter	20	-0.554695202645581	0.0675398254822464	-8.21286105915967	4	134.6	0	134.6	0	A
Diet.5mo.as.AL	Acutalibacter	40	-0.753874108377116	0.0702759083265885	-10.7273477686505	4	134.6	0	134.6	0	A
Diet.5mo.as.AL	Adlercreutzia	AL	0	NA	NA	4	84	0	84	0	A
Diet.5mo.as.AL	Adlercreutzia	1D	0.300147326238569	0.0761946247716063	3.93921916589604	4	84	0	84	0	A
Diet.5mo.as.AL	Adlercreutzia	2D	0.464298991715676	0.075721471149423	6.13166892649859	4	84	0	84	0	A
Diet.5mo.as.AL	Adlercreutzia	20	0.326624818208543	0.0734221840332816	4.44858488628569	4	84	0	84	0	A
Diet.5mo.as.AL	Adlercreutzia	40	-0.147356215354772	0.0771919660615323	-1.90895792493884	4	84	0	84	0	A
Diet.5mo.as.AL	AF3328	AL	0	NA	NA	4	33.576	9.1031428639532e-07	33.576	9.1031428639532e-07	A
Diet.5mo.as.AL	AF3328	1D	-0.0731577308954224	0.0791868923395072	-0.923861623231339	4	33.576	9.1031428639532e-07	33.576	9.1031428639532e-07	A
Diet.5mo.as.AL	AF3328	2D	-0.0182408368151374	0.0788692856802602	-0.231279346044627	4	33.576	9.1031428639532e-07	33.576	9.1031428639532e-07	A
Diet.5mo.as.AL	AF3328	20	-0.153717942471592	0.0770790143662043	-1.99429045292762	4	33.576	9.1031428639532e-07	33.576	9.1031428639532e-07	A
Diet.5mo.as.AL	AF3328	40	-0.428948536799398	0.0802379884882329	-5.34595326828644	4	33.576	9.1031428639532e-07	33.576	9.1031428639532e-07	A
Diet.5mo.as.AL	Akkermansia	AL	0	NA	NA	4	93.96	0	93.96	0	A
Diet.5mo.as.AL	Akkermansia	1D	0.0628494302107015	0.0757894184301906	0.829263919851712	4	93.96	0	93.96	0	A
Diet.5mo.as.AL	Akkermansia	2D	0.154685803411929	0.0746502716779094	2.07213985877166	4	93.96	0	93.96	0	A
Diet.5mo.as.AL	Akkermansia	20	0.254486162061186	0.0730118217249877	3.48554735450589	4	93.96	0	93.96	0	A
Diet.5mo.as.AL	Akkermansia	40	0.682371398251578	0.0766869402164544	8.89814349517057	4	93.96	0	93.96	0	A
Diet.5mo.as.AL	Alistipes	AL	0	NA	NA	4	21.668	0.000233337826406776	21.668	0.000233337826406776	A
Diet.5mo.as.AL	Alistipes	1D	0.0495823698158494	0.0663014444007793	0.747832423018323	4	21.668	0.000233337826406776	21.668	0.000233337826406776	A
Diet.5mo.as.AL	Alistipes	2D	0.254197830837111	0.0651600983449066	3.90112718203073	4	21.668	0.000233337826406776	21.668	0.000233337826406776	A
Diet.5mo.as.AL	Alistipes	20	0.1757374671382	0.0613627871406175	2.86390946903185	4	21.668	0.000233337826406776	21.668	0.000233337826406776	A
Diet.5mo.as.AL	Alistipes	40	0.162949079484897	0.0662659533129096	2.45901660412923	4	21.668	0.000233337826406776	21.668	0.000233337826406776	A
Diet.5mo.as.AL	AM0715	AL	0	NA	NA	4	117.44	0	117.44	0	A
Diet.5mo.as.AL	AM0715	1D	-0.226371487123964	0.0721353139707778	-3.13815071513611	4	117.44	0	117.44	0	A
Diet.5mo.as.AL	AM0715	2D	-0.284614686141847	0.0729122517992188	-3.90352346990464	4	117.44	0	117.44	0	A
Diet.5mo.as.AL	AM0715	20	-0.584242370769124	0.0707314814700423	-8.26000471963216	4	117.44	0	117.44	0	A
Diet.5mo.as.AL	AM0715	40	-0.687928986552693	0.073526878689957	-9.35615653499319	4	117.44	0	117.44	0	A
Diet.5mo.as.AL	Anaerotignum	AL	0	NA	NA	4	6.204	0.184422613899328	6.204	0.184422613899328	A
Diet.5mo.as.AL	Anaerotignum	1D	-0.0573393758933172	0.0777083300754511	-0.737879398999352	4	6.204	0.184422613899328	6.204	0.184422613899328	A
Diet.5mo.as.AL	Anaerotignum	2D	-0.104329428059854	0.0774946684832731	-1.34627878409949	4	6.204	0.184422613899328	6.204	0.184422613899328	A
Diet.5mo.as.AL	Anaerotignum	20	-0.166327264504968	0.0753430534638881	-2.20759919936997	4	6.204	0.184422613899328	6.204	0.184422613899328	A
Diet.5mo.as.AL	Anaerotignum	40	-0.142090225645869	0.0787700028949442	-1.80386213563271	4	6.204	0.184422613899328	6.204	0.184422613899328	A
Diet.5mo.as.AL	Anaerotruncus	AL	0	NA	NA	4	99.88	0	99.88	0	A
Diet.5mo.as.AL	Anaerotruncus	1D	-0.192010805791148	0.074508438430893	-2.57703435791691	4	99.88	0	99.88	0	A
Diet.5mo.as.AL	Anaerotruncus	2D	-0.326470508755203	0.0742203945566833	-4.3986630723968	4	99.88	0	99.88	0	A
Diet.5mo.as.AL	Anaerotruncus	20	-0.448724566063141	0.0725922173616658	-6.18144179048183	4	99.88	0	99.88	0	A
Diet.5mo.as.AL	Anaerotruncus	40	-0.711377877351405	0.0756338698857942	-9.40554646252496	4	99.88	0	99.88	0	A
Diet.5mo.as.AL	AnaerovoracaceaeNOV	AL	0	NA	NA	4	11.564	0.0209058144302839	11.564	0.0209058144302839	A
Diet.5mo.as.AL	AnaerovoracaceaeNOV	1D	-0.0572945709007993	0.0733930198107836	-0.780654223637504	4	11.564	0.0209058144302839	11.564	0.0209058144302839	A
Diet.5mo.as.AL	AnaerovoracaceaeNOV	2D	-0.0882387054767328	0.0719164058985251	-1.22696211489265	4	11.564	0.0209058144302839	11.564	0.0209058144302839	A
Diet.5mo.as.AL	AnaerovoracaceaeNOV	20	0.0309647608917323	0.0707246253366885	0.43782149066641	4	11.564	0.0209058144302839	11.564	0.0209058144302839	A
Diet.5mo.as.AL	AnaerovoracaceaeNOV	40	-0.202219304309713	0.0739466210132264	-2.73466591899504	4	11.564	0.0209058144302839	11.564	0.0209058144302839	A
Diet.5mo.as.AL	Angelakisella	AL	0	NA	NA	4	54	5.26267918132817e-11	54	5.26267918132817e-11	A
Diet.5mo.as.AL	Angelakisella	1D	-0.201394421063784	0.0715435845956093	-2.81498924330029	4	54	5.26267918132817e-11	54	5.26267918132817e-11	A
Diet.5mo.as.AL	Angelakisella	2D	-0.329612981090236	0.070226136535048	-4.69359411400533	4	54	5.26267918132817e-11	54	5.26267918132817e-11	A
Diet.5mo.as.AL	Angelakisella	20	-0.474997832662371	0.0690340699377735	-6.88062913124677	4	54	5.26267918132817e-11	54	5.26267918132817e-11	A
Diet.5mo.as.AL	Angelakisella	40	-0.332477305719882	0.0722249868448026	-4.60335571170558	4	54	5.26267918132817e-11	54	5.26267918132817e-11	A
Diet.5mo.as.AL	ASF356	AL	0	NA	NA	4	80.12	1.11022302462516e-16	80.12	1.11022302462516e-16	A
Diet.5mo.as.AL	ASF356	1D	-0.121438375493502	0.0689356300372976	-1.76161986809721	4	80.12	1.11022302462516e-16	80.12	1.11022302462516e-16	A
Diet.5mo.as.AL	ASF356	2D	-0.204877323345709	0.0690515409050106	-2.9670202961516	4	80.12	1.11022302462516e-16	80.12	1.11022302462516e-16	A
Diet.5mo.as.AL	ASF356	20	-0.266767175929118	0.0672791699361909	-3.96507828770965	4	80.12	1.11022302462516e-16	80.12	1.11022302462516e-16	A
Diet.5mo.as.AL	ASF356	40	-0.611983734700931	0.0703161475888895	-8.70331717088593	4	80.12	1.11022302462516e-16	80.12	1.11022302462516e-16	A
Diet.5mo.as.AL	Bacteroides	AL	0	NA	NA	4	55.76	2.25147678278859e-11	55.76	2.25147678278859e-11	A
Diet.5mo.as.AL	Bacteroides	1D	0.265136482959371	0.0783511025876727	3.38395343783057	4	55.76	2.25147678278859e-11	55.76	2.25147678278859e-11	A
Diet.5mo.as.AL	Bacteroides	2D	0.485277811048467	0.0776414567451134	6.25024093303105	4	55.76	2.25147678278859e-11	55.76	2.25147678278859e-11	A
Diet.5mo.as.AL	Bacteroides	20	0.415294288942868	0.0757833322848097	5.48002148258808	4	55.76	2.25147678278859e-11	55.76	2.25147678278859e-11	A
Diet.5mo.as.AL	Bacteroides	40	0.436541057931345	0.0792831760322413	5.50609952550111	4	55.76	2.25147678278859e-11	55.76	2.25147678278859e-11	A
Diet.5mo.as.AL	Bifidobacterium	AL	0	NA	NA	4	75.8	1.33226762955019e-15	75.8	1.33226762955019e-15	A
Diet.5mo.as.AL	Bifidobacterium	1D	-0.0842702269980507	0.0770192378266662	-1.09414516912908	4	75.8	1.33226762955019e-15	75.8	1.33226762955019e-15	A
Diet.5mo.as.AL	Bifidobacterium	2D	0.127151414362669	0.0768559940943343	1.65441116026164	4	75.8	1.33226762955019e-15	75.8	1.33226762955019e-15	A
Diet.5mo.as.AL	Bifidobacterium	20	-0.0324832055941693	0.0727667872787689	-0.446401535768322	4	75.8	1.33226762955019e-15	75.8	1.33226762955019e-15	A
Diet.5mo.as.AL	Bifidobacterium	40	0.520069642977964	0.0772520967830597	6.73211038450425	4	75.8	1.33226762955019e-15	75.8	1.33226762955019e-15	A
Diet.5mo.as.AL	BorkfalkiaceaeNOV	AL	0	NA	NA	4	67.96	6.11732886568461e-14	67.96	6.11732886568461e-14	A
Diet.5mo.as.AL	BorkfalkiaceaeNOV	1D	-0.095470129423475	0.0803881077362035	-1.18761508526564	4	67.96	6.11732886568461e-14	67.96	6.11732886568461e-14	A
Diet.5mo.as.AL	BorkfalkiaceaeNOV	2D	-0.23759996013702	0.0807478808882229	-2.942491586447	4	67.96	6.11732886568461e-14	67.96	6.11732886568461e-14	A
Diet.5mo.as.AL	BorkfalkiaceaeNOV	20	0.25273454233801	0.0777887919931864	3.24898402279017	4	67.96	6.11732886568461e-14	67.96	6.11732886568461e-14	A
Diet.5mo.as.AL	BorkfalkiaceaeNOV	40	0.420990597006863	0.0814230418051553	5.17041107373868	4	67.96	6.11732886568461e-14	67.96	6.11732886568461e-14	A
Diet.5mo.as.AL	ButyricicoccaceaeNOV	AL	0	NA	NA	4	43.76	7.19602655241403e-09	43.76	7.19602655241403e-09	A
Diet.5mo.as.AL	ButyricicoccaceaeNOV	1D	-0.223541394692013	0.0696605335252592	-3.20901066040438	4	43.76	7.19602655241403e-09	43.76	7.19602655241403e-09	A
Diet.5mo.as.AL	ButyricicoccaceaeNOV	2D	-0.450661232852653	0.0693421503939442	-6.49909514332008	4	43.76	7.19602655241403e-09	43.76	7.19602655241403e-09	A
Diet.5mo.as.AL	ButyricicoccaceaeNOV	20	-0.229368154498149	0.0683522487666273	-3.35567824961067	4	43.76	7.19602655241403e-09	43.76	7.19602655241403e-09	A
Diet.5mo.as.AL	ButyricicoccaceaeNOV	40	-0.174734489365388	0.070972402974905	-2.46200610436105	4	43.76	7.19602655241403e-09	43.76	7.19602655241403e-09	A
Diet.5mo.as.AL	CAG115	AL	0	NA	NA	4	31.22	2.76078616512354e-06	31.22	2.76078616512354e-06	A
Diet.5mo.as.AL	CAG115	1D	-0.141029354305355	0.0824291673153526	-1.71091567340251	4	31.22	2.76078616512354e-06	31.22	2.76078616512354e-06	A
Diet.5mo.as.AL	CAG115	2D	-0.404356593501416	0.0811611823943241	-4.98214271370317	4	31.22	2.76078616512354e-06	31.22	2.76078616512354e-06	A
Diet.5mo.as.AL	CAG115	20	-0.15935262595647	0.0776395569536171	-2.05246696669932	4	31.22	2.76078616512354e-06	31.22	2.76078616512354e-06	A
Diet.5mo.as.AL	CAG115	40	-0.0116708286389418	0.08259432634884	-0.141303030787487	4	31.22	2.76078616512354e-06	31.22	2.76078616512354e-06	A
Diet.5mo.as.AL	CAG145	AL	0	NA	NA	4	13.66	0.00846311906083397	13.66	0.00846311906083397	A
Diet.5mo.as.AL	CAG145	1D	0.031077153310788	0.0702148952197111	0.442600579457447	4	13.66	0.00846311906083397	13.66	0.00846311906083397	A
Diet.5mo.as.AL	CAG145	2D	-0.14868363920225	0.0701504197635254	-2.11949749842492	4	13.66	0.00846311906083397	13.66	0.00846311906083397	A
Diet.5mo.as.AL	CAG145	20	0.0752730309632855	0.0686590303863591	1.09633110953808	4	13.66	0.00846311906083397	13.66	0.00846311906083397	A
Diet.5mo.as.AL	CAG145	40	-0.134792953520847	0.0716436858157686	-1.88143521632132	4	13.66	0.00846311906083397	13.66	0.00846311906083397	A
Diet.5mo.as.AL	CAG273	AL	0	NA	NA	4	1.6468	0.800357232922164	1.6468	0.800357232922164	A
Diet.5mo.as.AL	CAG273	1D	0.00103721701823238	0.082810334188904	0.0125252123227316	4	1.6468	0.800357232922164	1.6468	0.800357232922164	A
Diet.5mo.as.AL	CAG273	2D	-0.0532015639429278	0.0827852906165118	-0.642645131118457	4	1.6468	0.800357232922164	1.6468	0.800357232922164	A
Diet.5mo.as.AL	CAG273	20	0.065083050311668	0.0803026048914628	0.810472467233589	4	1.6468	0.800357232922164	1.6468	0.800357232922164	A
Diet.5mo.as.AL	CAG273	40	0.00320363111400593	0.083690415129868	0.0382795462184605	4	1.6468	0.800357232922164	1.6468	0.800357232922164	A
Diet.5mo.as.AL	CAG274NOV	AL	0	NA	NA	4	202.8	0	202.8	0	A
Diet.5mo.as.AL	CAG274NOV	1D	-0.321376224575459	0.0765103494877613	-4.20042813458677	4	202.8	0	202.8	0	A
Diet.5mo.as.AL	CAG274NOV	2D	-0.925796030343917	0.0761427110387074	-12.1586953986086	4	202.8	0	202.8	0	A
Diet.5mo.as.AL	CAG274NOV	20	-0.297667177510033	0.073937572973611	-4.0259257308361	4	202.8	0	202.8	0	A
Diet.5mo.as.AL	CAG274NOV	40	-0.823009371900338	0.0771467475401176	-10.6681020022569	4	202.8	0	202.8	0	A
Diet.5mo.as.AL	CAG303	AL	0	NA	NA	4	27.744	1.40551771506958e-05	27.744	1.40551771506958e-05	A
Diet.5mo.as.AL	CAG303	1D	-0.301417853358014	0.0849422123102568	-3.54850486183555	4	27.744	1.40551771506958e-05	27.744	1.40551771506958e-05	A
Diet.5mo.as.AL	CAG303	2D	-0.353714944157207	0.0846784596447808	-4.17715373710165	4	27.744	1.40551771506958e-05	27.744	1.40551771506958e-05	A
Diet.5mo.as.AL	CAG303	20	-0.107158554464793	0.0817602647212624	-1.31064343822905	4	27.744	1.40551771506958e-05	27.744	1.40551771506958e-05	A
Diet.5mo.as.AL	CAG303	40	-0.347609799495719	0.085653394305914	-4.05833069795481	4	27.744	1.40551771506958e-05	27.744	1.40551771506958e-05	A
Diet.5mo.as.AL	CAG41	AL	0	NA	NA	4	104.68	0	104.68	0	A
Diet.5mo.as.AL	CAG41	1D	-0.329636758434406	0.0927803551523577	-3.55287234989668	4	104.68	0	104.68	0	A
Diet.5mo.as.AL	CAG41	2D	-0.920125792795034	0.0927763041837609	-9.91768103817276	4	104.68	0	104.68	0	A
Diet.5mo.as.AL	CAG41	20	-0.0956229154474447	0.0878689110045222	-1.08824514102062	4	104.68	0	104.68	0	A
Diet.5mo.as.AL	CAG41	40	-0.259681659192586	0.0928538295741015	-2.79667150384302	4	104.68	0	104.68	0	A
Diet.5mo.as.AL	CAG475	AL	0	NA	NA	4	36.704	2.07278149866319e-07	36.704	2.07278149866319e-07	A
Diet.5mo.as.AL	CAG475	1D	-0.0577939817092734	0.0734935844835329	-0.786381316347726	4	36.704	2.07278149866319e-07	36.704	2.07278149866319e-07	A
Diet.5mo.as.AL	CAG475	2D	-0.30470410450918	0.0741657726241655	-4.10841947340408	4	36.704	2.07278149866319e-07	36.704	2.07278149866319e-07	A
Diet.5mo.as.AL	CAG475	20	0.0380777134938634	0.0715910290975964	0.531878281033704	4	36.704	2.07278149866319e-07	36.704	2.07278149866319e-07	A
Diet.5mo.as.AL	CAG475	40	0.194081376227147	0.0748921545363396	2.59147807175148	4	36.704	2.07278149866319e-07	36.704	2.07278149866319e-07	A
Diet.5mo.as.AL	CAG485	AL	0	NA	NA	4	145.36	0	145.36	0	A
Diet.5mo.as.AL	CAG485	1D	0.304853339182179	0.0669976261505845	4.55021105519452	4	145.36	0	145.36	0	A
Diet.5mo.as.AL	CAG485	2D	0.580959477458177	0.0657024249627153	8.84228364155294	4	145.36	0	145.36	0	A
Diet.5mo.as.AL	CAG485	20	0.607284920566929	0.0645315056768068	9.41067334781237	4	145.36	0	145.36	0	A
Diet.5mo.as.AL	CAG485	40	0.654742399751553	0.0678383090960817	9.65151414408367	4	145.36	0	145.36	0	A
Diet.5mo.as.AL	CAG510	AL	0	NA	NA	4	62.2	9.99866855977416e-13	62.2	9.99866855977416e-13	A
Diet.5mo.as.AL	CAG510	1D	0.0241969570188387	0.0858788362796069	0.281756927167219	4	62.2	9.99866855977416e-13	62.2	9.99866855977416e-13	A
Diet.5mo.as.AL	CAG510	2D	-0.121313883209328	0.084847185368809	-1.42979266409378	4	62.2	9.99866855977416e-13	62.2	9.99866855977416e-13	A
Diet.5mo.as.AL	CAG510	20	0.0447722691822089	0.0795206808590639	0.563026733404857	4	62.2	9.99866855977416e-13	62.2	9.99866855977416e-13	A
Diet.5mo.as.AL	CAG510	40	0.513311870611731	0.0853483418785454	6.01431567753475	4	62.2	9.99866855977416e-13	62.2	9.99866855977416e-13	A
Diet.5mo.as.AL	CAG552NOV	AL	0	NA	NA	4	7.052	0.133165647899656	7.052	0.133165647899656	A
Diet.5mo.as.AL	CAG552NOV	1D	-0.116422571259636	0.0773516432625195	-1.5051079246567	4	7.052	0.133165647899656	7.052	0.133165647899656	A
Diet.5mo.as.AL	CAG552NOV	2D	-0.0303125871190351	0.0778691812028737	-0.389275791151075	4	7.052	0.133165647899656	7.052	0.133165647899656	A
Diet.5mo.as.AL	CAG552NOV	20	-0.125472186510446	0.0750578414081517	-1.67167326100081	4	7.052	0.133165647899656	7.052	0.133165647899656	A
Diet.5mo.as.AL	CAG552NOV	40	0.0541652499626426	0.0786802114027465	0.688422781242703	4	7.052	0.133165647899656	7.052	0.133165647899656	A
Diet.5mo.as.AL	CAG56	AL	0	NA	NA	4	82.76	0	82.76	0	A
Diet.5mo.as.AL	CAG56	1D	0.0425352887387861	0.0782708350762895	0.543437267499799	4	82.76	0	82.76	0	A
Diet.5mo.as.AL	CAG56	2D	0.189984993040213	0.07765808572239	2.44642900057267	4	82.76	0	82.76	0	A
Diet.5mo.as.AL	CAG56	20	-0.0942004590363362	0.075669820782364	-1.24488809491526	4	82.76	0	82.76	0	A
Diet.5mo.as.AL	CAG56	40	-0.53507198139658	0.0791775043704025	-6.75787884009888	4	82.76	0	82.76	0	A
Diet.5mo.as.AL	CAG582	AL	0	NA	NA	4	25.34	4.2979111074759e-05	25.34	4.2979111074759e-05	A
Diet.5mo.as.AL	CAG582	1D	0.0112122875245597	0.0786697091844111	0.142523566450167	4	25.34	4.2979111074759e-05	25.34	4.2979111074759e-05	A
Diet.5mo.as.AL	CAG582	2D	-0.000260636975517764	0.0782550354716238	-0.00333060963996718	4	25.34	4.2979111074759e-05	25.34	4.2979111074759e-05	A
Diet.5mo.as.AL	CAG582	20	0.0474615131428544	0.0760212366256756	0.624319140933635	4	25.34	4.2979111074759e-05	25.34	4.2979111074759e-05	A
Diet.5mo.as.AL	CAG582	40	0.350115738969231	0.0796503296473655	4.39565963529959	4	25.34	4.2979111074759e-05	25.34	4.2979111074759e-05	A
Diet.5mo.as.AL	CAG776	AL	0	NA	NA	4	25.94	3.25384585985189e-05	25.94	3.25384585985189e-05	A
Diet.5mo.as.AL	CAG776	1D	0.184849885479191	0.079452879526729	2.32653475343213	4	25.94	3.25384585985189e-05	25.94	3.25384585985189e-05	A
Diet.5mo.as.AL	CAG776	2D	0.0586801393104045	0.0792125643034063	0.740793330280827	4	25.94	3.25384585985189e-05	25.94	3.25384585985189e-05	A
Diet.5mo.as.AL	CAG776	20	0.12361347184642	0.0769424399251819	1.60657072958202	4	25.94	3.25384585985189e-05	25.94	3.25384585985189e-05	A
Diet.5mo.as.AL	CAG776	40	0.3925399106039	0.0804461275694013	4.87953767899211	4	25.94	3.25384585985189e-05	25.94	3.25384585985189e-05	A
Diet.5mo.as.AL	CAG81	AL	0	NA	NA	4	31.448	2.48024010363057e-06	31.448	2.48024010363057e-06	A
Diet.5mo.as.AL	CAG81	1D	-0.273886129801885	0.0788572400578068	-3.47318939391122	4	31.448	2.48024010363057e-06	31.448	2.48024010363057e-06	A
Diet.5mo.as.AL	CAG81	2D	-0.276188617711414	0.0795287283417547	-3.47281571666232	4	31.448	2.48024010363057e-06	31.448	2.48024010363057e-06	A
Diet.5mo.as.AL	CAG81	20	-0.27432645507177	0.0770865943144198	-3.55867913885067	4	31.448	2.48024010363057e-06	31.448	2.48024010363057e-06	A
Diet.5mo.as.AL	CAG81	40	-0.398425800627307	0.0800822577845694	-4.97520688913541	4	31.448	2.48024010363057e-06	31.448	2.48024010363057e-06	A
Diet.5mo.as.AL	CAG873	AL	0	NA	NA	4	91.92	0	91.92	0	A
Diet.5mo.as.AL	CAG873	1D	0.278538468303794	0.068505665847181	4.06591870700365	4	91.92	0	91.92	0	A
Diet.5mo.as.AL	CAG873	2D	0.457440942269741	0.0673280953685621	6.79420589228989	4	91.92	0	91.92	0	A
Diet.5mo.as.AL	CAG873	20	0.487909923660121	0.0663464087167566	7.3539763959657	4	91.92	0	91.92	0	A
Diet.5mo.as.AL	CAG873	40	0.565804560793333	0.0696513675065253	8.12338050276364	4	91.92	0	91.92	0	A
Diet.5mo.as.AL	CAG95	AL	0	NA	NA	4	20.9	0.000331457729264573	20.9	0.000331457729264573	A
Diet.5mo.as.AL	CAG95	1D	-0.177958602444922	0.0717972793340892	-2.47862598827512	4	20.9	0.000331457729264573	20.9	0.000331457729264573	A
Diet.5mo.as.AL	CAG95	2D	-0.228762301140164	0.0708290290952569	-3.22978168785153	4	20.9	0.000331457729264573	20.9	0.000331457729264573	A
Diet.5mo.as.AL	CAG95	20	-0.218890308350664	0.0697502250854106	-3.13820217902706	4	20.9	0.000331457729264573	20.9	0.000331457729264573	A
Diet.5mo.as.AL	CAG95	40	-0.298034353253001	0.0726863552526709	-4.10027923696242	4	20.9	0.000331457729264573	20.9	0.000331457729264573	A
Diet.5mo.as.AL	Chao1	AL	0	NA	NA	4	14.372	0.00619771488422083	14.372	0.00619771488422083	A
Diet.5mo.as.AL	Chao1	1D	0.0594862007717879	0.0641009395148718	0.928008251080107	4	14.372	0.00619771488422083	14.372	0.00619771488422083	A
Diet.5mo.as.AL	Chao1	2D	-0.025065898206025	0.0621475033110044	-0.403329126201383	4	14.372	0.00619771488422083	14.372	0.00619771488422083	A
Diet.5mo.as.AL	Chao1	20	0.153017709191434	0.0614896387659224	2.48851208532773	4	14.372	0.00619771488422083	14.372	0.00619771488422083	A
Diet.5mo.as.AL	Chao1	40	0.17233922293414	0.064071557712224	2.68979292977701	4	14.372	0.00619771488422083	14.372	0.00619771488422083	A
Diet.5mo.as.AL	Clostridium	AL	0	NA	NA	4	127.28	0	127.28	0	A
Diet.5mo.as.AL	Clostridium	1D	-0.0878502802554593	0.0824148322853603	-1.06595230275151	4	127.28	0	127.28	0	A
Diet.5mo.as.AL	Clostridium	2D	-0.223844038324916	0.0820260828150519	-2.72893731655609	4	127.28	0	127.28	0	A
Diet.5mo.as.AL	Clostridium	20	-0.0538851461395003	0.0797102174429735	-0.67601303657277	4	127.28	0	127.28	0	A
Diet.5mo.as.AL	Clostridium	40	0.684184451891316	0.0831173273544739	8.23155019137522	4	127.28	0	127.28	0	A
Diet.5mo.as.AL	ClostridiumQ	AL	0	NA	NA	4	164.76	0	164.76	0	A
Diet.5mo.as.AL	ClostridiumQ	1D	0.0166039432823677	0.069485499213859	0.238955515470429	4	164.76	0	164.76	0	A
Diet.5mo.as.AL	ClostridiumQ	2D	0.172037494152428	0.0695577577021385	2.47330419834881	4	164.76	0	164.76	0	A
Diet.5mo.as.AL	ClostridiumQ	20	-0.152208541549907	0.0682218743213293	-2.23108120473201	4	164.76	0	164.76	0	A
Diet.5mo.as.AL	ClostridiumQ	40	-0.742864833624978	0.0709177780342515	-10.4750156338259	4	164.76	0	164.76	0	A
Diet.5mo.as.AL	COE1	AL	0	NA	NA	4	236.72	0	236.72	0	A
Diet.5mo.as.AL	COE1	1D	-0.227965541192155	0.0633519576987968	-3.5983977365941	4	236.72	0	236.72	0	A
Diet.5mo.as.AL	COE1	2D	-0.466432017101066	0.0629179668540758	-7.41333581523463	4	236.72	0	236.72	0	A
Diet.5mo.as.AL	COE1	20	-0.451760015667964	0.0620806699578731	-7.27698357595884	4	236.72	0	236.72	0	A
Diet.5mo.as.AL	COE1	40	-0.960795487360672	0.0646001241182177	-14.872966584436	4	236.72	0	236.72	0	A
Diet.5mo.as.AL	D1663	AL	0	NA	NA	4	166.16	0	166.16	0	A
Diet.5mo.as.AL	D1663	1D	0.164205289628529	0.0673908598395554	2.43661069200586	4	166.16	0	166.16	0	A
Diet.5mo.as.AL	D1663	2D	0.180129865916726	0.0657978747060523	2.73762437953269	4	166.16	0	166.16	0	A
Diet.5mo.as.AL	D1663	20	0.1053888133022	0.0646969740566403	1.62896047054588	4	166.16	0	166.16	0	A
Diet.5mo.as.AL	D1663	40	-0.572370430709683	0.0677078839238073	-8.45352708635496	4	166.16	0	166.16	0	A
Diet.5mo.as.AL	Desulfovibrio	AL	0	NA	NA	4	13.216	0.0102672128977789	13.216	0.0102672128977789	A
Diet.5mo.as.AL	Desulfovibrio	1D	0.0697450150000319	0.0831932942742755	0.838348999260605	4	13.216	0.0102672128977789	13.216	0.0102672128977789	A
Diet.5mo.as.AL	Desulfovibrio	2D	0.0901030664655411	0.0822580223052821	1.09537117402536	4	13.216	0.0102672128977789	13.216	0.0102672128977789	A
Diet.5mo.as.AL	Desulfovibrio	20	-0.135654758331059	0.0777569385685789	-1.74460004249545	4	13.216	0.0102672128977789	13.216	0.0102672128977789	A
Diet.5mo.as.AL	Desulfovibrio	40	0.154123193890611	0.0832245236405383	1.85189637799907	4	13.216	0.0102672128977789	13.216	0.0102672128977789	A
Diet.5mo.as.AL	Dorea	AL	0	NA	NA	4	93.32	0	93.32	0	A
Diet.5mo.as.AL	Dorea	1D	-0.147116247384283	0.0722477476629759	-2.03627451571995	4	93.32	0	93.32	0	A
Diet.5mo.as.AL	Dorea	2D	-0.26257850640574	0.0714589088819	-3.67453842374927	4	93.32	0	93.32	0	A
Diet.5mo.as.AL	Dorea	20	-0.204517550296049	0.0700801365777692	-2.91833835211055	4	93.32	0	93.32	0	A
Diet.5mo.as.AL	Dorea	40	-0.683562465361845	0.073310477957426	-9.32421236918976	4	93.32	0	93.32	0	A
Diet.5mo.as.AL	Dubosiella	AL	0	NA	NA	4	105.6	0	105.6	0	A
Diet.5mo.as.AL	Dubosiella	1D	-0.330786697980815	0.0829472650510814	-3.98791566879398	4	105.6	0	105.6	0	A
Diet.5mo.as.AL	Dubosiella	2D	-0.168596353711392	0.082894555398284	-2.03386522674904	4	105.6	0	105.6	0	A
Diet.5mo.as.AL	Dubosiella	20	-0.032143978163855	0.0795046758539688	-0.404302989963708	4	105.6	0	105.6	0	A
Diet.5mo.as.AL	Dubosiella	40	0.530637023727152	0.08341115116321	6.36170363706956	4	105.6	0	105.6	0	A
Diet.5mo.as.AL	Duncaniella	AL	0	NA	NA	4	54.52	4.09547951107925e-11	54.52	4.09547951107925e-11	A
Diet.5mo.as.AL	Duncaniella	1D	0.203441855433488	0.0748780653609036	2.71697531784404	4	54.52	4.09547951107925e-11	54.52	4.09547951107925e-11	A
Diet.5mo.as.AL	Duncaniella	2D	0.481630488335912	0.0739884401487768	6.50953699479869	4	54.52	4.09547951107925e-11	54.52	4.09547951107925e-11	A
Diet.5mo.as.AL	Duncaniella	20	0.358660236405627	0.0725855829706808	4.94120487467186	4	54.52	4.09547951107925e-11	54.52	4.09547951107925e-11	A
Diet.5mo.as.AL	Duncaniella	40	0.388122408185179	0.0760649716327439	5.10251170616493	4	54.52	4.09547951107925e-11	54.52	4.09547951107925e-11	A
Diet.5mo.as.AL	Emergencia	AL	0	NA	NA	4	503.2	0	503.2	0	A
Diet.5mo.as.AL	Emergencia	1D	0.203479847459134	0.0662311915144667	3.07226614539599	4	503.2	0	503.2	0	A
Diet.5mo.as.AL	Emergencia	2D	0.28873548245535	0.065106337284153	4.43482915027427	4	503.2	0	503.2	0	A
Diet.5mo.as.AL	Emergencia	20	-0.311413439010112	0.0639581160119033	-4.86902145385513	4	503.2	0	503.2	0	A
Diet.5mo.as.AL	Emergencia	40	-1.09368492222502	0.0667663902898505	-16.3807705864739	4	503.2	0	503.2	0	A
Diet.5mo.as.AL	EnterococcusD	AL	0	NA	NA	4	30.368	4.11868384753156e-06	30.368	4.11868384753156e-06	A
Diet.5mo.as.AL	EnterococcusD	1D	0.169385065208785	0.0751415976755024	2.25421165437913	4	30.368	4.11868384753156e-06	30.368	4.11868384753156e-06	A
Diet.5mo.as.AL	EnterococcusD	2D	0.241279928884897	0.075002552169856	3.21695624888174	4	30.368	4.11868384753156e-06	30.368	4.11868384753156e-06	A
Diet.5mo.as.AL	EnterococcusD	20	0.240874203602061	0.0731170918542575	3.29436247385481	4	30.368	4.11868384753156e-06	30.368	4.11868384753156e-06	A
Diet.5mo.as.AL	EnterococcusD	40	0.401153197413487	0.0764393602968261	5.24799260296981	4	30.368	4.11868384753156e-06	30.368	4.11868384753156e-06	A
Diet.5mo.as.AL	ErysipelatoclostridiaceaeNOV	AL	0	NA	NA	4	45.44	3.22065385471859e-09	45.44	3.22065385471859e-09	A
Diet.5mo.as.AL	ErysipelatoclostridiaceaeNOV	1D	0.271062477300376	0.0699905721996568	3.87284270983151	4	45.44	3.22065385471859e-09	45.44	3.22065385471859e-09	A
Diet.5mo.as.AL	ErysipelatoclostridiaceaeNOV	2D	0.242928136498979	0.0689544339104921	3.52302415845103	4	45.44	3.22065385471859e-09	45.44	3.22065385471859e-09	A
Diet.5mo.as.AL	ErysipelatoclostridiaceaeNOV	20	0.225179232187018	0.0676658130032397	3.32781388699545	4	45.44	3.22065385471859e-09	45.44	3.22065385471859e-09	A
Diet.5mo.as.AL	ErysipelatoclostridiaceaeNOV	40	-0.10469757971866	0.071328057248736	-1.46783164657853	4	45.44	3.22065385471859e-09	45.44	3.22065385471859e-09	A
Diet.5mo.as.AL	Erysipelatoclostridium	AL	0	NA	NA	4	33.012	1.18774225132956e-06	33.012	1.18774225132956e-06	A
Diet.5mo.as.AL	Erysipelatoclostridium	1D	0.163650088590089	0.0782200576234335	2.09217550539188	4	33.012	1.18774225132956e-06	33.012	1.18774225132956e-06	A
Diet.5mo.as.AL	Erysipelatoclostridium	2D	0.134738151651822	0.078048803706748	1.72633205446776	4	33.012	1.18774225132956e-06	33.012	1.18774225132956e-06	A
Diet.5mo.as.AL	Erysipelatoclostridium	20	0.421483905597338	0.0759776131325944	5.54747494978256	4	33.012	1.18774225132956e-06	33.012	1.18774225132956e-06	A
Diet.5mo.as.AL	Erysipelatoclostridium	40	0.274806636906053	0.0794365491375338	3.45944832560969	4	33.012	1.18774225132956e-06	33.012	1.18774225132956e-06	A
Diet.5mo.as.AL	ErysipelotrichaceaeNOV	AL	0	NA	NA	4	249.8	0	249.8	0	A
Diet.5mo.as.AL	ErysipelotrichaceaeNOV	1D	0.310651085986336	0.0735392606001081	4.22428895057288	4	249.8	0	249.8	0	A
Diet.5mo.as.AL	ErysipelotrichaceaeNOV	2D	0.127262873854983	0.0730739438568339	1.74156295853301	4	249.8	0	249.8	0	A
Diet.5mo.as.AL	ErysipelotrichaceaeNOV	20	0.0941906478708007	0.0715354517581356	1.31669886127599	4	249.8	0	249.8	0	A
Diet.5mo.as.AL	ErysipelotrichaceaeNOV	40	-0.830544725578854	0.0742869883971528	-11.180218009897	4	249.8	0	249.8	0	A
Diet.5mo.as.AL	Escherichia	AL	0	NA	NA	4	52.44	1.11605835684259e-10	52.44	1.11605835684259e-10	A
Diet.5mo.as.AL	Escherichia	1D	0.0833806812210114	0.0759500696808373	1.09783548022272	4	52.44	1.11605835684259e-10	52.44	1.11605835684259e-10	A
Diet.5mo.as.AL	Escherichia	2D	0.29853871922127	0.0753695303197117	3.9610001277027	4	52.44	1.11605835684259e-10	52.44	1.11605835684259e-10	A
Diet.5mo.as.AL	Escherichia	20	0.154803196733874	0.0735735497351822	2.10406045774693	4	52.44	1.11605835684259e-10	52.44	1.11605835684259e-10	A
Diet.5mo.as.AL	Escherichia	40	0.509216660922225	0.077011799786193	6.61219011029423	4	52.44	1.11605835684259e-10	52.44	1.11605835684259e-10	A
Diet.5mo.as.AL	EubacteriumF	AL	0	NA	NA	4	22.164	0.000185903421512368	22.164	0.000185903421512368	A
Diet.5mo.as.AL	EubacteriumF	1D	0.0739988353404548	0.0750308664986118	0.986245245372768	4	22.164	0.000185903421512368	22.164	0.000185903421512368	A
Diet.5mo.as.AL	EubacteriumF	2D	0.256607320273238	0.0744365315689528	3.44733042854818	4	22.164	0.000185903421512368	22.164	0.000185903421512368	A
Diet.5mo.as.AL	EubacteriumF	20	0.105688331226948	0.0730482850070152	1.44682837135463	4	22.164	0.000185903421512368	22.164	0.000185903421512368	A
Diet.5mo.as.AL	EubacteriumF	40	-0.10290092556993	0.0760278344352492	-1.35346385089487	4	22.164	0.000185903421512368	22.164	0.000185903421512368	A
Diet.5mo.as.AL	EubacteriumG	AL	0	NA	NA	4	48	9.43783606821569e-10	48	9.43783606821569e-10	A
Diet.5mo.as.AL	EubacteriumG	1D	-0.218030978163972	0.0803335296436593	-2.71407193398705	4	48	9.43783606821569e-10	48	9.43783606821569e-10	A
Diet.5mo.as.AL	EubacteriumG	2D	-0.210340993794997	0.0808142071632587	-2.60277247254399	4	48	9.43783606821569e-10	48	9.43783606821569e-10	A
Diet.5mo.as.AL	EubacteriumG	20	-0.387019246149006	0.0782023126011687	-4.94894886450227	4	48	9.43783606821569e-10	48	9.43783606821569e-10	A
Diet.5mo.as.AL	EubacteriumG	40	-0.517099016082762	0.0814245574906009	-6.35065184287249	4	48	9.43783606821569e-10	48	9.43783606821569e-10	A
Diet.5mo.as.AL	EubacteriumJ	AL	0	NA	NA	4	178.8	0	178.8	0	A
Diet.5mo.as.AL	EubacteriumJ	1D	-0.218539115884106	0.0689960780377646	-3.16741359942937	4	178.8	0	178.8	0	A
Diet.5mo.as.AL	EubacteriumJ	2D	-0.319289585116315	0.068208537142675	-4.68107950253269	4	178.8	0	178.8	0	A
Diet.5mo.as.AL	EubacteriumJ	20	-0.504544487777664	0.0670899545649054	-7.52041778906778	4	178.8	0	178.8	0	A
Diet.5mo.as.AL	EubacteriumJ	40	-0.892847737805927	0.0699483292530204	-12.7643897622812	4	178.8	0	178.8	0	A
Diet.5mo.as.AL	Evtepia	AL	0	NA	NA	4	174.28	0	174.28	0	A
Diet.5mo.as.AL	Evtepia	1D	-0.131404695085852	0.0723839222016304	-1.81538511715095	4	174.28	0	174.28	0	A
Diet.5mo.as.AL	Evtepia	2D	-0.121338729082504	0.0712598737499521	-1.70276373921565	4	174.28	0	174.28	0	A
Diet.5mo.as.AL	Evtepia	20	-0.475210454372088	0.0701508259491474	-6.77412486513801	4	174.28	0	174.28	0	A
Diet.5mo.as.AL	Evtepia	40	-0.867094185161719	0.0730663886835232	-11.8672100918716	4	174.28	0	174.28	0	A
Diet.5mo.as.AL	Flavonifractor	AL	0	NA	NA	4	92.44	0	92.44	0	A
Diet.5mo.as.AL	Flavonifractor	1D	-0.168506341099847	0.0735752754096079	-2.29025770086131	4	92.44	0	92.44	0	A
Diet.5mo.as.AL	Flavonifractor	2D	-0.233952933546206	0.0732269671261321	-3.19490131474688	4	92.44	0	92.44	0	A
Diet.5mo.as.AL	Flavonifractor	20	-0.420309982807927	0.0717711258403994	-5.856254557614	4	92.44	0	92.44	0	A
Diet.5mo.as.AL	Flavonifractor	40	-0.675389102480416	0.0746651163706709	-9.04557757772027	4	92.44	0	92.44	0	A
Diet.5mo.as.AL	HungatellaA	AL	0	NA	NA	4	19.64	0.000588105781002435	19.64	0.000588105781002435	A
Diet.5mo.as.AL	HungatellaA	1D	-0.0451315049342369	0.0687056558876295	-0.656881945906332	4	19.64	0.000588105781002435	19.64	0.000588105781002435	A
Diet.5mo.as.AL	HungatellaA	2D	0.00994562558526406	0.0680773031927198	0.146093119422034	4	19.64	0.000588105781002435	19.64	0.000588105781002435	A
Diet.5mo.as.AL	HungatellaA	20	-0.0840354030449379	0.067078561431875	-1.25279077623458	4	19.64	0.000588105781002435	19.64	0.000588105781002435	A
Diet.5mo.as.AL	HungatellaA	40	-0.276354542574742	0.0699439200024138	-3.95108742211195	4	19.64	0.000588105781002435	19.64	0.000588105781002435	A
Diet.5mo.as.AL	Ileibacterium	AL	0	NA	NA	4	116.64	0	116.64	0	A
Diet.5mo.as.AL	Ileibacterium	1D	0.0111894046925122	0.0690859672470982	0.161963494735354	4	116.64	0	116.64	0	A
Diet.5mo.as.AL	Ileibacterium	2D	0.536696665631141	0.067804668571311	7.91533499004852	4	116.64	0	116.64	0	A
Diet.5mo.as.AL	Ileibacterium	20	0.231840032670856	0.0661761578290696	3.50337705113811	4	116.64	0	116.64	0	A
Diet.5mo.as.AL	Ileibacterium	40	0.520750757966861	0.0700142170234078	7.43778592557508	4	116.64	0	116.64	0	A
Diet.5mo.as.AL	Kineothrix	AL	0	NA	NA	4	168.68	0	168.68	0	A
Diet.5mo.as.AL	Kineothrix	1D	0.206819759761255	0.0722790678659803	2.86140601791849	4	168.68	0	168.68	0	A
Diet.5mo.as.AL	Kineothrix	2D	0.519976312233983	0.0716073110547313	7.26149752832574	4	168.68	0	168.68	0	A
Diet.5mo.as.AL	Kineothrix	20	0.457218666414657	0.0699362572464178	6.53764848758869	4	168.68	0	168.68	0	A
Diet.5mo.as.AL	Kineothrix	40	0.885864498262403	0.0731981590707381	12.1022783838909	4	168.68	0	168.68	0	A
Diet.5mo.as.AL	Lachnospira	AL	0	NA	NA	4	156.6	0	156.6	0	A
Diet.5mo.as.AL	Lachnospira	1D	0.00957867462247226	0.0684707496447611	0.139894402678051	4	156.6	0	156.6	0	A
Diet.5mo.as.AL	Lachnospira	2D	-0.0412659726697141	0.0677275264344794	-0.609293958338128	4	156.6	0	156.6	0	A
Diet.5mo.as.AL	Lachnospira	20	-0.259720582814745	0.0664990809736661	-3.90562664945092	4	156.6	0	156.6	0	A
Diet.5mo.as.AL	Lachnospira	40	-0.755021858225233	0.069403665037072	-10.8787029881194	4	156.6	0	156.6	0	A
Diet.5mo.as.AL	LachnospiraceaeNOV	AL	0	NA	NA	4	17.164	0.00179614305272013	17.164	0.00179614305272013	A
Diet.5mo.as.AL	LachnospiraceaeNOV	1D	-0.129848531849702	0.0731466650239608	-1.77518047893458	4	17.164	0.00179614305272013	17.164	0.00179614305272013	A
Diet.5mo.as.AL	LachnospiraceaeNOV	2D	-0.0519787939973429	0.0724088084760252	-0.717851806863433	4	17.164	0.00179614305272013	17.164	0.00179614305272013	A
Diet.5mo.as.AL	LachnospiraceaeNOV	20	-0.201776058498362	0.0711926654798822	-2.83422536771544	4	17.164	0.00179614305272013	17.164	0.00179614305272013	A
Diet.5mo.as.AL	LachnospiraceaeNOV	40	-0.273375867811935	0.0739986641734465	-3.69433517301293	4	17.164	0.00179614305272013	17.164	0.00179614305272013	A
Diet.5mo.as.AL	Lactobacillus	AL	0	NA	NA	4	199.04	0	199.04	0	A
Diet.5mo.as.AL	Lactobacillus	1D	0.248302253956603	0.0687466657553022	3.61184431606346	4	199.04	0	199.04	0	A
Diet.5mo.as.AL	Lactobacillus	2D	0.823399712855237	0.0684759447443049	12.0246564823586	4	199.04	0	199.04	0	A
Diet.5mo.as.AL	Lactobacillus	20	0.538278480708935	0.0668394668761142	8.05330302389492	4	199.04	0	199.04	0	A
Diet.5mo.as.AL	Lactobacillus	40	0.720302443905103	0.0701964067161605	10.2612438100664	4	199.04	0	199.04	0	A
Diet.5mo.as.AL	Lawsonibacter	AL	0	NA	NA	4	58.28	6.6650018837322e-12	58.28	6.6650018837322e-12	A
Diet.5mo.as.AL	Lawsonibacter	1D	-0.131449461173636	0.0730589396920702	-1.7992248686837	4	58.28	6.6650018837322e-12	58.28	6.6650018837322e-12	A
Diet.5mo.as.AL	Lawsonibacter	2D	-0.208832159251153	0.071623994214836	-2.91567318383225	4	58.28	6.6650018837322e-12	58.28	6.6650018837322e-12	A
Diet.5mo.as.AL	Lawsonibacter	20	-0.427664558565883	0.0704800641584764	-6.06787981356356	4	58.28	6.6650018837322e-12	58.28	6.6650018837322e-12	A
Diet.5mo.as.AL	Lawsonibacter	40	-0.467645688702087	0.0735992064090839	-6.35395015134794	4	58.28	6.6650018837322e-12	58.28	6.6650018837322e-12	A
Diet.5mo.as.AL	Ligilactobacillus	AL	0	NA	NA	4	160.28	0	160.28	0	A
Diet.5mo.as.AL	Ligilactobacillus	1D	0.378919362148796	0.0689919600208797	5.49222492061568	4	160.28	0	160.28	0	A
Diet.5mo.as.AL	Ligilactobacillus	2D	0.546367151710562	0.0679222213033172	8.04401183039458	4	160.28	0	160.28	0	A
Diet.5mo.as.AL	Ligilactobacillus	20	0.485168556130329	0.0634886264322218	7.64181843890224	4	160.28	0	160.28	0	A
Diet.5mo.as.AL	Ligilactobacillus	40	0.819115237537015	0.068338269438868	11.9861864261833	4	160.28	0	160.28	0	A
Diet.5mo.as.AL	Limosilactobacillus	AL	0	NA	NA	4	149.04	0	149.04	0	A
Diet.5mo.as.AL	Limosilactobacillus	1D	0.223174017397903	0.0782030260435194	2.85377726014986	4	149.04	0	149.04	0	A
Diet.5mo.as.AL	Limosilactobacillus	2D	0.681973063416267	0.0779853673383733	8.74488492767151	4	149.04	0	149.04	0	A
Diet.5mo.as.AL	Limosilactobacillus	20	0.577511970533517	0.0755734888644468	7.64172700256538	4	149.04	0	149.04	0	A
Diet.5mo.as.AL	Limosilactobacillus	40	0.794271726053601	0.0792320794965745	10.024622994881	4	149.04	0	149.04	0	A
Diet.5mo.as.AL	Mailhella	AL	0	NA	NA	4	42.88	1.09584508134475e-08	42.88	1.09584508134475e-08	A
Diet.5mo.as.AL	Mailhella	1D	0.19158460512347	0.0794804696211807	2.41046141318237	4	42.88	1.09584508134475e-08	42.88	1.09584508134475e-08	A
Diet.5mo.as.AL	Mailhella	2D	0.353592743348025	0.0792918842039529	4.45938127083122	4	42.88	1.09584508134475e-08	42.88	1.09584508134475e-08	A
Diet.5mo.as.AL	Mailhella	20	0.09376511124935	0.0767661469059112	1.2214382905563	4	42.88	1.09584508134475e-08	42.88	1.09584508134475e-08	A
Diet.5mo.as.AL	Mailhella	40	-0.173823008479404	0.0804500220161958	-2.16063344823462	4	42.88	1.09584508134475e-08	42.88	1.09584508134475e-08	A
Diet.5mo.as.AL	MarseilleP3106	AL	0	NA	NA	4	14.328	0.00631854856236502	14.328	0.00631854856236502	A
Diet.5mo.as.AL	MarseilleP3106	1D	0.130762094962394	0.072459589297171	1.80462097882053	4	14.328	0.00631854856236502	14.328	0.00631854856236502	A
Diet.5mo.as.AL	MarseilleP3106	2D	0.0805571448777497	0.0712934346106248	1.12993777502402	4	14.328	0.00631854856236502	14.328	0.00631854856236502	A
Diet.5mo.as.AL	MarseilleP3106	20	0.255237437290106	0.0704092725544191	3.62505431500992	4	14.328	0.00631854856236502	14.328	0.00631854856236502	A
Diet.5mo.as.AL	MarseilleP3106	40	0.0643050862241983	0.0731635526637538	0.878922412635327	4	14.328	0.00631854856236502	14.328	0.00631854856236502	A
Diet.5mo.as.AL	MuribaculaceaeNOV	AL	0	NA	NA	4	33.788	8.2363815245845e-07	33.788	8.2363815245845e-07	A
Diet.5mo.as.AL	MuribaculaceaeNOV	1D	0.222853630126545	0.0768421300620899	2.90014904514587	4	33.788	8.2363815245845e-07	33.788	8.2363815245845e-07	A
Diet.5mo.as.AL	MuribaculaceaeNOV	2D	0.0849393747577815	0.0761443140584763	1.11550515370788	4	33.788	8.2363815245845e-07	33.788	8.2363815245845e-07	A
Diet.5mo.as.AL	MuribaculaceaeNOV	20	0.186040695904116	0.071827236140402	2.59011352658007	4	33.788	8.2363815245845e-07	33.788	8.2363815245845e-07	A
Diet.5mo.as.AL	MuribaculaceaeNOV	40	0.429566712869932	0.0768772018732219	5.5876996353006	4	33.788	8.2363815245845e-07	33.788	8.2363815245845e-07	A
Diet.5mo.as.AL	Muribaculum	AL	0	NA	NA	4	71.6	1.04360964314765e-14	71.6	1.04360964314765e-14	A
Diet.5mo.as.AL	Muribaculum	1D	0.289129850783773	0.0730362058450449	3.95871947944827	4	71.6	1.04360964314765e-14	71.6	1.04360964314765e-14	A
Diet.5mo.as.AL	Muribaculum	2D	0.491643900317372	0.0718323441627465	6.8443248796598	4	71.6	1.04360964314765e-14	71.6	1.04360964314765e-14	A
Diet.5mo.as.AL	Muribaculum	20	0.350648226950611	0.0698675001433568	5.01876017076807	4	71.6	1.04360964314765e-14	71.6	1.04360964314765e-14	A
Diet.5mo.as.AL	Muribaculum	40	0.541443416064586	0.0739252628908114	7.32420007574818	4	71.6	1.04360964314765e-14	71.6	1.04360964314765e-14	A
Diet.5mo.as.AL	Oscillibacter	AL	0	NA	NA	4	36.508	2.27462335966599e-07	36.508	2.27462335966599e-07	A
Diet.5mo.as.AL	Oscillibacter	1D	-0.0906713558050422	0.0674693279104069	-1.34389001066448	4	36.508	2.27462335966599e-07	36.508	2.27462335966599e-07	A
Diet.5mo.as.AL	Oscillibacter	2D	-0.272892179199452	0.0658627732923738	-4.14334479946732	4	36.508	2.27462335966599e-07	36.508	2.27462335966599e-07	A
Diet.5mo.as.AL	Oscillibacter	20	-0.305733242859879	0.0650257530508863	-4.70172552435688	4	36.508	2.27462335966599e-07	36.508	2.27462335966599e-07	A
Diet.5mo.as.AL	Oscillibacter	40	-0.30382771402049	0.0679830253790015	-4.46917024252257	4	36.508	2.27462335966599e-07	36.508	2.27462335966599e-07	A
Diet.5mo.as.AL	OscillospiraceaeNOV	AL	0	NA	NA	4	69.4	3.04201108747293e-14	69.4	3.04201108747293e-14	A
Diet.5mo.as.AL	OscillospiraceaeNOV	1D	-0.0340254725286062	0.067692059570776	-0.50265086842321	4	69.4	3.04201108747293e-14	69.4	3.04201108747293e-14	A
Diet.5mo.as.AL	OscillospiraceaeNOV	2D	-0.299837768589521	0.0663794973481299	-4.51702378849015	4	69.4	3.04201108747293e-14	69.4	3.04201108747293e-14	A
Diet.5mo.as.AL	OscillospiraceaeNOV	20	-0.329324398285903	0.0652367136009259	-5.04814513343647	4	69.4	3.04201108747293e-14	69.4	3.04201108747293e-14	A
Diet.5mo.as.AL	OscillospiraceaeNOV	40	-0.464576832186946	0.0685383511709866	-6.77834853406291	4	69.4	3.04201108747293e-14	69.4	3.04201108747293e-14	A
Diet.5mo.as.AL	Paramuribaculum	AL	0	NA	NA	4	192.44	0	192.44	0	A
Diet.5mo.as.AL	Paramuribaculum	1D	0.391946587560272	0.0708086548229261	5.53529209869087	4	192.44	0	192.44	0	A
Diet.5mo.as.AL	Paramuribaculum	2D	0.587122691376982	0.0699364971347719	8.39508290278766	4	192.44	0	192.44	0	A
Diet.5mo.as.AL	Paramuribaculum	20	0.731594078523541	0.0686976151906485	10.6494829040751	4	192.44	0	192.44	0	A
Diet.5mo.as.AL	Paramuribaculum	40	0.876970266548262	0.0718930128603449	12.1982683943405	4	192.44	0	192.44	0	A
Diet.5mo.as.AL	Parvibacter	AL	0	NA	NA	4	114.16	0	114.16	0	A
Diet.5mo.as.AL	Parvibacter	1D	0.317609290603571	0.0704058827161269	4.5111186501866	4	114.16	0	114.16	0	A
Diet.5mo.as.AL	Parvibacter	2D	0.433253630629781	0.0696990186310457	6.21606500549492	4	114.16	0	114.16	0	A
Diet.5mo.as.AL	Parvibacter	20	0.335114825237564	0.0680651268101634	4.92344378013449	4	114.16	0	114.16	0	A
Diet.5mo.as.AL	Parvibacter	40	-0.217987359168424	0.0716882132987072	-3.04076987189127	4	114.16	0	114.16	0	A
Diet.5mo.as.AL	PCoA1	AL	0	NA	NA	4	259.92	0	259.92	0	A
Diet.5mo.as.AL	PCoA1	1D	0.328178573542242	0.0627453718834089	5.23032318864969	4	259.92	0	259.92	0	A
Diet.5mo.as.AL	PCoA1	2D	0.613252303710029	0.0616332929420776	9.9500168567394	4	259.92	0	259.92	0	A
Diet.5mo.as.AL	PCoA1	20	0.62225276215801	0.0607774447383068	10.2382185502744	4	259.92	0	259.92	0	A
Diet.5mo.as.AL	PCoA1	40	0.950894411720683	0.0637561670976176	14.9145479568237	4	259.92	0	259.92	0	A
Diet.5mo.as.AL	PCoA2	AL	0	NA	NA	4	300.96	0	300.96	0	A
Diet.5mo.as.AL	PCoA2	1D	0.285546431713319	0.065755929373331	4.34251989797181	4	300.96	0	300.96	0	A
Diet.5mo.as.AL	PCoA2	2D	0.380014626984048	0.0645168998672494	5.89015634300424	4	300.96	0	300.96	0	A
Diet.5mo.as.AL	PCoA2	20	0.479910632837245	0.0635050397146078	7.55704799168645	4	300.96	0	300.96	0	A
Diet.5mo.as.AL	PCoA2	40	1.12143001296715	0.0664971528231652	16.8643312586533	4	300.96	0	300.96	0	A
Diet.5mo.as.AL	PCoA3	AL	0	NA	NA	4	8.996	0.0611995397291938	8.996	0.0611995397291938	A
Diet.5mo.as.AL	PCoA3	1D	0.00709765628227155	0.0776643578782924	0.0913888490959298	4	8.996	0.0611995397291938	8.996	0.0611995397291938	A
Diet.5mo.as.AL	PCoA3	2D	-0.113576290472553	0.0769397802126395	-1.47617123624035	4	8.996	0.0611995397291938	8.996	0.0611995397291938	A
Diet.5mo.as.AL	PCoA3	20	-0.0846768304169422	0.0738931232723162	-1.14593654547373	4	8.996	0.0611995397291938	8.996	0.0611995397291938	A
Diet.5mo.as.AL	PCoA3	40	-0.191025878935787	0.0782318830172357	-2.44179063021787	4	8.996	0.0611995397291938	8.996	0.0611995397291938	A
Diet.5mo.as.AL	Prevotella	AL	0	NA	NA	4	39.724	4.93627040354383e-08	39.724	4.93627040354383e-08	A
Diet.5mo.as.AL	Prevotella	1D	0.227183334980863	0.0811601090048722	2.79919948071071	4	39.724	4.93627040354383e-08	39.724	4.93627040354383e-08	A
Diet.5mo.as.AL	Prevotella	2D	0.486475522337522	0.0808497025981341	6.01703539659958	4	39.724	4.93627040354383e-08	39.724	4.93627040354383e-08	A
Diet.5mo.as.AL	Prevotella	20	0.234205916196222	0.0785246140618367	2.98257965345477	4	39.724	4.93627040354383e-08	39.724	4.93627040354383e-08	A
Diet.5mo.as.AL	Prevotella	40	0.10167694192286	0.0823091082961277	1.23530608006409	4	39.724	4.93627040354383e-08	39.724	4.93627040354383e-08	A
Diet.5mo.as.AL	Romboutsia	AL	0	NA	NA	4	193.44	0	193.44	0	A
Diet.5mo.as.AL	Romboutsia	1D	-0.142369740113743	0.0854224184329411	-1.66665546030528	4	193.44	0	193.44	0	A
Diet.5mo.as.AL	Romboutsia	2D	-0.128354002510927	0.0857194058762149	-1.49737391666339	4	193.44	0	193.44	0	A
Diet.5mo.as.AL	Romboutsia	20	0.0682514512160102	0.0819945747631216	0.832389843025411	4	193.44	0	193.44	0	A
Diet.5mo.as.AL	Romboutsia	40	0.95451863257987	0.0860664023546314	11.0904906730833	4	193.44	0	193.44	0	A
Diet.5mo.as.AL	Roseburia	AL	0	NA	NA	4	76.04	1.22124532708767e-15	76.04	1.22124532708767e-15	A
Diet.5mo.as.AL	Roseburia	1D	-0.431440456236906	0.0874594502127517	-4.93303416826191	4	76.04	1.22124532708767e-15	76.04	1.22124532708767e-15	A
Diet.5mo.as.AL	Roseburia	2D	-0.446459969068942	0.0867536843753003	-5.14629404253929	4	76.04	1.22124532708767e-15	76.04	1.22124532708767e-15	A
Diet.5mo.as.AL	Roseburia	20	-0.0656868959424312	0.0837868772438895	-0.783975941139657	4	76.04	1.22124532708767e-15	76.04	1.22124532708767e-15	A
Diet.5mo.as.AL	Roseburia	40	0.215755414865999	0.08783693918241	2.45631754560507	4	76.04	1.22124532708767e-15	76.04	1.22124532708767e-15	A
Diet.5mo.as.AL	RuminiclostridiumE	AL	0	NA	NA	4	87.52	0	87.52	0	A
Diet.5mo.as.AL	RuminiclostridiumE	1D	-0.0416739406863632	0.0855794294187889	-0.486962123601325	4	87.52	0	87.52	0	A
Diet.5mo.as.AL	RuminiclostridiumE	2D	-0.648029134474944	0.0853553000291357	-7.59213703488526	4	87.52	0	87.52	0	A
Diet.5mo.as.AL	RuminiclostridiumE	20	-0.259371727536191	0.0819060957477548	-3.1666962656232	4	87.52	0	87.52	0	A
Diet.5mo.as.AL	RuminiclostridiumE	40	-0.521288794455592	0.0860902912576284	-6.05514032814242	4	87.52	0	87.52	0	A
Diet.5mo.as.AL	Schaedlerella	AL	0	NA	NA	4	200.04	0	200.04	0	A
Diet.5mo.as.AL	Schaedlerella	1D	-0.168870904483998	0.0711485985815091	-2.37349586430063	4	200.04	0	200.04	0	A
Diet.5mo.as.AL	Schaedlerella	2D	-0.453800820020431	0.0703019623538626	-6.45502351323054	4	200.04	0	200.04	0	A
Diet.5mo.as.AL	Schaedlerella	20	-0.55790134960328	0.0688035286085007	-8.1086153702639	4	200.04	0	200.04	0	A
Diet.5mo.as.AL	Schaedlerella	40	-0.933558372921915	0.0720015850377986	-12.9658030782493	4	200.04	0	200.04	0	A
Diet.5mo.as.AL	Shannon	AL	0	NA	NA	4	53.6	6.38193942137377e-11	53.6	6.38193942137377e-11	A
Diet.5mo.as.AL	Shannon	1D	0.216456095232883	0.0721558882906767	2.99983965772689	4	53.6	6.38193942137377e-11	53.6	6.38193942137377e-11	A
Diet.5mo.as.AL	Shannon	2D	-0.102383640122706	0.0716953393412566	-1.42803759719134	4	53.6	6.38193942137377e-11	53.6	6.38193942137377e-11	A
Diet.5mo.as.AL	Shannon	20	0.280433991829253	0.0707121835664155	3.96585111200617	4	53.6	6.38193942137377e-11	53.6	6.38193942137377e-11	A
Diet.5mo.as.AL	Shannon	40	0.386381940178546	0.0731310649517643	5.28341738812904	4	53.6	6.38193942137377e-11	53.6	6.38193942137377e-11	A
Diet.5mo.as.AL	Simpson	AL	0	NA	NA	4	57.4	1.01977315480895e-11	57.4	1.01977315480895e-11	A
Diet.5mo.as.AL	Simpson	1D	0.284702427896344	0.0690214742066372	4.12483840962305	4	57.4	1.01977315480895e-11	57.4	1.01977315480895e-11	A
Diet.5mo.as.AL	Simpson	2D	0.135569421108205	0.0680362420704385	1.99260595504156	4	57.4	1.01977315480895e-11	57.4	1.01977315480895e-11	A
Diet.5mo.as.AL	Simpson	20	0.345536373758131	0.0674827256481933	5.12036777470297	4	57.4	1.01977315480895e-11	57.4	1.01977315480895e-11	A
Diet.5mo.as.AL	Simpson	40	0.481789878135443	0.0697075888105803	6.91158432469431	4	57.4	1.01977315480895e-11	57.4	1.01977315480895e-11	A
Diet.5mo.as.AL	Staphylococcus	AL	0	NA	NA	4	45.28	3.47712580950343e-09	45.28	3.47712580950343e-09	A
Diet.5mo.as.AL	Staphylococcus	1D	-0.15427011620469	0.0960652215548289	-1.6058893500458	4	45.28	3.47712580950343e-09	45.28	3.47712580950343e-09	A
Diet.5mo.as.AL	Staphylococcus	2D	-0.144627107985283	0.0954455836128032	-1.5152833951123	4	45.28	3.47712580950343e-09	45.28	3.47712580950343e-09	A
Diet.5mo.as.AL	Staphylococcus	20	0.131092982566475	0.0910403110043469	1.4399443622311	4	45.28	3.47712580950343e-09	45.28	3.47712580950343e-09	A
Diet.5mo.as.AL	Staphylococcus	40	0.436780296938757	0.0961177298439134	4.54422194165478	4	45.28	3.47712580950343e-09	45.28	3.47712580950343e-09	A
Diet.5mo.as.AL	TF0111	AL	0	NA	NA	4	217.84	0	217.84	0	A
Diet.5mo.as.AL	TF0111	1D	-0.216666163169766	0.0718029453166339	-3.01751080285524	4	217.84	0	217.84	0	A
Diet.5mo.as.AL	TF0111	2D	-0.256252415328744	0.0713690157254174	-3.59052752408188	4	217.84	0	217.84	0	A
Diet.5mo.as.AL	TF0111	20	-0.446858224717694	0.0696583433587533	-6.41499931194591	4	217.84	0	217.84	0	A
Diet.5mo.as.AL	TF0111	40	-1.03451176162237	0.0728765815413962	-14.1953936332034	4	217.84	0	217.84	0	A
Diet.5mo.as.AL	Turicibacter	AL	0	NA	NA	4	82.52	0	82.52	0	A
Diet.5mo.as.AL	Turicibacter	1D	-0.332479492850631	0.0816844058294316	-4.07029333781156	4	82.52	0	82.52	0	A
Diet.5mo.as.AL	Turicibacter	2D	-0.238653968420446	0.08247765041108	-2.89355925188172	4	82.52	0	82.52	0	A
Diet.5mo.as.AL	Turicibacter	20	-0.380274565554092	0.0784676602732043	-4.84625849974465	4	82.52	0	82.52	0	A
Diet.5mo.as.AL	Turicibacter	40	0.287023537496056	0.0824194129500302	3.48247490758123	4	82.52	0	82.52	0	A
Diet.5mo.as.AL	UBA11940	AL	0	NA	NA	4	58.08	7.34157179493877e-12	58.08	7.34157179493877e-12	A
Diet.5mo.as.AL	UBA11940	1D	-0.279331747122542	0.0824847872245309	-3.38646381377183	4	58.08	7.34157179493877e-12	58.08	7.34157179493877e-12	A
Diet.5mo.as.AL	UBA11940	2D	-0.532624335995039	0.0827906844349037	-6.43338486244583	4	58.08	7.34157179493877e-12	58.08	7.34157179493877e-12	A
Diet.5mo.as.AL	UBA11940	20	-0.414177410704439	0.0791486646286157	-5.23290459349956	4	58.08	7.34157179493877e-12	58.08	7.34157179493877e-12	A
Diet.5mo.as.AL	UBA11940	40	-0.460273856225872	0.083314416722571	-5.52454034166187	4	58.08	7.34157179493877e-12	58.08	7.34157179493877e-12	A
Diet.5mo.as.AL	UBA11957	AL	0	NA	NA	4	233.04	0	233.04	0	A
Diet.5mo.as.AL	UBA11957	1D	-0.410373531449744	0.074777022594234	-5.48796297596085	4	233.04	0	233.04	0	A
Diet.5mo.as.AL	UBA11957	2D	-0.747552480321	0.0749816267318695	-9.96980877721164	4	233.04	0	233.04	0	A
Diet.5mo.as.AL	UBA11957	20	-0.590781454725187	0.0717787513096807	-8.23058974899593	4	233.04	0	233.04	0	A
Diet.5mo.as.AL	UBA11957	40	-1.0690221759118	0.0755999621166261	-14.140512058229	4	233.04	0	233.04	0	A
Diet.5mo.as.AL	UBA1394	AL	0	NA	NA	4	57	1.2371659252608e-11	57	1.2371659252608e-11	A
Diet.5mo.as.AL	UBA1394	1D	0.0197822534456273	0.075011004229087	0.263724684783734	4	57	1.2371659252608e-11	57	1.2371659252608e-11	A
Diet.5mo.as.AL	UBA1394	2D	-0.204068745423356	0.0750919582561879	-2.7175845478306	4	57	1.2371659252608e-11	57	1.2371659252608e-11	A
Diet.5mo.as.AL	UBA1394	20	0.239851207428587	0.0729901969817873	3.28607425855332	4	57	1.2371659252608e-11	57	1.2371659252608e-11	A
Diet.5mo.as.AL	UBA1394	40	0.376250468642753	0.0763248076751978	4.92959602654876	4	57	1.2371659252608e-11	57	1.2371659252608e-11	A
Diet.5mo.as.AL	UBA1405	AL	0	NA	NA	4	46.8	1.67841340825703e-09	46.8	1.67841340825703e-09	A
Diet.5mo.as.AL	UBA1405	1D	-0.16675148968052	0.0815710430609432	-2.04424858899913	4	46.8	1.67841340825703e-09	46.8	1.67841340825703e-09	A
Diet.5mo.as.AL	UBA1405	2D	-0.366569833683372	0.0806869351745217	-4.5431126227623	4	46.8	1.67841340825703e-09	46.8	1.67841340825703e-09	A
Diet.5mo.as.AL	UBA1405	20	-0.396835054877406	0.0774432827491327	-5.12420239419474	4	46.8	1.67841340825703e-09	46.8	1.67841340825703e-09	A
Diet.5mo.as.AL	UBA1405	40	-0.456989862571555	0.0818526671021487	-5.58307845975564	4	46.8	1.67841340825703e-09	46.8	1.67841340825703e-09	A
Diet.5mo.as.AL	UBA2882	AL	0	NA	NA	4	99.12	0	99.12	0	A
Diet.5mo.as.AL	UBA2882	1D	-0.0681588166413011	0.0748009807295727	-0.911202179122692	4	99.12	0	99.12	0	A
Diet.5mo.as.AL	UBA2882	2D	-0.488023585701999	0.074810300176387	-6.52348118576375	4	99.12	0	99.12	0	A
Diet.5mo.as.AL	UBA2882	20	0.0207399721685841	0.0725171967088962	0.286000743407664	4	99.12	0	99.12	0	A
Diet.5mo.as.AL	UBA2882	40	0.335929983519422	0.0760728302716496	4.41589963617555	4	99.12	0	99.12	0	A
Diet.5mo.as.AL	UBA3282	AL	0	NA	NA	4	19.256	0.000699945577688599	19.256	0.000699945577688599	A
Diet.5mo.as.AL	UBA3282	1D	-0.0604531573429363	0.0727503393948613	-0.830967358307697	4	19.256	0.000699945577688599	19.256	0.000699945577688599	A
Diet.5mo.as.AL	UBA3282	2D	-0.135123501523057	0.0722028704924518	-1.87144223770415	4	19.256	0.000699945577688599	19.256	0.000699945577688599	A
Diet.5mo.as.AL	UBA3282	20	-0.128405166494353	0.070959774984538	-1.80954867067056	4	19.256	0.000699945577688599	19.256	0.000699945577688599	A
Diet.5mo.as.AL	UBA3282	40	-0.312678417477049	0.0737993655499288	-4.23687134905661	4	19.256	0.000699945577688599	19.256	0.000699945577688599	A
Diet.5mo.as.AL	UBA3700	AL	0	NA	NA	4	32.868	1.27116382764303e-06	32.868	1.27116382764303e-06	A
Diet.5mo.as.AL	UBA3700	1D	0.108237012695439	0.0756461086646436	1.43083384732026	4	32.868	1.27116382764303e-06	32.868	1.27116382764303e-06	A
Diet.5mo.as.AL	UBA3700	2D	-0.0789277486438653	0.0759517500201934	-1.03918275250907	4	32.868	1.27116382764303e-06	32.868	1.27116382764303e-06	A
Diet.5mo.as.AL	UBA3700	20	0.183716792146592	0.0734081005420775	2.50267737197866	4	32.868	1.27116382764303e-06	32.868	1.27116382764303e-06	A
Diet.5mo.as.AL	UBA3700	40	0.360265167084445	0.0768423418905918	4.68836787402173	4	32.868	1.27116382764303e-06	32.868	1.27116382764303e-06	A
Diet.5mo.as.AL	UBA3700NOV	AL	0	NA	NA	4	235.12	0	235.12	0	A
Diet.5mo.as.AL	UBA3700NOV	1D	0.29344344519182	0.071827717213188	4.08537896757691	4	235.12	0	235.12	0	A
Diet.5mo.as.AL	UBA3700NOV	2D	0.476562150131099	0.0714118756193003	6.67342995822812	4	235.12	0	235.12	0	A
Diet.5mo.as.AL	UBA3700NOV	20	0.626277997789276	0.0698786837600108	8.96236111058053	4	235.12	0	235.12	0	A
Diet.5mo.as.AL	UBA3700NOV	40	1.06475472918341	0.0727025359303629	14.6453588662062	4	235.12	0	235.12	0	A
Diet.5mo.as.AL	UBA3818	AL	0	NA	NA	4	66.2	1.43773881688958e-13	66.2	1.43773881688958e-13	A
Diet.5mo.as.AL	UBA3818	1D	-0.286435250471273	0.0751929416808739	-3.80933694131733	4	66.2	1.43773881688958e-13	66.2	1.43773881688958e-13	A
Diet.5mo.as.AL	UBA3818	2D	-0.425906718485688	0.0751904995835485	-5.66436878122399	4	66.2	1.43773881688958e-13	66.2	1.43773881688958e-13	A
Diet.5mo.as.AL	UBA3818	20	-0.508679558356397	0.0732059442156634	-6.94861003169136	4	66.2	1.43773881688958e-13	66.2	1.43773881688958e-13	A
Diet.5mo.as.AL	UBA3818	40	-0.436873662320406	0.0761992808213212	-5.73330427284249	4	66.2	1.43773881688958e-13	66.2	1.43773881688958e-13	A
Diet.5mo.as.AL	UBA7160	AL	0	NA	NA	4	52.52	1.07387210235288e-10	52.52	1.07387210235288e-10	A
Diet.5mo.as.AL	UBA7160	1D	0.195862779731232	0.0777934461420691	2.51772854198464	4	52.52	1.07387210235288e-10	52.52	1.07387210235288e-10	A
Diet.5mo.as.AL	UBA7160	2D	0.286493957293361	0.0773066517521863	3.70594186657759	4	52.52	1.07387210235288e-10	52.52	1.07387210235288e-10	A
Diet.5mo.as.AL	UBA7160	20	0.0411696044829975	0.0755744600980303	0.544755522296752	4	52.52	1.07387210235288e-10	52.52	1.07387210235288e-10	A
Diet.5mo.as.AL	UBA7160	40	-0.280072126585985	0.0786321433819674	-3.5618020130202	4	52.52	1.07387210235288e-10	52.52	1.07387210235288e-10	A
Diet.5mo.as.AL	UBA7173	AL	0	NA	NA	4	51.88	1.46149981006261e-10	51.88	1.46149981006261e-10	A
Diet.5mo.as.AL	UBA7173	1D	0.229409104248667	0.0719739639223817	3.18739015814201	4	51.88	1.46149981006261e-10	51.88	1.46149981006261e-10	A
Diet.5mo.as.AL	UBA7173	2D	0.321701838293669	0.071148718883712	4.52154084207012	4	51.88	1.46149981006261e-10	51.88	1.46149981006261e-10	A
Diet.5mo.as.AL	UBA7173	20	0.412081146565411	0.0697156955871479	5.91088051399114	4	51.88	1.46149981006261e-10	51.88	1.46149981006261e-10	A
Diet.5mo.as.AL	UBA7173	40	0.441983836044685	0.0732513016398718	6.03380180488296	4	51.88	1.46149981006261e-10	51.88	1.46149981006261e-10	A
Diet.5mo.as.AL	UBA7182	AL	0	NA	NA	4	366.48	0	366.48	0	A
Diet.5mo.as.AL	UBA7182	1D	-0.208099609016291	0.0665627637672884	-3.12636671373551	4	366.48	0	366.48	0	A
Diet.5mo.as.AL	UBA7182	2D	-0.4134892883231	0.0663066563903266	-6.23601476583312	4	366.48	0	366.48	0	A
Diet.5mo.as.AL	UBA7182	20	-0.560835107018867	0.0646150766058343	-8.67963231615557	4	366.48	0	366.48	0	A
Diet.5mo.as.AL	UBA7182	40	-1.23749510746244	0.0676684591826058	-18.2876205903109	4	366.48	0	366.48	0	A
Diet.5mo.as.AL	UBA946	AL	0	NA	NA	4	71.36	1.17683640610267e-14	71.36	1.17683640610267e-14	A
Diet.5mo.as.AL	UBA946	1D	-0.159576744390894	0.0757197658441598	-2.10746484239428	4	71.36	1.17683640610267e-14	71.36	1.17683640610267e-14	A
Diet.5mo.as.AL	UBA946	2D	-0.37626805601355	0.0757721595612415	-4.96578239543823	4	71.36	1.17683640610267e-14	71.36	1.17683640610267e-14	A
Diet.5mo.as.AL	UBA946	20	-0.0178170478265639	0.0736224452458765	-0.242005651497453	4	71.36	1.17683640610267e-14	71.36	1.17683640610267e-14	A
Diet.5mo.as.AL	UBA946	40	0.315731446202869	0.0769252367887067	4.10439355643584	4	71.36	1.17683640610267e-14	71.36	1.17683640610267e-14	A
Diet.5mo.as.AL	UBA9475	AL	0	NA	NA	4	25.956	3.22976742508363e-05	25.956	3.22976742508363e-05	A
Diet.5mo.as.AL	UBA9475	1D	-0.0931591587712749	0.0674605515737688	-1.38094273761465	4	25.956	3.22976742508363e-05	25.956	3.22976742508363e-05	A
Diet.5mo.as.AL	UBA9475	2D	-0.207562561711935	0.0664342100269052	-3.12433250320692	4	25.956	3.22976742508363e-05	25.956	3.22976742508363e-05	A
Diet.5mo.as.AL	UBA9475	20	-0.245351771653998	0.0653037192619516	-3.75708725975963	4	25.956	3.22976742508363e-05	25.956	3.22976742508363e-05	A
Diet.5mo.as.AL	UBA9475	40	-0.296946965085044	0.0684760039580774	-4.33651130207368	4	25.956	3.22976742508363e-05	25.956	3.22976742508363e-05	A
Diet.5mo.as.AL	UBA9502	AL	0	NA	NA	4	216.08	0	216.08	0	A
Diet.5mo.as.AL	UBA9502	1D	-0.307883709260137	0.0698175891536217	-4.40983014441664	4	216.08	0	216.08	0	A
Diet.5mo.as.AL	UBA9502	2D	-0.31504261094805	0.0689662797506284	-4.56806735243942	4	216.08	0	216.08	0	A
Diet.5mo.as.AL	UBA9502	20	-0.574810624243218	0.0676137713803469	-8.50138385285067	4	216.08	0	216.08	0	A
Diet.5mo.as.AL	UBA9502	40	-0.998099005250193	0.0706543721855799	-14.1265002345304	4	216.08	0	216.08	0	A
Diet.5mo.as.AL	UMGS1004	AL	0	NA	NA	4	173.28	0	173.28	0	A
Diet.5mo.as.AL	UMGS1004	1D	-0.0237571240439593	0.0797920297083093	-0.297738058936547	4	173.28	0	173.28	0	A
Diet.5mo.as.AL	UMGS1004	2D	0.0428425678339573	0.0803997098532	0.53286968214416	4	173.28	0	173.28	0	A
Diet.5mo.as.AL	UMGS1004	20	0.521384281073187	0.0773873847784245	6.7373291210966	4	173.28	0	173.28	0	A
Diet.5mo.as.AL	UMGS1004	40	0.894020798346148	0.08091872315851	11.0483799478011	4	173.28	0	173.28	0	A
Diet.5mo.as.AL	UMGS1217	AL	0	NA	NA	4	18.124	0.00116709905653434	18.124	0.00116709905653434	A
Diet.5mo.as.AL	UMGS1217	1D	-0.0261621007014843	0.0819379584726612	-0.319291585843127	4	18.124	0.00116709905653434	18.124	0.00116709905653434	A
Diet.5mo.as.AL	UMGS1217	2D	-0.273193699558104	0.0813423791436981	-3.35856539277618	4	18.124	0.00116709905653434	18.124	0.00116709905653434	A
Diet.5mo.as.AL	UMGS1217	20	-0.110135713204504	0.0793169914296692	-1.38855132071118	4	18.124	0.00116709905653434	18.124	0.00116709905653434	A
Diet.5mo.as.AL	UMGS1217	40	-0.249979338886994	0.0826044788948651	-3.02622015454096	4	18.124	0.00116709905653434	18.124	0.00116709905653434	A
Diet.5mo.as.AL	UMGS1370	AL	0	NA	NA	4	257.32	0	257.32	0	A
Diet.5mo.as.AL	UMGS1370	1D	-0.383727579007949	0.0717900386093355	-5.34513682456843	4	257.32	0	257.32	0	A
Diet.5mo.as.AL	UMGS1370	2D	-0.514238413065313	0.0718064360789351	-7.16145294413475	4	257.32	0	257.32	0	A
Diet.5mo.as.AL	UMGS1370	20	-0.645455322925627	0.069945697203518	-9.22794894798995	4	257.32	0	257.32	0	A
Diet.5mo.as.AL	UMGS1370	40	-1.13338230839048	0.072873667045816	-15.5527003695027	4	257.32	0	257.32	0	A
Diet.5mo.as.AL	UMGS1815	AL	0	NA	NA	4	564.8	0	564.8	0	A
Diet.5mo.as.AL	UMGS1815	1D	0.410492298230543	0.0661406630968252	6.20635293041455	4	564.8	0	564.8	0	A
Diet.5mo.as.AL	UMGS1815	2D	0.600633810877763	0.0657725327631554	9.13198542985451	4	564.8	0	564.8	0	A
Diet.5mo.as.AL	UMGS1815	20	1.13814117680708	0.0642012756085326	17.7277034765929	4	564.8	0	564.8	0	A
Diet.5mo.as.AL	UMGS1815	40	1.40178266459907	0.0671091810214511	20.8880907688472	4	564.8	0	564.8	0	A
Diet.5mo.as.AL	UMGS1872	AL	0	NA	NA	4	114.28	0	114.28	0	A
Diet.5mo.as.AL	UMGS1872	1D	-0.0361257721179796	0.0708175228538837	-0.510124763789283	4	114.28	0	114.28	0	A
Diet.5mo.as.AL	UMGS1872	2D	0.00680486197888429	0.0704222287211599	0.0966294606469849	4	114.28	0	114.28	0	A
Diet.5mo.as.AL	UMGS1872	20	-0.265750692698085	0.068976946710757	-3.85274653881774	4	114.28	0	114.28	0	A
Diet.5mo.as.AL	UMGS1872	40	-0.67265995079958	0.0721087601099554	-9.3284082235483	4	114.28	0	114.28	0	A
Diet.5mo.as.AL	UMGS268	AL	0	NA	NA	4	20.128	0.000471164435161264	20.128	0.000471164435161264	A
Diet.5mo.as.AL	UMGS268	1D	-0.0858547457156915	0.0716923169436251	-1.19754458184415	4	20.128	0.000471164435161264	20.128	0.000471164435161264	A
Diet.5mo.as.AL	UMGS268	2D	-0.220351491029995	0.0712251527624919	-3.09373139240264	4	20.128	0.000471164435161264	20.128	0.000471164435161264	A
Diet.5mo.as.AL	UMGS268	20	-0.057270477726173	0.0696659669499995	-0.822072530296997	4	20.128	0.000471164435161264	20.128	0.000471164435161264	A
Diet.5mo.as.AL	UMGS268	40	0.116140603983824	0.0728637615327091	1.59394192038367	4	20.128	0.000471164435161264	20.128	0.000471164435161264	A
Diet.5mo.as.AL	uniq	AL	0	NA	NA	4	53.8	5.79538639300381e-11	53.8	5.79538639300381e-11	A
Diet.5mo.as.AL	uniq	1D	0.245830563479577	0.0705785291808039	3.48307858399574	4	53.8	5.79538639300381e-11	53.8	5.79538639300381e-11	A
Diet.5mo.as.AL	uniq	2D	0.334050675083305	0.0698679150562478	4.78117423161081	4	53.8	5.79538639300381e-11	53.8	5.79538639300381e-11	A
Diet.5mo.as.AL	uniq	20	0.325925968264344	0.0685715046371231	4.75308176463573	4	53.8	5.79538639300381e-11	53.8	5.79538639300381e-11	A
Diet.5mo.as.AL	uniq	40	0.48626388996484	0.071434954036538	6.80708620203105	4	53.8	5.79538639300381e-11	53.8	5.79538639300381e-11	A
Diet.5mo.as.AL	X142	AL	0	NA	NA	4	145.72	0	145.72	0	A
Diet.5mo.as.AL	X142	1D	-0.119156960580392	0.0690992615217516	-1.72443175160249	4	145.72	0	145.72	0	A
Diet.5mo.as.AL	X142	2D	-0.00794924929224708	0.0684033917706912	-0.116211332310763	4	145.72	0	145.72	0	A
Diet.5mo.as.AL	X142	20	-0.431989496560982	0.0672915418921166	-6.41967005680384	4	145.72	0	145.72	0	A
Diet.5mo.as.AL	X142	40	-0.726946056402009	0.0702991014341094	-10.3407588656502	4	145.72	0	145.72	0	A
Diet.5mo.as.AL	X1XD4269	AL	0	NA	NA	4	28.676	9.09608378241167e-06	28.676	9.09608378241167e-06	A
Diet.5mo.as.AL	X1XD4269	1D	-0.116559277636696	0.0714692821142271	-1.63090035590958	4	28.676	9.09608378241167e-06	28.676	9.09608378241167e-06	A
Diet.5mo.as.AL	X1XD4269	2D	-0.245067900455807	0.0700834425991488	-3.49680168905949	4	28.676	9.09608378241167e-06	28.676	9.09608378241167e-06	A
Diet.5mo.as.AL	X1XD4269	20	0.0452351208774213	0.0690111944716869	0.655475118547322	4	28.676	9.09608378241167e-06	28.676	9.09608378241167e-06	A
Diet.5mo.as.AL	X1XD4269	40	0.123780401937661	0.0720890848444596	1.71704776395388	4	28.676	9.09608378241167e-06	28.676	9.09608378241167e-06	A
Diet.5mo.as.AL	X1XD876	AL	0	NA	NA	4	22.908	0.000132099102104322	22.908	0.000132099102104322	A
Diet.5mo.as.AL	X1XD876	1D	-0.1136749207527	0.0758314769624401	-1.49904664007803	4	22.908	0.000132099102104322	22.908	0.000132099102104322	A
Diet.5mo.as.AL	X1XD876	2D	-0.208217586165682	0.0756156388349867	-2.75363125107054	4	22.908	0.000132099102104322	22.908	0.000132099102104322	A
Diet.5mo.as.AL	X1XD876	20	-0.248374467076832	0.0739223979639223	-3.35993520120993	4	22.908	0.000132099102104322	22.908	0.000132099102104322	A
Diet.5mo.as.AL	X1XD876	40	-0.330123240818451	0.0771429879577415	-4.27936808721086	4	22.908	0.000132099102104322	22.908	0.000132099102104322	A
