fixef	feature	fixef.value	solution	std.error	z.ratio	Df	Wald(inc)	Pr(chisq)(inc)	Wald(con)	Pr(chisq)(con)	Margin
(Intercept)	Acetatifactor	NA	0.0300488296862656	0.336800078321136	0.0892185947107005	1	0.002133	0.963163265877708	0.002133	0.963163265877708	 
(Intercept)	Acutalibacter	NA	0.52153344523307	0.260721742932618	2.00034503976087	1	0.0002409	0.987616567967208	0.0002409	0.987616567967208	 
(Intercept)	Adlercreutzia	NA	-0.443319096454799	0.218099857531746	-2.03264276039369	1	0.09463	0.758371579581632	0.09463	0.758371579581632	 
(Intercept)	AF3328	NA	-0.0298676005077567	0.333189448334952	-0.089641495722671	1	0.004504	0.946492662663958	0.004504	0.946492662663958	 
(Intercept)	Akkermansia	NA	-0.528431873688895	0.264435029161086	-1.99834294028795	1	0.06166	0.803891222521778	0.06166	0.803891222521778	 
(Intercept)	Alistipes	NA	-0.181226594864417	0.258670849263561	-0.700606950417378	1	0.0907	0.763289129706561	0.0907	0.763289129706561	 
(Intercept)	AM0715	NA	0.517230148853152	0.129071853370597	4.00730395780446	1	0.1964	0.657642489950217	0.1964	0.657642489950217	 
(Intercept)	Anaerotignum	NA	-0.00817347175196064	0.258873248011208	-0.0315732576260903	1	0.08416	0.771737111953886	0.08416	0.771737111953886	 
(Intercept)	Anaerotruncus	NA	0.402003885804861	0.288798171252424	1.39198902839828	1	0.003158	0.955185599736309	0.003158	0.955185599736309	 
(Intercept)	AnaerovoracaceaeNOV	NA	-0.057211502354838	0.227113187302617	-0.25190744330758	1	0.009782	0.921214497821079	0.009782	0.921214497821079	 
(Intercept)	Angelakisella	NA	0.263607440944705	0.29166056779941	0.903815839534407	1	0.000167	0.989689346093172	0.000167	0.989689346093172	 
(Intercept)	ASF356	NA	0.274192074196111	0.119615004422036	2.2922882920999	1	0.000683	0.979150243928027	0.000683	0.979150243928027	 
(Intercept)	Bacteroides	NA	-0.544624478828222	0.203158451936992	-2.68078671419062	1	0.007291	0.931953447529165	0.007291	0.931953447529165	 
(Intercept)	Bifidobacterium	NA	-0.135613695435818	0.192412469677288	-0.704807207470846	1	0.00785	0.929399628682932	0.00785	0.929399628682932	 
(Intercept)	BorkfalkiaceaeNOV	NA	0.0168462106791541	0.177726209642532	0.0947874301322106	1	0.03191	0.85822532861331	0.03191	0.85822532861331	 
(Intercept)	ButyricicoccaceaeNOV	NA	0.419975556925599	0.199442321975392	2.1057494355557	1	0.002695	0.958597705456415	0.002695	0.958597705456415	 
(Intercept)	CAG115	NA	0.558277270731106	0.223950502402786	2.49286009516075	1	0.05784	0.809943066141435	0.05784	0.809943066141435	 
(Intercept)	CAG145	NA	0.0600728830976125	0.229249282916639	0.262041749196907	1	0.01242	0.911263434843104	0.01242	0.911263434843104	 
(Intercept)	CAG273	NA	0.111927047115093	0.256788314687092	0.43587282097116	1	0.004612	0.945855919124825	0.004612	0.945855919124825	 
(Intercept)	CAG274NOV	NA	0.597831594032312	0.14778900313762	4.04516967663431	1	0.001511	0.968992772560378	0.001511	0.968992772560378	 
(Intercept)	CAG303	NA	0.43379158045367	0.151152064094243	2.86990179759109	1	0.003028	0.956116741594821	0.003028	0.956116741594821	 
(Intercept)	CAG41	NA	0.353297019562023	0.127681053106503	2.76702776932242	1	0.01961	0.888631776075546	0.01961	0.888631776075546	 
(Intercept)	CAG475	NA	0.031462533132789	0.215097162151986	0.146271260940941	1	0.003526	0.952649338011083	0.003526	0.952649338011083	 
(Intercept)	CAG485	NA	-0.650682436664686	0.260697197482406	-2.4959318433356	1	0.08306	0.773192639550463	0.08306	0.773192639550463	 
(Intercept)	CAG510	NA	-0.00558621361782999	0.2654884915511	-0.0210412646709953	1	0.001568	0.968413638106198	0.001568	0.968413638106198	 
(Intercept)	CAG552NOV	NA	0.0460383597180745	0.313711190574011	0.146753960653543	1	0.0001816	0.989248109343437	0.0001816	0.989248109343437	 
(Intercept)	CAG56	NA	0.188038474001393	0.229821606254657	0.818193193694045	1	0.03976	0.8419505665637	0.03976	0.8419505665637	 
(Intercept)	CAG582	NA	-0.0125466006321191	0.257937107310633	-0.0486420924966384	1	6.43e-05	0.993602049233515	6.43e-05	0.993602049233515	 
(Intercept)	CAG776	NA	-0.125680391347101	0.301998735833432	-0.416161978295235	1	0.0047	0.945342608707651	0.0047	0.945342608707651	 
(Intercept)	CAG81	NA	0.195228149035778	0.227696603426456	0.857404748678365	1	0.07148	0.789193966034668	0.07148	0.789193966034668	 
(Intercept)	CAG873	NA	-0.440993565270358	0.322186316189147	-1.36875324342286	1	0.01007	0.920066948086365	0.01007	0.920066948086365	 
(Intercept)	CAG95	NA	0.14583463574539	0.214564797037761	0.679676432288773	1	0.01657	0.897575638968075	0.01657	0.897575638968075	 
(Intercept)	Chao1	NA	-0.142465280619502	0.15068894548983	-0.945426223246856	1	0.006431	0.936083347078806	0.006431	0.936083347078806	 
(Intercept)	Clostridium	NA	-0.0610108878981126	0.148753411603019	-0.410147822766805	1	0.1612	0.68805410069791	0.1612	0.68805410069791	 
(Intercept)	ClostridiumQ	NA	0.116276512768667	0.297970571508924	0.390228176493546	1	0.01324	0.90839344389056	0.01324	0.90839344389056	 
(Intercept)	COE1	NA	0.497088979290796	0.279279512003044	1.77989776523735	1	0.0004738	0.982633860074511	0.0004738	0.982633860074511	 
(Intercept)	D1663	NA	-0.0742712312751162	0.1889582812809	-0.393056238507519	1	3.448e-05	0.995314874871775	3.448e-05	0.995314874871775	 
(Intercept)	Desulfovibrio	NA	-0.0864921139330884	0.280504779737588	-0.308344528082558	1	0.002109	0.963370944667404	0.002109	0.963370944667404	 
(Intercept)	Dorea	NA	0.249772539811366	0.312077483589237	0.800354248370325	1	0.004227	0.948161752468436	0.004227	0.948161752468436	 
(Intercept)	Dubosiella	NA	0.123651915893576	0.268912935763215	0.459821375058189	1	0.0563	0.81244251656573	0.0563	0.81244251656573	 
(Intercept)	Duncaniella	NA	-0.548604318178424	0.309026046245408	-1.77526886436866	1	0.005132	0.942890015031162	0.005132	0.942890015031162	 
(Intercept)	Emergencia	NA	0.201210076667613	0.271386867203257	0.741414198635173	1	0.04686	0.828620076743081	0.04686	0.828620076743081	 
(Intercept)	EnterococcusD	NA	-0.168090053963667	0.132006439680746	-1.27334737888687	1	7.893e-07	0.999291139044575	7.893e-07	0.999291139044575	 
(Intercept)	ErysipelatoclostridiaceaeNOV	NA	-0.219875909295234	0.325448486843288	-0.675608946374084	1	0.008472	0.926663503688181	0.008472	0.926663503688181	 
(Intercept)	Erysipelatoclostridium	NA	-0.460714366886999	0.147018937045148	-3.13370764437997	1	0.4113	0.52131041315711	0.4113	0.52131041315711	 
(Intercept)	ErysipelotrichaceaeNOV	NA	-0.160867149902423	0.246989063223378	-0.651312846824046	1	0.0002175	0.988233319826673	0.0002175	0.988233319826673	 
(Intercept)	Escherichia	NA	-0.39006944838448	0.133210230048194	-2.92822441822491	1	0.1008	0.750871706778346	0.1008	0.750871706778346	 
(Intercept)	EubacteriumF	NA	0.0940336409985282	0.285189342673912	0.329723544775119	1	0.03358	0.854603068402369	0.03358	0.854603068402369	 
(Intercept)	EubacteriumG	NA	0.271264307329777	0.247424655491417	1.09635115704622	1	0.02063	0.88579148657666	0.02063	0.88579148657666	 
(Intercept)	EubacteriumJ	NA	0.372925209821502	0.128523448265994	2.90161223382127	1	0.06872	0.793209656012442	0.06872	0.793209656012442	 
(Intercept)	Evtepia	NA	0.31675210740583	0.284681726365872	1.11265345847573	1	0.004834	0.944570163103186	0.004834	0.944570163103186	 
(Intercept)	Flavonifractor	NA	0.279070466123236	0.227324400370387	1.22763093477223	1	0.00608	0.937848452805976	0.00608	0.937848452805976	 
(Intercept)	HungatellaA	NA	0.0733770648230902	0.294547607195487	0.249117843875034	1	0.0007022	0.978859286070578	0.0007022	0.978859286070578	 
(Intercept)	Ileibacterium	NA	-0.394778913442871	0.271764417046028	-1.4526512254031	1	0.02476	0.874966568883261	0.02476	0.874966568883261	 
(Intercept)	Kineothrix	NA	-0.41252359943111	0.284085345805144	-1.45211150635719	1	0.0002549	0.987261844996886	0.0002549	0.987261844996886	 
(Intercept)	Lachnospira	NA	0.164465526679954	0.167135624882117	0.984024362226508	1	0.001932	0.964940655029696	0.001932	0.964940655029696	 
(Intercept)	LachnospiraceaeNOV	NA	0.196949087130113	0.260415725477407	0.756287227927793	1	0.002994	0.956363562254522	0.002994	0.956363562254522	 
(Intercept)	Lactobacillus	NA	-0.453795157034944	0.294382884621933	-1.54151338525587	1	0.02069	0.885626666537999	0.02069	0.885626666537999	 
(Intercept)	Lawsonibacter	NA	0.280037134734609	0.265561319078573	1.05451025663776	1	0.001248	0.971818959218581	0.001248	0.971818959218581	 
(Intercept)	Ligilactobacillus	NA	-0.553767641433263	0.230314485196901	-2.40439779964267	1	0.4619	0.496737341884976	0.4619	0.496737341884976	 
(Intercept)	Limosilactobacillus	NA	-0.463839239908495	0.244798214427497	-1.89478195743079	1	0.1015	0.750036947192554	0.1015	0.750036947192554	 
(Intercept)	Mailhella	NA	-0.176769049271368	0.267807907949463	-0.660059109623923	1	0.02645	0.870806174560504	0.02645	0.870806174560504	 
(Intercept)	MarseilleP3106	NA	-0.170730707620827	0.132307549547008	-1.29040790344445	1	0.0005883	0.980649289984	0.0005883	0.980649289984	 
(Intercept)	MuribaculaceaeNOV	NA	-0.263046828417241	0.284660504495667	-0.924072093820254	1	0.1063	0.74439650680597	0.1063	0.74439650680597	 
(Intercept)	Muribaculum	NA	-0.271623646786641	0.266338070302336	-1.01984536599783	1	0.04365	0.834506144235233	0.04365	0.834506144235233	 
(Intercept)	Oscillibacter	NA	0.223868139689702	0.22443324707215	0.997482069212917	1	0.0001276	0.990987274110449	0.0001276	0.990987274110449	 
(Intercept)	OscillospiraceaeNOV	NA	0.314850678558293	0.218309692979018	1.44222033507488	1	0.005189	0.942574281938608	0.005189	0.942574281938608	 
(Intercept)	Paramuribaculum	NA	-0.705184693740798	0.288711424170008	-2.44252438492198	1	0.01409	0.905512001980549	0.01409	0.905512001980549	 
(Intercept)	Parvibacter	NA	-0.459952616581789	0.353323190372569	-1.30179005826587	1	0.01387	0.906249136645544	0.01387	0.906249136645544	 
(Intercept)	PCoA1	NA	-0.677997796071209	0.320425521733829	-2.1159294440797	1	0.0001452	0.990385806474836	0.0001452	0.990385806474836	 
(Intercept)	PCoA2	NA	-0.450925230737683	0.290278094833694	-1.55342493547792	1	0.01112	0.916017623658166	0.01112	0.916017623658166	 
(Intercept)	PCoA3	NA	-0.00570090621973792	0.19915401629815	-0.0286256151179155	1	0.04789	0.826776369544276	0.04789	0.826776369544276	 
(Intercept)	Prevotella	NA	-0.400137595346276	0.32827207967111	-1.21892058486109	1	0.01198	0.912843050502063	0.01198	0.912843050502063	 
(Intercept)	Romboutsia	NA	-0.212938133521157	0.24004476231659	-0.887076774623883	1	0.05527	0.814134436536625	0.05527	0.814134436536625	 
(Intercept)	Roseburia	NA	0.371125238530866	0.153538261854472	2.4171514907641	1	0.0002969	0.986252501835478	0.0002969	0.986252501835478	 
(Intercept)	RuminiclostridiumE	NA	0.260907686547199	0.197212158869392	1.32297971911555	1	0.0509	0.821504542014674	0.0509	0.821504542014674	 
(Intercept)	Schaedlerella	NA	0.472209545617773	0.287376767055169	1.64317230810492	1	0.004447	0.946831814760669	0.004447	0.946831814760669	 
(Intercept)	Shannon	NA	-0.0971599737877066	0.121934908517992	-0.796818359636281	1	0.0007886	0.977596732211115	0.0007886	0.977596732211115	 
(Intercept)	Simpson	NA	-0.213532732036144	0.203193063494806	-1.05088593263717	1	0.004366	0.947317545890417	0.004366	0.947317545890417	 
(Intercept)	Staphylococcus	NA	0.0787957807835236	0.190789632784579	0.41299823073978	1	0.011	0.916470327009363	0.011	0.916470327009363	 
(Intercept)	TF0111	NA	0.417200370281372	0.215681662667633	1.93433398612232	1	0.01335	0.908015373605341	0.01335	0.908015373605341	 
(Intercept)	Turicibacter	NA	0.274784948256723	0.22083775056449	1.24428431078626	1	0.001757	0.9665651960319	0.001757	0.9665651960319	 
(Intercept)	UBA11940	NA	0.319139557962766	0.24801579765399	1.28677108870299	1	0.0002209	0.988141713730685	0.0002209	0.988141713730685	 
(Intercept)	UBA11957	NA	0.715813471192906	0.236270106677253	3.02964044524987	1	0.02018	0.88703551436721	0.02018	0.88703551436721	 
(Intercept)	UBA1394	NA	-0.155726012034466	0.332677387027035	-0.468099179887483	1	0.004681	0.945453025668899	0.004681	0.945453025668899	 
(Intercept)	UBA1405	NA	0.341060041272651	0.239069958708182	1.42661187175324	1	0.000486	0.98241173423256	0.000486	0.98241173423256	 
(Intercept)	UBA2882	NA	0.179431846742995	0.263175290914411	0.681795947178603	1	0.01889	0.890682307105263	0.01889	0.890682307105263	 
(Intercept)	UBA3282	NA	0.185730445488229	0.253602737133393	0.732367669164926	1	0.006207	0.937204020008325	0.006207	0.937204020008325	 
(Intercept)	UBA3700	NA	-0.117489977263043	0.271877418284057	-0.432143198962886	1	0.01489	0.902879545621183	0.01489	0.902879545621183	 
(Intercept)	UBA3700NOV	NA	-0.476810241920034	0.106055479239057	-4.4958567472527	1	0.0006917	0.979017903276284	0.0006917	0.979017903276284	 
(Intercept)	UBA3818	NA	0.534718665961714	0.11804559512897	4.52976382030615	1	0.6984	0.403321840230394	0.6984	0.403321840230394	 
(Intercept)	UBA7160	NA	-0.0610103714158499	0.23366421413323	-0.261102760823543	1	0.01001	0.920304640209254	0.01001	0.920304640209254	 
(Intercept)	UBA7173	NA	-0.464426572117684	0.298689132395167	-1.5548827250375	1	0.011	0.916470327009363	0.011	0.916470327009363	 
(Intercept)	UBA7182	NA	0.478791625972674	0.217360203399428	2.20275661544552	1	0.007601	0.93052548434549	0.007601	0.93052548434549	 
(Intercept)	UBA946	NA	-0.0232289013603858	0.220754144504849	-0.105225210663601	1	0.02294	0.879613204822848	0.02294	0.879613204822848	 
(Intercept)	UBA9475	NA	0.311704777506807	0.330497401461747	0.943138360931665	1	0.001617	0.96792415976215	0.001617	0.96792415976215	 
(Intercept)	UBA9502	NA	0.351690489889229	0.280712571519193	1.25284909039132	1	0.003836	0.950614236445578	0.003836	0.950614236445578	 
(Intercept)	UMGS1004	NA	-0.292876836971058	0.149960842614263	-1.95302208140035	1	0.00835	0.927191976350137	0.00835	0.927191976350137	 
(Intercept)	UMGS1217	NA	0.142594812347095	0.20368774800444	0.700065731710022	1	5.254e-05	0.99421662580656	5.254e-05	0.99421662580656	 
(Intercept)	UMGS1370	NA	0.609003469168881	0.200266996919227	3.04095771413853	1	0.0003243	0.985632206989368	0.0003243	0.985632206989368	 
(Intercept)	UMGS1815	NA	-0.86251998420093	0.236309419897467	-3.64996022831071	1	0.1572	0.691747601815087	0.1572	0.691747601815087	 
(Intercept)	UMGS1872	NA	0.176534052362696	0.305969376041558	0.576966409666824	1	0.01078	0.917306814889509	0.01078	0.917306814889509	 
(Intercept)	UMGS268	NA	0.174094749020356	0.139697761358827	1.24622432977417	1	0.3061	0.580083300315025	0.3061	0.580083300315025	 
(Intercept)	uniq	NA	-0.608794431430068	0.125287889723352	-4.85916422388744	1	0.5823	0.445412203897738	0.5823	0.445412203897738	 
(Intercept)	X142	NA	0.250943980630432	0.248290157166864	1.01068839576184	1	0.004235	0.948112790390729	0.004235	0.948112790390729	 
(Intercept)	X1XD4269	NA	-0.125459049679313	0.23306120055441	-0.538309462840098	1	0.01664	0.89736071582665	0.01664	0.89736071582665	 
(Intercept)	X1XD876	NA	0.141619169375962	0.232894744980551	0.608082287935646	1	0.0003878	0.984288563493154	0.0003878	0.984288563493154	 
Diet.5mo.as.AL	Acetatifactor	AL	0	NA	NA	4	5.756	0.218126427162932	5.756	0.218126427162932	A
Diet.5mo.as.AL	Acetatifactor	1D	-0.156931841588648	0.176781041150597	-0.887718731416225	4	5.756	0.218126427162932	5.756	0.218126427162932	A
Diet.5mo.as.AL	Acetatifactor	2D	0.123352346227913	0.178356219603785	0.691606642605105	4	5.756	0.218126427162932	5.756	0.218126427162932	A
Diet.5mo.as.AL	Acetatifactor	20	-0.218801358771933	0.157723719099892	-1.38724448054232	4	5.756	0.218126427162932	5.756	0.218126427162932	A
Diet.5mo.as.AL	Acetatifactor	40	0.0116892948120003	0.175759152292649	0.0665074601209783	4	5.756	0.218126427162932	5.756	0.218126427162932	A
Diet.5mo.as.AL	Acutalibacter	AL	0	NA	NA	4	60.04	2.84527956750935e-12	60.04	2.84527956750935e-12	A
Diet.5mo.as.AL	Acutalibacter	1D	-0.441195735726072	0.149126192639333	-2.95853952895532	4	60.04	2.84527956750935e-12	60.04	2.84527956750935e-12	A
Diet.5mo.as.AL	Acutalibacter	2D	-0.422904317324418	0.147200978895286	-2.87297218060798	4	60.04	2.84527956750935e-12	60.04	2.84527956750935e-12	A
Diet.5mo.as.AL	Acutalibacter	20	-0.653049753413509	0.143726059889619	-4.54371151560858	4	60.04	2.84527956750935e-12	60.04	2.84527956750935e-12	A
Diet.5mo.as.AL	Acutalibacter	40	-1.15375211314091	0.152891345573404	-7.54622250732292	4	60.04	2.84527956750935e-12	60.04	2.84527956750935e-12	A
Diet.5mo.as.AL	Adlercreutzia	AL	0	NA	NA	4	25.12	4.7590579904e-05	25.12	4.7590579904e-05	A
Diet.5mo.as.AL	Adlercreutzia	1D	0.225046275124717	0.176778059223173	1.2730441555567	4	25.12	4.7590579904e-05	25.12	4.7590579904e-05	A
Diet.5mo.as.AL	Adlercreutzia	2D	0.516329052484162	0.177879649621928	2.9026875956951	4	25.12	4.7590579904e-05	25.12	4.7590579904e-05	A
Diet.5mo.as.AL	Adlercreutzia	20	0.720881680862056	0.159029815433	4.53299702888587	4	25.12	4.7590579904e-05	25.12	4.7590579904e-05	A
Diet.5mo.as.AL	Adlercreutzia	40	0.523317039257053	0.175587217958037	2.9803823156542	4	25.12	4.7590579904e-05	25.12	4.7590579904e-05	A
Diet.5mo.as.AL	AF3328	AL	0	NA	NA	4	0.874	0.928260946937067	0.874	0.928260946937067	A
Diet.5mo.as.AL	AF3328	1D	0.0966677371566431	0.178083283207881	0.542823197188028	4	0.874	0.928260946937067	0.874	0.928260946937067	A
Diet.5mo.as.AL	AF3328	2D	-0.0170032480350266	0.176805325525319	-0.0961693206044958	4	0.874	0.928260946937067	0.874	0.928260946937067	A
Diet.5mo.as.AL	AF3328	20	0.0634751937630606	0.173697082045408	0.365436154802341	4	0.874	0.928260946937067	0.874	0.928260946937067	A
Diet.5mo.as.AL	AF3328	40	0.12319237636989	0.183133205031894	0.67269273394978	4	0.874	0.928260946937067	0.874	0.928260946937067	A
Diet.5mo.as.AL	Akkermansia	AL	0	NA	NA	4	36.1	2.75981252739754e-07	36.1	2.75981252739754e-07	A
Diet.5mo.as.AL	Akkermansia	1D	0.568387875511812	0.185175717075046	3.06945146204815	4	36.1	2.75981252739754e-07	36.1	2.75981252739754e-07	A
Diet.5mo.as.AL	Akkermansia	2D	1.07844634754498	0.190342356911382	5.66582428128213	4	36.1	2.75981252739754e-07	36.1	2.75981252739754e-07	A
Diet.5mo.as.AL	Akkermansia	20	0.159277907502113	0.160860965853504	0.990158840940734	4	36.1	2.75981252739754e-07	36.1	2.75981252739754e-07	A
Diet.5mo.as.AL	Akkermansia	40	0.533326730468807	0.18102323720311	2.94617828467186	4	36.1	2.75981252739754e-07	36.1	2.75981252739754e-07	A
Diet.5mo.as.AL	Alistipes	AL	0	NA	NA	4	6.792	0.147296905562195	6.792	0.147296905562195	A
Diet.5mo.as.AL	Alistipes	1D	0.0884838581277105	0.108995387690524	0.811812866604479	4	6.792	0.147296905562195	6.792	0.147296905562195	A
Diet.5mo.as.AL	Alistipes	2D	0.193082434354597	0.109570568074253	1.76217425671965	4	6.792	0.147296905562195	6.792	0.147296905562195	A
Diet.5mo.as.AL	Alistipes	20	0.196844867871036	0.0957042284763071	2.0568042917745	4	6.792	0.147296905562195	6.792	0.147296905562195	A
Diet.5mo.as.AL	Alistipes	40	0.0306616418026365	0.107252937615601	0.285881603658532	4	6.792	0.147296905562195	6.792	0.147296905562195	A
Diet.5mo.as.AL	AM0715	AL	0	NA	NA	4	25.176	4.6372082516899e-05	25.176	4.6372082516899e-05	A
Diet.5mo.as.AL	AM0715	1D	-0.622321161752545	0.172058598236503	-3.61691405213667	4	25.176	4.6372082516899e-05	25.176	4.6372082516899e-05	A
Diet.5mo.as.AL	AM0715	2D	-0.588278780586022	0.170178105805398	-3.45684174707369	4	25.176	4.6372082516899e-05	25.176	4.6372082516899e-05	A
Diet.5mo.as.AL	AM0715	20	-0.467606209885222	0.166284360217224	-2.81208773497621	4	25.176	4.6372082516899e-05	25.176	4.6372082516899e-05	A
Diet.5mo.as.AL	AM0715	40	-0.817989021488771	0.175468867263905	-4.66173307119214	4	25.176	4.6372082516899e-05	25.176	4.6372082516899e-05	A
Diet.5mo.as.AL	Anaerotignum	AL	0	NA	NA	4	8.056	0.0895482485268945	8.056	0.0895482485268945	A
Diet.5mo.as.AL	Anaerotignum	1D	0.0411338743163264	0.17834571072747	0.230641231283566	4	8.056	0.0895482485268945	8.056	0.0895482485268945	A
Diet.5mo.as.AL	Anaerotignum	2D	0.0334668089490034	0.18355922562612	0.182321584953566	4	8.056	0.0895482485268945	8.056	0.0895482485268945	A
Diet.5mo.as.AL	Anaerotignum	20	-0.11315634300943	0.149733675227247	-0.755717395153062	4	8.056	0.0895482485268945	8.056	0.0895482485268945	A
Diet.5mo.as.AL	Anaerotignum	40	-0.361510422043667	0.172431389873015	-2.09654647167141	4	8.056	0.0895482485268945	8.056	0.0895482485268945	A
Diet.5mo.as.AL	Anaerotruncus	AL	0	NA	NA	4	49.68	4.21131352013049e-10	49.68	4.21131352013049e-10	A
Diet.5mo.as.AL	Anaerotruncus	1D	-0.164974544473362	0.166224982278287	-0.99247743758016	4	49.68	4.21131352013049e-10	49.68	4.21131352013049e-10	A
Diet.5mo.as.AL	Anaerotruncus	2D	-0.314111664591979	0.165235452571308	-1.90099436715267	4	49.68	4.21131352013049e-10	49.68	4.21131352013049e-10	A
Diet.5mo.as.AL	Anaerotruncus	20	-0.60914870597024	0.158368948501577	-3.84638978621604	4	49.68	4.21131352013049e-10	49.68	4.21131352013049e-10	A
Diet.5mo.as.AL	Anaerotruncus	40	-1.06954529215472	0.169339764630351	-6.31597247397506	4	49.68	4.21131352013049e-10	49.68	4.21131352013049e-10	A
Diet.5mo.as.AL	AnaerovoracaceaeNOV	AL	0	NA	NA	4	32.444	1.5522386732636e-06	32.444	1.5522386732636e-06	A
Diet.5mo.as.AL	AnaerovoracaceaeNOV	1D	0.123572258101249	0.157312138721035	0.785522713669174	4	32.444	1.5522386732636e-06	32.444	1.5522386732636e-06	A
Diet.5mo.as.AL	AnaerovoracaceaeNOV	2D	0.423621211343356	0.160070373586413	2.64646856162091	4	32.444	1.5522386732636e-06	32.444	1.5522386732636e-06	A
Diet.5mo.as.AL	AnaerovoracaceaeNOV	20	-0.125485619642856	0.131032560845971	-0.957667459390987	4	32.444	1.5522386732636e-06	32.444	1.5522386732636e-06	A
Diet.5mo.as.AL	AnaerovoracaceaeNOV	40	-0.433437292877037	0.152003204877451	-2.85150101424826	4	32.444	1.5522386732636e-06	32.444	1.5522386732636e-06	A
Diet.5mo.as.AL	Angelakisella	AL	0	NA	NA	4	54.88	3.44262396367867e-11	54.88	3.44262396367867e-11	A
Diet.5mo.as.AL	Angelakisella	1D	-0.00887727477297496	0.159425834493807	-0.0556827869282367	4	54.88	3.44262396367867e-11	54.88	3.44262396367867e-11	A
Diet.5mo.as.AL	Angelakisella	2D	0.0842232503169986	0.15861743957911	0.530983544687672	4	54.88	3.44262396367867e-11	54.88	3.44262396367867e-11	A
Diet.5mo.as.AL	Angelakisella	20	-0.638661175289303	0.148375301642379	-4.3043631131321	4	54.88	3.44262396367867e-11	54.88	3.44262396367867e-11	A
Diet.5mo.as.AL	Angelakisella	40	-0.807518075096054	0.161137782461716	-5.0113515449917	4	54.88	3.44262396367867e-11	54.88	3.44262396367867e-11	A
Diet.5mo.as.AL	ASF356	AL	0	NA	NA	4	39.684	5.03116176497898e-08	39.684	5.03116176497898e-08	A
Diet.5mo.as.AL	ASF356	1D	-0.0956311489196284	0.150841328991204	-0.633985059394465	4	39.684	5.03116176497898e-08	39.684	5.03116176497898e-08	A
Diet.5mo.as.AL	ASF356	2D	-0.431515517695648	0.148624819610761	-2.9033879995667	4	39.684	5.03116176497898e-08	39.684	5.03116176497898e-08	A
Diet.5mo.as.AL	ASF356	20	-0.133841454936447	0.13831563615245	-0.967652383053268	4	39.684	5.03116176497898e-08	39.684	5.03116176497898e-08	A
Diet.5mo.as.AL	ASF356	40	-0.8247963182646	0.150934026479934	-5.46461482212065	4	39.684	5.03116176497898e-08	39.684	5.03116176497898e-08	A
Diet.5mo.as.AL	Bacteroides	AL	0	NA	NA	4	55.68	2.34011698907466e-11	55.68	2.34011698907466e-11	A
Diet.5mo.as.AL	Bacteroides	1D	0.610387432882658	0.147371458929392	4.1418293427841	4	55.68	2.34011698907466e-11	55.68	2.34011698907466e-11	A
Diet.5mo.as.AL	Bacteroides	2D	1.02853843677458	0.145072993059767	7.08979952147843	4	55.68	2.34011698907466e-11	55.68	2.34011698907466e-11	A
Diet.5mo.as.AL	Bacteroides	20	0.371188312062481	0.140638777050532	2.63930275736905	4	55.68	2.34011698907466e-11	55.68	2.34011698907466e-11	A
Diet.5mo.as.AL	Bacteroides	40	0.694749436257137	0.150169629627825	4.62643104320746	4	55.68	2.34011698907466e-11	55.68	2.34011698907466e-11	A
Diet.5mo.as.AL	Bifidobacterium	AL	0	NA	NA	4	4	0.406005849709838	4	0.406005849709838	A
Diet.5mo.as.AL	Bifidobacterium	1D	0.0339720166870619	0.237315390867179	0.143151342030216	4	4	0.406005849709838	4	0.406005849709838	A
Diet.5mo.as.AL	Bifidobacterium	2D	0.179325966588766	0.236242226031014	0.759076688369943	4	4	0.406005849709838	4	0.406005849709838	A
Diet.5mo.as.AL	Bifidobacterium	20	0.126435488534399	0.234806523335535	0.538466677749513	4	4	0.406005849709838	4	0.406005849709838	A
Diet.5mo.as.AL	Bifidobacterium	40	0.43942602418208	0.243943771222054	1.80134144020461	4	4	0.406005849709838	4	0.406005849709838	A
Diet.5mo.as.AL	BorkfalkiaceaeNOV	AL	0	NA	NA	4	43.64	7.62096641349075e-09	43.64	7.62096641349075e-09	A
Diet.5mo.as.AL	BorkfalkiaceaeNOV	1D	-0.0664801920672938	0.169756991541786	-0.391619758712144	4	43.64	7.62096641349075e-09	43.64	7.62096641349075e-09	A
Diet.5mo.as.AL	BorkfalkiaceaeNOV	2D	-0.501760534102293	0.169278051149257	-2.96412045563945	4	43.64	7.62096641349075e-09	43.64	7.62096641349075e-09	A
Diet.5mo.as.AL	BorkfalkiaceaeNOV	20	0.197150039724176	0.155473900192467	1.26805875121237	4	43.64	7.62096641349075e-09	43.64	7.62096641349075e-09	A
Diet.5mo.as.AL	BorkfalkiaceaeNOV	40	0.613489779706051	0.169766442282235	3.61372819892244	4	43.64	7.62096641349075e-09	43.64	7.62096641349075e-09	A
Diet.5mo.as.AL	ButyricicoccaceaeNOV	AL	0	NA	NA	4	17.58	0.001490507603639	17.58	0.001490507603639	A
Diet.5mo.as.AL	ButyricicoccaceaeNOV	1D	-0.400340538285235	0.175509934488257	-2.2810135474811	4	17.58	0.001490507603639	17.58	0.001490507603639	A
Diet.5mo.as.AL	ButyricicoccaceaeNOV	2D	-0.561166196296249	0.173922218420017	-3.22653540987529	4	17.58	0.001490507603639	17.58	0.001490507603639	A
Diet.5mo.as.AL	ButyricicoccaceaeNOV	20	-0.440595284520482	0.170240811893017	-2.58807086045479	4	17.58	0.001490507603639	17.58	0.001490507603639	A
Diet.5mo.as.AL	ButyricicoccaceaeNOV	40	-0.696626259268262	0.179445205249809	-3.88211130132163	4	17.58	0.001490507603639	17.58	0.001490507603639	A
Diet.5mo.as.AL	CAG115	AL	0	NA	NA	4	17.02	0.00191573077491503	17.02	0.00191573077491503	A
Diet.5mo.as.AL	CAG115	1D	-0.528477581837248	0.233805438428389	-2.26033057823466	4	17.02	0.00191573077491503	17.02	0.00191573077491503	A
Diet.5mo.as.AL	CAG115	2D	-0.548763470657341	0.233026935900062	-2.35493578687696	4	17.02	0.00191573077491503	17.02	0.00191573077491503	A
Diet.5mo.as.AL	CAG115	20	-0.605089815291762	0.230617287632851	-2.62378341841866	4	17.02	0.00191573077491503	17.02	0.00191573077491503	A
Diet.5mo.as.AL	CAG115	40	-0.971753632832873	0.239750980359196	-4.05317897502229	4	17.02	0.00191573077491503	17.02	0.00191573077491503	A
Diet.5mo.as.AL	CAG145	AL	0	NA	NA	4	14.044	0.00715594189840718	14.044	0.00715594189840718	A
Diet.5mo.as.AL	CAG145	1D	-0.159897046002243	0.162869181769589	-0.981751392528327	4	14.044	0.00715594189840718	14.044	0.00715594189840718	A
Diet.5mo.as.AL	CAG145	2D	-0.329751246357526	0.161104772970203	-2.04681239592147	4	14.044	0.00715594189840718	14.044	0.00715594189840718	A
Diet.5mo.as.AL	CAG145	20	0.113957121442578	0.153270503118057	0.743503277697226	4	14.044	0.00715594189840718	14.044	0.00715594189840718	A
Diet.5mo.as.AL	CAG145	40	0.224193118438886	0.164996925360425	1.35877149194842	4	14.044	0.00715594189840718	14.044	0.00715594189840718	A
Diet.5mo.as.AL	CAG273	AL	0	NA	NA	4	0.992	0.911006615045054	0.992	0.911006615045054	A
Diet.5mo.as.AL	CAG273	1D	-0.116223838538189	0.189537498916006	-0.613197067614012	4	0.992	0.911006615045054	0.992	0.911006615045054	A
Diet.5mo.as.AL	CAG273	2D	-0.167384628532708	0.188148913575422	-0.889639091461507	4	0.992	0.911006615045054	0.992	0.911006615045054	A
Diet.5mo.as.AL	CAG273	20	-0.0678136798194725	0.184846093343763	-0.366865637205315	4	0.992	0.911006615045054	0.992	0.911006615045054	A
Diet.5mo.as.AL	CAG273	40	-0.142544545824435	0.194388129852763	-0.733298612072684	4	0.992	0.911006615045054	0.992	0.911006615045054	A
Diet.5mo.as.AL	CAG274NOV	AL	0	NA	NA	4	107.92	0	107.92	0	A
Diet.5mo.as.AL	CAG274NOV	1D	-0.680302449005404	0.158124966271979	-4.30230889558116	4	107.92	0	107.92	0	A
Diet.5mo.as.AL	CAG274NOV	2D	-1.51184554927985	0.157605979588567	-9.5925646553928	4	107.92	0	107.92	0	A
Diet.5mo.as.AL	CAG274NOV	20	-0.199186073877256	0.148904005991532	-1.33768109562199	4	107.92	0	107.92	0	A
Diet.5mo.as.AL	CAG274NOV	40	-0.653978118867544	0.159532300684233	-4.0993461265376	4	107.92	0	107.92	0	A
Diet.5mo.as.AL	CAG303	AL	0	NA	NA	4	58.6	5.70976599334472e-12	58.6	5.70976599334472e-12	A
Diet.5mo.as.AL	CAG303	1D	-0.876294967287644	0.16264474220703	-5.38778539900301	4	58.6	5.70976599334472e-12	58.6	5.70976599334472e-12	A
Diet.5mo.as.AL	CAG303	2D	-0.961256164934854	0.161142029843501	-5.9652727836953	4	58.6	5.70976599334472e-12	58.6	5.70976599334472e-12	A
Diet.5mo.as.AL	CAG303	20	-0.190945363683935	0.157524911432097	-1.21215979077851	4	58.6	5.70976599334472e-12	58.6	5.70976599334472e-12	A
Diet.5mo.as.AL	CAG303	40	-0.207806618437907	0.166059107237434	-1.25140151536996	4	58.6	5.70976599334472e-12	58.6	5.70976599334472e-12	A
Diet.5mo.as.AL	CAG41	AL	0	NA	NA	4	75.72	1.4432899320127e-15	75.72	1.4432899320127e-15	A
Diet.5mo.as.AL	CAG41	1D	-0.550866647089901	0.166465833421452	-3.30918745166906	4	75.72	1.4432899320127e-15	75.72	1.4432899320127e-15	A
Diet.5mo.as.AL	CAG41	2D	-1.17976796674553	0.165058573519155	-7.14757156560917	4	75.72	1.4432899320127e-15	75.72	1.4432899320127e-15	A
Diet.5mo.as.AL	CAG41	20	0.0137262123269231	0.161858999983752	0.0848035161980547	4	75.72	1.4432899320127e-15	75.72	1.4432899320127e-15	A
Diet.5mo.as.AL	CAG41	40	-0.083873750665146	0.170051440047082	-0.493225759463866	4	75.72	1.4432899320127e-15	75.72	1.4432899320127e-15	A
Diet.5mo.as.AL	CAG475	AL	0	NA	NA	4	0.6952	0.951919537257997	0.6952	0.951919537257997	A
Diet.5mo.as.AL	CAG475	1D	-0.0455476120535635	0.158117997067438	-0.288060896914456	4	0.6952	0.951919537257997	0.6952	0.951919537257997	A
Diet.5mo.as.AL	CAG475	2D	-0.0446004376100443	0.157791815199536	-0.28265368234496	4	0.6952	0.951919537257997	0.6952	0.951919537257997	A
Diet.5mo.as.AL	CAG475	20	-0.0263316378558033	0.138749823950106	-0.189777810927329	4	0.6952	0.951919537257997	0.6952	0.951919537257997	A
Diet.5mo.as.AL	CAG475	40	-0.123486752116642	0.155862618525837	-0.792279465625504	4	0.6952	0.951919537257997	0.6952	0.951919537257997	A
Diet.5mo.as.AL	CAG485	AL	0	NA	NA	4	58.36	6.41220410102505e-12	58.36	6.41220410102505e-12	A
Diet.5mo.as.AL	CAG485	1D	0.513593393508197	0.146370590278042	3.50885647542028	4	58.36	6.41220410102505e-12	58.36	6.41220410102505e-12	A
Diet.5mo.as.AL	CAG485	2D	0.972818937153001	0.149075766323483	6.52566786101274	4	58.36	6.41220410102505e-12	58.36	6.41220410102505e-12	A
Diet.5mo.as.AL	CAG485	20	0.673822651201039	0.12130481370348	5.55478905270938	4	58.36	6.41220410102505e-12	58.36	6.41220410102505e-12	A
Diet.5mo.as.AL	CAG485	40	0.804285292855977	0.141511130483963	5.68354793086132	4	58.36	6.41220410102505e-12	58.36	6.41220410102505e-12	A
Diet.5mo.as.AL	CAG510	AL	0	NA	NA	4	3.3328	0.503752223422723	3.3328	0.503752223422723	A
Diet.5mo.as.AL	CAG510	1D	0.0199736398305568	0.22679832625075	0.0880678449472935	4	3.3328	0.503752223422723	3.3328	0.503752223422723	A
Diet.5mo.as.AL	CAG510	2D	-0.111165306062208	0.22720277710467	-0.489277936998963	4	3.3328	0.503752223422723	3.3328	0.503752223422723	A
Diet.5mo.as.AL	CAG510	20	-0.0666609047196747	0.220521162188289	-0.30228801652495	4	3.3328	0.503752223422723	3.3328	0.503752223422723	A
Diet.5mo.as.AL	CAG510	40	0.279125279776792	0.232100248291771	1.20260655398312	4	3.3328	0.503752223422723	3.3328	0.503752223422723	A
Diet.5mo.as.AL	CAG552NOV	AL	0	NA	NA	4	3.9816	0.408501746270032	3.9816	0.408501746270032	A
Diet.5mo.as.AL	CAG552NOV	1D	-0.110860561817774	0.157864819799845	-0.702249950041642	4	3.9816	0.408501746270032	3.9816	0.408501746270032	A
Diet.5mo.as.AL	CAG552NOV	2D	-0.158813278016199	0.155747629984195	-1.01968343295057	4	3.9816	0.408501746270032	3.9816	0.408501746270032	A
Diet.5mo.as.AL	CAG552NOV	20	-0.0625842858871671	0.152063634404797	-0.411566421729514	4	3.9816	0.408501746270032	3.9816	0.408501746270032	A
Diet.5mo.as.AL	CAG552NOV	40	0.136179828092656	0.161950612424043	0.840872572535196	4	3.9816	0.408501746270032	3.9816	0.408501746270032	A
Diet.5mo.as.AL	CAG56	AL	0	NA	NA	4	25.784	3.49816519085167e-05	25.784	3.49816519085167e-05	A
Diet.5mo.as.AL	CAG56	1D	-0.343419457872916	0.160606685852338	-2.13826377183735	4	25.784	3.49816519085167e-05	25.784	3.49816519085167e-05	A
Diet.5mo.as.AL	CAG56	2D	-0.0590125817702207	0.158630404263727	-0.372013057926215	4	25.784	3.49816519085167e-05	25.784	3.49816519085167e-05	A
Diet.5mo.as.AL	CAG56	20	-0.131141057951635	0.154855468112307	-0.846861008850701	4	25.784	3.49816519085167e-05	25.784	3.49816519085167e-05	A
Diet.5mo.as.AL	CAG56	40	-0.733505393059074	0.164296314040063	-4.46452738361625	4	25.784	3.49816519085167e-05	25.784	3.49816519085167e-05	A
Diet.5mo.as.AL	CAG582	AL	0	NA	NA	4	12.204	0.0158970206871658	12.204	0.0158970206871658	A
Diet.5mo.as.AL	CAG582	1D	-0.175818402933476	0.149372115944004	-1.17704969111762	4	12.204	0.0158970206871658	12.204	0.0158970206871658	A
Diet.5mo.as.AL	CAG582	2D	0.169838495790974	0.14820836004247	1.14594410019992	4	12.204	0.0158970206871658	12.204	0.0158970206871658	A
Diet.5mo.as.AL	CAG582	20	-0.126651285645255	0.13194208315402	-0.95990060652151	4	12.204	0.0158970206871658	12.204	0.0158970206871658	A
Diet.5mo.as.AL	CAG582	40	0.214306550013689	0.148052844761091	1.4475003864972	4	12.204	0.0158970206871658	12.204	0.0158970206871658	A
Diet.5mo.as.AL	CAG776	AL	0	NA	NA	4	10.408	0.0340881400371602	10.408	0.0340881400371602	A
Diet.5mo.as.AL	CAG776	1D	0.250093458179305	0.16273437267183	1.53682012025599	4	10.408	0.0340881400371602	10.408	0.0340881400371602	A
Diet.5mo.as.AL	CAG776	2D	0.164240279012535	0.160882053076822	1.02087383814097	4	10.408	0.0340881400371602	10.408	0.0340881400371602	A
Diet.5mo.as.AL	CAG776	20	-0.0327874503047492	0.157299435737054	-0.208439719768338	4	10.408	0.0340881400371602	10.408	0.0340881400371602	A
Diet.5mo.as.AL	CAG776	40	0.420974895516264	0.166976903555508	2.5211564387186	4	10.408	0.0340881400371602	10.408	0.0340881400371602	A
Diet.5mo.as.AL	CAG81	AL	0	NA	NA	4	4.8	0.308441041184003	4.8	0.308441041184003	A
Diet.5mo.as.AL	CAG81	1D	-0.263985428378442	0.198488924165108	-1.32997561193315	4	4.8	0.308441041184003	4.8	0.308441041184003	A
Diet.5mo.as.AL	CAG81	2D	-0.348616044787467	0.197594679155865	-1.76429874669082	4	4.8	0.308441041184003	4.8	0.308441041184003	A
Diet.5mo.as.AL	CAG81	20	-0.0182855008923507	0.191742662772868	-0.0953648010720028	4	4.8	0.308441041184003	4.8	0.308441041184003	A
Diet.5mo.as.AL	CAG81	40	-0.093336379871596	0.20247304113739	-0.460981765015628	4	4.8	0.308441041184003	4.8	0.308441041184003	A
Diet.5mo.as.AL	CAG873	AL	0	NA	NA	4	35.856	3.09794180863854e-07	35.856	3.09794180863854e-07	A
Diet.5mo.as.AL	CAG873	1D	0.445479808218658	0.159466723136521	2.79355968102059	4	35.856	3.09794180863854e-07	35.856	3.09794180863854e-07	A
Diet.5mo.as.AL	CAG873	2D	0.459213630546208	0.158253698757836	2.90175606731889	4	35.856	3.09794180863854e-07	35.856	3.09794180863854e-07	A
Diet.5mo.as.AL	CAG873	20	0.573860351934321	0.150944495002723	3.80179715678913	4	35.856	3.09794180863854e-07	35.856	3.09794180863854e-07	A
Diet.5mo.as.AL	CAG873	40	0.956352345759995	0.162403763359573	5.88873266220173	4	35.856	3.09794180863854e-07	35.856	3.09794180863854e-07	A
Diet.5mo.as.AL	CAG95	AL	0	NA	NA	4	10.104	0.038711784971589	10.104	0.038711784971589	A
Diet.5mo.as.AL	CAG95	1D	0.0812642723959035	0.161228940423827	0.504030307352277	4	10.104	0.038711784971589	10.104	0.038711784971589	A
Diet.5mo.as.AL	CAG95	2D	-0.156909529103857	0.162062134287256	-0.968205989597383	4	10.104	0.038711784971589	10.104	0.038711784971589	A
Diet.5mo.as.AL	CAG95	20	-0.239665798894399	0.138864812105576	-1.72589294048219	4	10.104	0.038711784971589	10.104	0.038711784971589	A
Diet.5mo.as.AL	CAG95	40	-0.320746229982591	0.157817190336457	-2.03239095372804	4	10.104	0.038711784971589	10.104	0.038711784971589	A
Diet.5mo.as.AL	Chao1	AL	0	NA	NA	4	3.5204	0.474783266974691	3.5204	0.474783266974691	A
Diet.5mo.as.AL	Chao1	1D	0.138569780586956	0.164673288525378	0.841483046994597	4	3.5204	0.474783266974691	3.5204	0.474783266974691	A
Diet.5mo.as.AL	Chao1	2D	0.264771212971259	0.166593280731235	1.58932708335587	4	3.5204	0.474783266974691	3.5204	0.474783266974691	A
Diet.5mo.as.AL	Chao1	20	0.131224254511702	0.139472293268327	0.940862528582955	4	3.5204	0.474783266974691	3.5204	0.474783266974691	A
Diet.5mo.as.AL	Chao1	40	0.249248848908662	0.1596464754571	1.56125494280416	4	3.5204	0.474783266974691	3.5204	0.474783266974691	A
Diet.5mo.as.AL	Clostridium	AL	0	NA	NA	4	1.7208	0.786935900620425	1.7208	0.786935900620425	A
Diet.5mo.as.AL	Clostridium	1D	0.0597602798081889	0.204186316430174	0.292675243145518	4	1.7208	0.786935900620425	1.7208	0.786935900620425	A
Diet.5mo.as.AL	Clostridium	2D	0.0207755557847701	0.202936813973278	0.102374504546552	4	1.7208	0.786935900620425	1.7208	0.786935900620425	A
Diet.5mo.as.AL	Clostridium	20	0.196804149732571	0.199569595910355	0.9861429484528	4	1.7208	0.786935900620425	1.7208	0.786935900620425	A
Diet.5mo.as.AL	Clostridium	40	0.196167993012478	0.208703482906201	0.939936364649185	4	1.7208	0.786935900620425	1.7208	0.786935900620425	A
Diet.5mo.as.AL	ClostridiumQ	AL	0	NA	NA	4	18.12	0.00116920314444924	18.12	0.00116920314444924	A
Diet.5mo.as.AL	ClostridiumQ	1D	-0.0359766656390889	0.159097181242028	-0.226130125991101	4	18.12	0.00116920314444924	18.12	0.00116920314444924	A
Diet.5mo.as.AL	ClostridiumQ	2D	0.176373100278557	0.157199084418133	1.12197282147918	4	18.12	0.00116920314444924	18.12	0.00116920314444924	A
Diet.5mo.as.AL	ClostridiumQ	20	-0.108458620784726	0.15230191316858	-0.712129076570924	4	18.12	0.00116920314444924	18.12	0.00116920314444924	A
Diet.5mo.as.AL	ClostridiumQ	40	-0.493917044457822	0.162687396928613	-3.03598836653925	4	18.12	0.00116920314444924	18.12	0.00116920314444924	A
Diet.5mo.as.AL	COE1	AL	0	NA	NA	4	50.04	3.54208773423181e-10	50.04	3.54208773423181e-10	A
Diet.5mo.as.AL	COE1	1D	-0.315867342324717	0.160021980265791	-1.97389972177618	4	50.04	3.54208773423181e-10	50.04	3.54208773423181e-10	A
Diet.5mo.as.AL	COE1	2D	-0.811676102030358	0.159462182682331	-5.09008523762228	4	50.04	3.54208773423181e-10	50.04	3.54208773423181e-10	A
Diet.5mo.as.AL	COE1	20	-0.419002569916178	0.147221882197182	-2.84606176515923	4	50.04	3.54208773423181e-10	50.04	3.54208773423181e-10	A
Diet.5mo.as.AL	COE1	40	-0.994823618493028	0.160957442331506	-6.1806624414676	4	50.04	3.54208773423181e-10	50.04	3.54208773423181e-10	A
Diet.5mo.as.AL	D1663	AL	0	NA	NA	4	16.996	0.00193641152166402	16.996	0.00193641152166402	A
Diet.5mo.as.AL	D1663	1D	-0.0650090863306581	0.174739536050474	-0.372034216182651	4	16.996	0.00193641152166402	16.996	0.00193641152166402	A
Diet.5mo.as.AL	D1663	2D	-0.0704656217210895	0.175617274215053	-0.401245390216001	4	16.996	0.00193641152166402	16.996	0.00193641152166402	A
Diet.5mo.as.AL	D1663	20	0.499826833371323	0.157632646929599	3.17083321955858	4	16.996	0.00193641152166402	16.996	0.00193641152166402	A
Diet.5mo.as.AL	D1663	40	0.0455712061092136	0.173576114855066	0.262543070210236	4	16.996	0.00193641152166402	16.996	0.00193641152166402	A
Diet.5mo.as.AL	Desulfovibrio	AL	0	NA	NA	4	1.2768	0.865299279406578	1.2768	0.865299279406578	A
Diet.5mo.as.AL	Desulfovibrio	1D	0.17503862118446	0.188401185890423	0.929073882190237	4	1.2768	0.865299279406578	1.2768	0.865299279406578	A
Diet.5mo.as.AL	Desulfovibrio	2D	0.0259976887890497	0.19442383111692	0.133716574967683	4	1.2768	0.865299279406578	1.2768	0.865299279406578	A
Diet.5mo.as.AL	Desulfovibrio	20	0.0874033615507921	0.16544229206106	0.528301200750617	4	1.2768	0.865299279406578	1.2768	0.865299279406578	A
Diet.5mo.as.AL	Desulfovibrio	40	0.131045915291587	0.184500278704642	0.710274890702864	4	1.2768	0.865299279406578	1.2768	0.865299279406578	A
Diet.5mo.as.AL	Dorea	AL	0	NA	NA	4	12.62	0.0132898229786271	12.62	0.0132898229786271	A
Diet.5mo.as.AL	Dorea	1D	-0.314901696989766	0.182476545144038	-1.72571053853084	4	12.62	0.0132898229786271	12.62	0.0132898229786271	A
Diet.5mo.as.AL	Dorea	2D	-0.40524932385703	0.182596528911731	-2.21937035863881	4	12.62	0.0132898229786271	12.62	0.0132898229786271	A
Diet.5mo.as.AL	Dorea	20	-0.113702689490477	0.170175602175921	-0.668149182589263	4	12.62	0.0132898229786271	12.62	0.0132898229786271	A
Diet.5mo.as.AL	Dorea	40	-0.584817016465472	0.184204853983191	-3.17481870764837	4	12.62	0.0132898229786271	12.62	0.0132898229786271	A
Diet.5mo.as.AL	Dubosiella	AL	0	NA	NA	4	6.956	0.138231773873075	6.956	0.138231773873075	A
Diet.5mo.as.AL	Dubosiella	1D	-0.198312145430389	0.20844140856867	-0.951404746264972	4	6.956	0.138231773873075	6.956	0.138231773873075	A
Diet.5mo.as.AL	Dubosiella	2D	-0.220220146213909	0.207306369287505	-1.06229319905022	4	6.956	0.138231773873075	6.956	0.138231773873075	A
Diet.5mo.as.AL	Dubosiella	20	-0.136288403995043	0.205490694707805	-0.66323394443158	4	6.956	0.138231773873075	6.956	0.138231773873075	A
Diet.5mo.as.AL	Dubosiella	40	0.268845522548721	0.214737755239666	1.25197137433362	4	6.956	0.138231773873075	6.956	0.138231773873075	A
Diet.5mo.as.AL	Duncaniella	AL	0	NA	NA	4	58.16	7.06312786036278e-12	58.16	7.06312786036278e-12	A
Diet.5mo.as.AL	Duncaniella	1D	0.483733386619838	0.147718604917915	3.27469506558528	4	58.16	7.06312786036278e-12	58.16	7.06312786036278e-12	A
Diet.5mo.as.AL	Duncaniella	2D	0.734194537058546	0.145828862344033	5.03463117833606	4	58.16	7.06312786036278e-12	58.16	7.06312786036278e-12	A
Diet.5mo.as.AL	Duncaniella	20	0.587927666171297	0.142495142635614	4.12594882391701	4	58.16	7.06312786036278e-12	58.16	7.06312786036278e-12	A
Diet.5mo.as.AL	Duncaniella	40	1.11856348268613	0.151703434594511	7.37335634935327	4	58.16	7.06312786036278e-12	58.16	7.06312786036278e-12	A
Diet.5mo.as.AL	Emergencia	AL	0	NA	NA	4	13.208	0.0103029442469643	13.208	0.0103029442469643	A
Diet.5mo.as.AL	Emergencia	1D	-0.14746820995535	0.183729738533078	-0.802636585305981	4	13.208	0.0103029442469643	13.208	0.0103029442469643	A
Diet.5mo.as.AL	Emergencia	2D	-0.111824893330343	0.183443527186892	-0.609587566512585	4	13.208	0.0103029442469643	13.208	0.0103029442469643	A
Diet.5mo.as.AL	Emergencia	20	-3.77046881669488e-05	0.173014915057395	-0.000217927385939189	4	13.208	0.0103029442469643	13.208	0.0103029442469643	A
Diet.5mo.as.AL	Emergencia	40	-0.579216826098529	0.186103404659467	-3.11233868697019	4	13.208	0.0103029442469643	13.208	0.0103029442469643	A
Diet.5mo.as.AL	EnterococcusD	AL	0	NA	NA	4	9.316	0.053668473951354	9.316	0.053668473951354	A
Diet.5mo.as.AL	EnterococcusD	1D	0.286402773905802	0.168723586042514	1.69746732287705	4	9.316	0.053668473951354	9.316	0.053668473951354	A
Diet.5mo.as.AL	EnterococcusD	2D	0.422654062968418	0.166987170280495	2.53105710012614	4	9.316	0.053668473951354	9.316	0.053668473951354	A
Diet.5mo.as.AL	EnterococcusD	20	0.0108746681023906	0.158942523056823	0.0684188717609752	4	9.316	0.053668473951354	9.316	0.053668473951354	A
Diet.5mo.as.AL	EnterococcusD	40	0.135677968902051	0.170435044985143	0.796068489986188	4	9.316	0.053668473951354	9.316	0.053668473951354	A
Diet.5mo.as.AL	ErysipelatoclostridiaceaeNOV	AL	0	NA	NA	4	12.816	0.0122107385833011	12.816	0.0122107385833011	A
Diet.5mo.as.AL	ErysipelatoclostridiaceaeNOV	1D	0.316834876972712	0.16893982054532	1.87543041036745	4	12.816	0.0122107385833011	12.816	0.0122107385833011	A
Diet.5mo.as.AL	ErysipelatoclostridiaceaeNOV	2D	0.459402988300144	0.168422633348795	2.72767964237171	4	12.816	0.0122107385833011	12.816	0.0122107385833011	A
Diet.5mo.as.AL	ErysipelatoclostridiaceaeNOV	20	0.390791902130336	0.156940529275362	2.49006361794963	4	12.816	0.0122107385833011	12.816	0.0122107385833011	A
Diet.5mo.as.AL	ErysipelatoclostridiaceaeNOV	40	0.0443999102583254	0.170691341021312	0.260118117255766	4	12.816	0.0122107385833011	12.816	0.0122107385833011	A
Diet.5mo.as.AL	Erysipelatoclostridium	AL	0	NA	NA	4	19.512	0.000623266562445157	19.512	0.000623266562445157	A
Diet.5mo.as.AL	Erysipelatoclostridium	1D	0.372346300975042	0.171325932442438	2.17332131608355	4	19.512	0.000623266562445157	19.512	0.000623266562445157	A
Diet.5mo.as.AL	Erysipelatoclostridium	2D	0.707042177065987	0.170220840271583	4.15367575402588	4	19.512	0.000623266562445157	19.512	0.000623266562445157	A
Diet.5mo.as.AL	Erysipelatoclostridium	20	0.516671258169664	0.160139953775218	3.22637321910866	4	19.512	0.000623266562445157	19.512	0.000623266562445157	A
Diet.5mo.as.AL	Erysipelatoclostridium	40	0.367125364617191	0.172578386508347	2.12729630891198	4	19.512	0.000623266562445157	19.512	0.000623266562445157	A
Diet.5mo.as.AL	ErysipelotrichaceaeNOV	AL	0	NA	NA	4	44.48	5.0994911626745e-09	44.48	5.0994911626745e-09	A
Diet.5mo.as.AL	ErysipelotrichaceaeNOV	1D	0.430473886261726	0.14449056037273	2.97925265949048	4	44.48	5.0994911626745e-09	44.48	5.0994911626745e-09	A
Diet.5mo.as.AL	ErysipelotrichaceaeNOV	2D	0.358034877476049	0.143078755875193	2.50236224997903	4	44.48	5.0994911626745e-09	44.48	5.0994911626745e-09	A
Diet.5mo.as.AL	ErysipelotrichaceaeNOV	20	0.30982432885004	0.128355650661394	2.41379578735779	4	44.48	5.0994911626745e-09	44.48	5.0994911626745e-09	A
Diet.5mo.as.AL	ErysipelotrichaceaeNOV	40	-0.373755009737233	0.143485654552358	-2.60482492764355	4	44.48	5.0994911626745e-09	44.48	5.0994911626745e-09	A
Diet.5mo.as.AL	Escherichia	AL	0	NA	NA	4	18.152	0.00115247480845071	18.152	0.00115247480845071	A
Diet.5mo.as.AL	Escherichia	1D	0.427259887841997	0.163171500676478	2.61847127758622	4	18.152	0.00115247480845071	18.152	0.00115247480845071	A
Diet.5mo.as.AL	Escherichia	2D	0.563233130938313	0.1617691140337	3.48170993148284	4	18.152	0.00115247480845071	18.152	0.00115247480845071	A
Diet.5mo.as.AL	Escherichia	20	0.277364994020109	0.150259742046322	1.84590356833305	4	18.152	0.00115247480845071	18.152	0.00115247480845071	A
Diet.5mo.as.AL	Escherichia	40	0.608891835419406	0.163415193731902	3.7260417560582	4	18.152	0.00115247480845071	18.152	0.00115247480845071	A
Diet.5mo.as.AL	EubacteriumF	AL	0	NA	NA	4	10.66	0.0306629631775359	10.66	0.0306629631775359	A
Diet.5mo.as.AL	EubacteriumF	1D	-0.297013256674357	0.15792802422957	-1.88068747217788	4	10.66	0.0306629631775359	10.66	0.0306629631775359	A
Diet.5mo.as.AL	EubacteriumF	2D	0.0322914452323816	0.156585952542218	0.206221852651024	4	10.66	0.0306629631775359	10.66	0.0306629631775359	A
Diet.5mo.as.AL	EubacteriumF	20	-0.130684352986432	0.147835538169176	-0.883984694105707	4	10.66	0.0306629631775359	10.66	0.0306629631775359	A
Diet.5mo.as.AL	EubacteriumF	40	0.180690607052074	0.16002297148415	1.12915417940462	4	10.66	0.0306629631775359	10.66	0.0306629631775359	A
Diet.5mo.as.AL	EubacteriumG	AL	0	NA	NA	4	9.716	0.0454932301687834	9.716	0.0454932301687834	A
Diet.5mo.as.AL	EubacteriumG	1D	-0.19073570744827	0.17513457923699	-1.08908079877343	4	9.716	0.0454932301687834	9.716	0.0454932301687834	A
Diet.5mo.as.AL	EubacteriumG	2D	-0.147795697766226	0.173623865530903	-0.851240682346862	4	9.716	0.0454932301687834	9.716	0.0454932301687834	A
Diet.5mo.as.AL	EubacteriumG	20	-0.436769018583954	0.169237981406467	-2.58079785018793	4	9.716	0.0454932301687834	9.716	0.0454932301687834	A
Diet.5mo.as.AL	EubacteriumG	40	-0.445724707747726	0.179128399191664	-2.48829727591553	4	9.716	0.0454932301687834	9.716	0.0454932301687834	A
Diet.5mo.as.AL	EubacteriumJ	AL	0	NA	NA	4	26.716	2.26875844905328e-05	26.716	2.26875844905328e-05	A
Diet.5mo.as.AL	EubacteriumJ	1D	-0.291657361990995	0.173404075533008	-1.68195217496763	4	26.716	2.26875844905328e-05	26.716	2.26875844905328e-05	A
Diet.5mo.as.AL	EubacteriumJ	2D	-0.465664828198145	0.172421395458655	-2.70073691817329	4	26.716	2.26875844905328e-05	26.716	2.26875844905328e-05	A
Diet.5mo.as.AL	EubacteriumJ	20	-0.444290009514735	0.160737494945505	-2.76407200239971	4	26.716	2.26875844905328e-05	26.716	2.26875844905328e-05	A
Diet.5mo.as.AL	EubacteriumJ	40	-0.869002270133965	0.173941098589996	-4.99595712099258	4	26.716	2.26875844905328e-05	26.716	2.26875844905328e-05	A
Diet.5mo.as.AL	Evtepia	AL	0	NA	NA	4	122.76	0	122.76	0	A
Diet.5mo.as.AL	Evtepia	1D	-0.135346087854411	0.136588450282849	-0.990904337622501	4	122.76	0	122.76	0	A
Diet.5mo.as.AL	Evtepia	2D	0.0322449691061323	0.134841041411914	0.239133195416595	4	122.76	0	122.76	0	A
Diet.5mo.as.AL	Evtepia	20	-0.443356289221312	0.126686325673414	-3.49963807746895	4	122.76	0	122.76	0	A
Diet.5mo.as.AL	Evtepia	40	-1.2848907552084	0.138203326845796	-9.29710437898535	4	122.76	0	122.76	0	A
Diet.5mo.as.AL	Flavonifractor	AL	0	NA	NA	4	56.92	1.28591581827209e-11	56.92	1.28591581827209e-11	A
Diet.5mo.as.AL	Flavonifractor	1D	-0.164897903495199	0.150246422470239	-1.09751633871923	4	56.92	1.28591581827209e-11	56.92	1.28591581827209e-11	A
Diet.5mo.as.AL	Flavonifractor	2D	0.0555762788822789	0.148703168136383	0.373739709642952	4	56.92	1.28591581827209e-11	56.92	1.28591581827209e-11	A
Diet.5mo.as.AL	Flavonifractor	20	-0.397519729250661	0.137804034185086	-2.88467410697678	4	56.92	1.28591581827209e-11	56.92	1.28591581827209e-11	A
Diet.5mo.as.AL	Flavonifractor	40	-0.942539032711207	0.150854472045413	-6.24800193147382	4	56.92	1.28591581827209e-11	56.92	1.28591581827209e-11	A
Diet.5mo.as.AL	HungatellaA	AL	0	NA	NA	4	6.348	0.174623126294283	6.348	0.174623126294283	A
Diet.5mo.as.AL	HungatellaA	1D	-0.00882777621226063	0.161995400349992	-0.054493992997259	4	6.348	0.174623126294283	6.348	0.174623126294283	A
Diet.5mo.as.AL	HungatellaA	2D	0.10764355109756	0.160045653470057	0.672580284210588	4	6.348	0.174623126294283	6.348	0.174623126294283	A
Diet.5mo.as.AL	HungatellaA	20	-0.178983049237024	0.156392347711504	-1.14444889315935	4	6.348	0.174623126294283	6.348	0.174623126294283	A
Diet.5mo.as.AL	HungatellaA	40	-0.256035681120977	0.166120707941843	-1.54126288223268	4	6.348	0.174623126294283	6.348	0.174623126294283	A
Diet.5mo.as.AL	Ileibacterium	AL	0	NA	NA	4	29.856	5.23616376724156e-06	29.856	5.23616376724156e-06	A
Diet.5mo.as.AL	Ileibacterium	1D	0.112001830832847	0.18318304678053	0.611420285890512	4	29.856	5.23616376724156e-06	29.856	5.23616376724156e-06	A
Diet.5mo.as.AL	Ileibacterium	2D	0.294514676807277	0.182189991380126	1.61652500544222	4	29.856	5.23616376724156e-06	29.856	5.23616376724156e-06	A
Diet.5mo.as.AL	Ileibacterium	20	0.49303561231111	0.179386902423271	2.74844821807432	4	29.856	5.23616376724156e-06	29.856	5.23616376724156e-06	A
Diet.5mo.as.AL	Ileibacterium	40	0.927762707498207	0.188090184622549	4.93254185145279	4	29.856	5.23616376724156e-06	29.856	5.23616376724156e-06	A
Diet.5mo.as.AL	Kineothrix	AL	0	NA	NA	4	26.548	2.45313099429545e-05	26.548	2.45313099429545e-05	A
Diet.5mo.as.AL	Kineothrix	1D	0.470564350138951	0.173038601681716	2.71941835847992	4	26.548	2.45313099429545e-05	26.548	2.45313099429545e-05	A
Diet.5mo.as.AL	Kineothrix	2D	0.743950470585186	0.173446468920796	4.28922234747201	4	26.548	2.45313099429545e-05	26.548	2.45313099429545e-05	A
Diet.5mo.as.AL	Kineothrix	20	0.229480791795041	0.158778323589674	1.44529043138206	4	26.548	2.45313099429545e-05	26.548	2.45313099429545e-05	A
Diet.5mo.as.AL	Kineothrix	40	0.71857809505267	0.17364122025844	4.13829212892635	4	26.548	2.45313099429545e-05	26.548	2.45313099429545e-05	A
Diet.5mo.as.AL	Lachnospira	AL	0	NA	NA	4	6.24	0.181927533889135	6.24	0.181927533889135	A
Diet.5mo.as.AL	Lachnospira	1D	-0.298132068699455	0.17573414137179	-1.6964948664626	4	6.24	0.181927533889135	6.24	0.181927533889135	A
Diet.5mo.as.AL	Lachnospira	2D	-0.327887381421568	0.178803156147233	-1.83378967400091	4	6.24	0.181927533889135	6.24	0.181927533889135	A
Diet.5mo.as.AL	Lachnospira	20	0.0277080856148581	0.149501787961338	0.185336148769161	4	6.24	0.181927533889135	6.24	0.181927533889135	A
Diet.5mo.as.AL	Lachnospira	40	-0.199929717731437	0.170372338334572	-1.17348696206083	4	6.24	0.181927533889135	6.24	0.181927533889135	A
Diet.5mo.as.AL	LachnospiraceaeNOV	AL	0	NA	NA	4	4.412	0.35310989761475	4.412	0.35310989761475	A
Diet.5mo.as.AL	LachnospiraceaeNOV	1D	-0.219035044452491	0.179591140923788	-1.21963167740798	4	4.412	0.35310989761475	4.412	0.35310989761475	A
Diet.5mo.as.AL	LachnospiraceaeNOV	2D	-0.109358402595994	0.178123089876259	-0.613948492988553	4	4.412	0.35310989761475	4.412	0.35310989761475	A
Diet.5mo.as.AL	LachnospiraceaeNOV	20	-0.294539153590174	0.17486730685228	-1.6843580363423	4	4.412	0.35310989761475	4.412	0.35310989761475	A
Diet.5mo.as.AL	LachnospiraceaeNOV	40	-0.327772606895412	0.184314249727629	-1.77833568147758	4	4.412	0.35310989761475	4.412	0.35310989761475	A
Diet.5mo.as.AL	Lactobacillus	AL	0	NA	NA	4	37.8	1.23221748915547e-07	37.8	1.23221748915547e-07	A
Diet.5mo.as.AL	Lactobacillus	1D	0.191640525567868	0.181002189279569	1.05877462770281	4	37.8	1.23221748915547e-07	37.8	1.23221748915547e-07	A
Diet.5mo.as.AL	Lactobacillus	2D	0.252978480523815	0.180112227697478	1.40456027754388	4	37.8	1.23221748915547e-07	37.8	1.23221748915547e-07	A
Diet.5mo.as.AL	Lactobacillus	20	0.661332611194037	0.177515997001229	3.72548177271853	4	37.8	1.23221748915547e-07	37.8	1.23221748915547e-07	A
Diet.5mo.as.AL	Lactobacillus	40	1.00514359989874	0.186072338514686	5.40189696073177	4	37.8	1.23221748915547e-07	37.8	1.23221748915547e-07	A
Diet.5mo.as.AL	Lawsonibacter	AL	0	NA	NA	4	42.2	1.5162775479638e-08	42.2	1.5162775479638e-08	A
Diet.5mo.as.AL	Lawsonibacter	1D	-0.123571935549175	0.16594476558381	-0.744657025573762	4	42.2	1.5162775479638e-08	42.2	1.5162775479638e-08	A
Diet.5mo.as.AL	Lawsonibacter	2D	0.0364448541725893	0.164485866804749	0.221568301766928	4	42.2	1.5162775479638e-08	42.2	1.5162775479638e-08	A
Diet.5mo.as.AL	Lawsonibacter	20	-0.501891729893865	0.161183436132186	-3.11379222293205	4	42.2	1.5162775479638e-08	42.2	1.5162775479638e-08	A
Diet.5mo.as.AL	Lawsonibacter	40	-0.885534967171597	0.170192816860586	-5.20312774361673	4	42.2	1.5162775479638e-08	42.2	1.5162775479638e-08	A
Diet.5mo.as.AL	Ligilactobacillus	AL	0	NA	NA	4	42.48	1.32653888984535e-08	42.48	1.32653888984535e-08	A
Diet.5mo.as.AL	Ligilactobacillus	1D	0.734765791002055	0.220707911504012	3.32913209134644	4	42.48	1.32653888984535e-08	42.48	1.32653888984535e-08	A
Diet.5mo.as.AL	Ligilactobacillus	2D	0.664416263919789	0.221947334676654	2.99357622333132	4	42.48	1.32653888984535e-08	42.48	1.32653888984535e-08	A
Diet.5mo.as.AL	Ligilactobacillus	20	0.746687577745379	0.213992032391375	3.48932420240649	4	42.48	1.32653888984535e-08	42.48	1.32653888984535e-08	A
Diet.5mo.as.AL	Ligilactobacillus	40	1.46509850612147	0.225214779908295	6.50533906663694	4	42.48	1.32653888984535e-08	42.48	1.32653888984535e-08	A
Diet.5mo.as.AL	Limosilactobacillus	AL	0	NA	NA	4	73.6	3.88578058618805e-15	73.6	3.88578058618805e-15	A
Diet.5mo.as.AL	Limosilactobacillus	1D	0.156832249536652	0.177577553571173	0.88317609057382	4	73.6	3.88578058618805e-15	73.6	3.88578058618805e-15	A
Diet.5mo.as.AL	Limosilactobacillus	2D	-0.0684520361840629	0.177072913944677	-0.386575420594532	4	73.6	3.88578058618805e-15	73.6	3.88578058618805e-15	A
Diet.5mo.as.AL	Limosilactobacillus	20	0.829039104325188	0.171461226108576	4.8351404171122	4	73.6	3.88578058618805e-15	73.6	3.88578058618805e-15	A
Diet.5mo.as.AL	Limosilactobacillus	40	1.17126925836044	0.18131409315293	6.45989088874923	4	73.6	3.88578058618805e-15	73.6	3.88578058618805e-15	A
Diet.5mo.as.AL	Mailhella	AL	0	NA	NA	4	7.744	0.10141893499649	7.744	0.10141893499649	A
Diet.5mo.as.AL	Mailhella	1D	0.162387983426713	0.177843944142304	0.913092566687433	4	7.744	0.10141893499649	7.744	0.10141893499649	A
Diet.5mo.as.AL	Mailhella	2D	0.426391045518181	0.183588108328408	2.32254174521718	4	7.744	0.10141893499649	7.744	0.10141893499649	A
Diet.5mo.as.AL	Mailhella	20	0.0350429588521811	0.149867092148758	0.23382690856107	4	7.744	0.10141893499649	7.744	0.10141893499649	A
Diet.5mo.as.AL	Mailhella	40	-0.0132111157611533	0.172043153270619	-0.0767895467503586	4	7.744	0.10141893499649	7.744	0.10141893499649	A
Diet.5mo.as.AL	MarseilleP3106	AL	0	NA	NA	4	7.616	0.106701634433231	7.616	0.106701634433231	A
Diet.5mo.as.AL	MarseilleP3106	1D	0.322980086902204	0.175082429151767	1.84473158424273	4	7.616	0.106701634433231	7.616	0.106701634433231	A
Diet.5mo.as.AL	MarseilleP3106	2D	0.383943237405441	0.175336504595672	2.18975072128202	4	7.616	0.106701634433231	7.616	0.106701634433231	A
Diet.5mo.as.AL	MarseilleP3106	20	0.108684147124308	0.156797294703974	0.693150652436311	4	7.616	0.106701634433231	7.616	0.106701634433231	A
Diet.5mo.as.AL	MarseilleP3106	40	0.0162557047212331	0.173263349855092	0.0938207920765038	4	7.616	0.106701634433231	7.616	0.106701634433231	A
Diet.5mo.as.AL	MuribaculaceaeNOV	AL	0	NA	NA	4	11.244	0.0239544166494838	11.244	0.0239544166494838	A
Diet.5mo.as.AL	MuribaculaceaeNOV	1D	0.284508202484474	0.138804694343133	2.04970158848629	4	11.244	0.0239544166494838	11.244	0.0239544166494838	A
Diet.5mo.as.AL	MuribaculaceaeNOV	2D	0.329274145137612	0.137824416725538	2.38908426359116	4	11.244	0.0239544166494838	11.244	0.0239544166494838	A
Diet.5mo.as.AL	MuribaculaceaeNOV	20	0.00835133934562027	0.135713711573658	0.0615364449824779	4	11.244	0.0239544166494838	11.244	0.0239544166494838	A
Diet.5mo.as.AL	MuribaculaceaeNOV	40	0.285039290817013	0.142988064519594	1.99344813691044	4	11.244	0.0239544166494838	11.244	0.0239544166494838	A
Diet.5mo.as.AL	Muribaculum	AL	0	NA	NA	4	36.172	2.6672573449904e-07	36.172	2.6672573449904e-07	A
Diet.5mo.as.AL	Muribaculum	1D	0.30731301578471	0.152374583056661	2.01682596677186	4	36.172	2.6672573449904e-07	36.172	2.6672573449904e-07	A
Diet.5mo.as.AL	Muribaculum	2D	0.746686666419291	0.151387710372119	4.93228059651538	4	36.172	2.6672573449904e-07	36.172	2.6672573449904e-07	A
Diet.5mo.as.AL	Muribaculum	20	0.0468272186804333	0.143966749569265	0.325264123976794	4	36.172	2.6672573449904e-07	36.172	2.6672573449904e-07	A
Diet.5mo.as.AL	Muribaculum	40	0.564204349460919	0.15486726328992	3.64314792858899	4	36.172	2.6672573449904e-07	36.172	2.6672573449904e-07	A
Diet.5mo.as.AL	Oscillibacter	AL	0	NA	NA	4	45.52	3.09958836375301e-09	45.52	3.09958836375301e-09	A
Diet.5mo.as.AL	Oscillibacter	1D	0.106243021250935	0.15915028381849	0.667564133106443	4	45.52	3.09958836375301e-09	45.52	3.09958836375301e-09	A
Diet.5mo.as.AL	Oscillibacter	2D	0.0162941527074843	0.157227357741069	0.103634335281004	4	45.52	3.09958836375301e-09	45.52	3.09958836375301e-09	A
Diet.5mo.as.AL	Oscillibacter	20	-0.516069808960223	0.153534961303067	-3.36125273735888	4	45.52	3.09958836375301e-09	45.52	3.09958836375301e-09	A
Diet.5mo.as.AL	Oscillibacter	40	-0.773161437605111	0.162780614364482	-4.74971445846693	4	45.52	3.09958836375301e-09	45.52	3.09958836375301e-09	A
Diet.5mo.as.AL	OscillospiraceaeNOV	AL	0	NA	NA	4	69.28	3.21964677141295e-14	69.28	3.21964677141295e-14	A
Diet.5mo.as.AL	OscillospiraceaeNOV	1D	0.0814201803451544	0.153657186829701	0.529882018700451	4	69.28	3.21964677141295e-14	69.28	3.21964677141295e-14	A
Diet.5mo.as.AL	OscillospiraceaeNOV	2D	-0.169977926146122	0.151940715998173	-1.11871215710321	4	69.28	3.21964677141295e-14	69.28	3.21964677141295e-14	A
Diet.5mo.as.AL	OscillospiraceaeNOV	20	-0.516582310902962	0.148422669244979	-3.4804812063467	4	69.28	3.21964677141295e-14	69.28	3.21964677141295e-14	A
Diet.5mo.as.AL	OscillospiraceaeNOV	40	-1.06236740740208	0.157271048265321	-6.75500938742289	4	69.28	3.21964677141295e-14	69.28	3.21964677141295e-14	A
Diet.5mo.as.AL	Paramuribaculum	AL	0	NA	NA	4	57.04	1.21349597037579e-11	57.04	1.21349597037579e-11	A
Diet.5mo.as.AL	Paramuribaculum	1D	0.777294319859951	0.166356550333593	4.67245995604771	4	57.04	1.21349597037579e-11	57.04	1.21349597037579e-11	A
Diet.5mo.as.AL	Paramuribaculum	2D	1.13781212308746	0.168100086011096	6.7686587799387	4	57.04	1.21349597037579e-11	57.04	1.21349597037579e-11	A
Diet.5mo.as.AL	Paramuribaculum	20	0.537764512968817	0.148525321250843	3.62069247479083	4	57.04	1.21349597037579e-11	57.04	1.21349597037579e-11	A
Diet.5mo.as.AL	Paramuribaculum	40	1.02564904894303	0.165184434548944	6.20911438625368	4	57.04	1.21349597037579e-11	57.04	1.21349597037579e-11	A
Diet.5mo.as.AL	Parvibacter	AL	0	NA	NA	4	25.66	3.7053051263447e-05	25.66	3.7053051263447e-05	A
Diet.5mo.as.AL	Parvibacter	1D	0.396626604775275	0.16036909527295	2.47321096437073	4	25.66	3.7053051263447e-05	25.66	3.7053051263447e-05	A
Diet.5mo.as.AL	Parvibacter	2D	0.53316510212428	0.16093867114846	3.31284642975867	4	25.66	3.7053051263447e-05	25.66	3.7053051263447e-05	A
Diet.5mo.as.AL	Parvibacter	20	0.71546759142054	0.145744460874646	4.90905511692765	4	25.66	3.7053051263447e-05	25.66	3.7053051263447e-05	A
Diet.5mo.as.AL	Parvibacter	40	0.4811638101812	0.160895242031501	2.99054095140362	4	25.66	3.7053051263447e-05	25.66	3.7053051263447e-05	A
Diet.5mo.as.AL	PCoA1	AL	0	NA	NA	4	94.88	0	94.88	0	A
Diet.5mo.as.AL	PCoA1	1D	0.567524150619621	0.147266647585657	3.85371813593788	4	94.88	0	94.88	0	A
Diet.5mo.as.AL	PCoA1	2D	0.831753204651937	0.147383909739052	5.64344646660944	4	94.88	0	94.88	0	A
Diet.5mo.as.AL	PCoA1	20	0.722894501632012	0.132808448196965	5.44313642276661	4	94.88	0	94.88	0	A
Diet.5mo.as.AL	PCoA1	40	1.39403795343683	0.147421828784529	9.45611626806202	4	94.88	0	94.88	0	A
Diet.5mo.as.AL	PCoA2	AL	0	NA	NA	4	31.816	2.08610239194051e-06	31.816	2.08610239194051e-06	A
Diet.5mo.as.AL	PCoA2	1D	0.455246189353858	0.178085720207844	2.55633179809443	4	31.816	2.08610239194051e-06	31.816	2.08610239194051e-06	A
Diet.5mo.as.AL	PCoA2	2D	0.792880907216315	0.178166262853369	4.45023033271377	4	31.816	2.08610239194051e-06	31.816	2.08610239194051e-06	A
Diet.5mo.as.AL	PCoA2	20	0.163723245626622	0.166744698936585	0.981879763919141	4	31.816	2.08610239194051e-06	31.816	2.08610239194051e-06	A
Diet.5mo.as.AL	PCoA2	40	0.786964226924576	0.179908566069468	4.37424545210763	4	31.816	2.08610239194051e-06	31.816	2.08610239194051e-06	A
Diet.5mo.as.AL	PCoA3	AL	0	NA	NA	4	24.896	5.27910122704034e-05	24.896	5.27910122704034e-05	A
Diet.5mo.as.AL	PCoA3	1D	0.156046367706452	0.155994515827052	1.00033239552766	4	24.896	5.27910122704034e-05	24.896	5.27910122704034e-05	A
Diet.5mo.as.AL	PCoA3	2D	0.437635997587344	0.154658475147329	2.82969295520628	4	24.896	5.27910122704034e-05	24.896	5.27910122704034e-05	A
Diet.5mo.as.AL	PCoA3	20	-0.246577350262917	0.1490449021995	-1.6543829854232	4	24.896	5.27910122704034e-05	24.896	5.27910122704034e-05	A
Diet.5mo.as.AL	PCoA3	40	-0.206343694255916	0.158804450613559	-1.2993571241781	4	24.896	5.27910122704034e-05	24.896	5.27910122704034e-05	A
Diet.5mo.as.AL	Prevotella	AL	0	NA	NA	4	38.664	8.17333268843257e-08	38.664	8.17333268843257e-08	A
Diet.5mo.as.AL	Prevotella	1D	0.530416817962621	0.147005097091493	3.60815256380192	4	38.664	8.17333268843257e-08	38.664	8.17333268843257e-08	A
Diet.5mo.as.AL	Prevotella	2D	0.860608289303294	0.145054405942763	5.93300343901916	4	38.664	8.17333268843257e-08	38.664	8.17333268843257e-08	A
Diet.5mo.as.AL	Prevotella	20	0.310518403726154	0.141585587868762	2.19314980006283	4	38.664	8.17333268843257e-08	38.664	8.17333268843257e-08	A
Diet.5mo.as.AL	Prevotella	40	0.543588368143806	0.151014166794247	3.59958525536503	4	38.664	8.17333268843257e-08	38.664	8.17333268843257e-08	A
Diet.5mo.as.AL	Romboutsia	AL	0	NA	NA	4	9.248	0.055190919254453	9.248	0.055190919254453	A
Diet.5mo.as.AL	Romboutsia	1D	0.141850282740308	0.229761410565094	0.617380796851088	4	9.248	0.055190919254453	9.248	0.055190919254453	A
Diet.5mo.as.AL	Romboutsia	2D	0.300996412749083	0.22878234925979	1.31564525726279	4	9.248	0.055190919254453	9.248	0.055190919254453	A
Diet.5mo.as.AL	Romboutsia	20	0.23387108320404	0.227124928873349	1.02970239490731	4	9.248	0.055190919254453	9.248	0.055190919254453	A
Diet.5mo.as.AL	Romboutsia	40	0.68208364600681	0.236345698046105	2.88595752597008	4	9.248	0.055190919254453	9.248	0.055190919254453	A
Diet.5mo.as.AL	Roseburia	AL	0	NA	NA	4	16.484	0.00243394547137987	16.484	0.00243394547137987	A
Diet.5mo.as.AL	Roseburia	1D	-0.673379651159233	0.189706044886495	-3.54959511997697	4	16.484	0.00243394547137987	16.484	0.00243394547137987	A
Diet.5mo.as.AL	Roseburia	2D	-0.604044245736092	0.188237271151904	-3.20895135187462	4	16.484	0.00243394547137987	16.484	0.00243394547137987	A
Diet.5mo.as.AL	Roseburia	20	-0.310894029733216	0.185092986497783	-1.67966401977603	4	16.484	0.00243394547137987	16.484	0.00243394547137987	A
Diet.5mo.as.AL	Roseburia	40	-0.284734238482948	0.194141705195228	-1.46663097553728	4	16.484	0.00243394547137987	16.484	0.00243394547137987	A
Diet.5mo.as.AL	RuminiclostridiumE	AL	0	NA	NA	4	19.552	0.000612061028353428	19.552	0.000612061028353428	A
Diet.5mo.as.AL	RuminiclostridiumE	1D	-0.00148861031371846	0.198393441031961	-0.00750332423277365	4	19.552	0.000612061028353428	19.552	0.000612061028353428	A
Diet.5mo.as.AL	RuminiclostridiumE	2D	-0.687918530383641	0.197245409663251	-3.48762757804147	4	19.552	0.000612061028353428	19.552	0.000612061028353428	A
Diet.5mo.as.AL	RuminiclostridiumE	20	-0.0394218714047049	0.194593234096766	-0.202586033310394	4	19.552	0.000612061028353428	19.552	0.000612061028353428	A
Diet.5mo.as.AL	RuminiclostridiumE	40	-0.424919078136146	0.203459779281427	-2.08846721271821	4	19.552	0.000612061028353428	19.552	0.000612061028353428	A
Diet.5mo.as.AL	Schaedlerella	AL	0	NA	NA	4	40.12	4.08800162610135e-08	40.12	4.08800162610135e-08	A
Diet.5mo.as.AL	Schaedlerella	1D	-0.367866444564536	0.167770860144271	-2.19267186356556	4	40.12	4.08800162610135e-08	40.12	4.08800162610135e-08	A
Diet.5mo.as.AL	Schaedlerella	2D	-0.480429565424329	0.166802568835401	-2.88022881649029	4	40.12	4.08800162610135e-08	40.12	4.08800162610135e-08	A
Diet.5mo.as.AL	Schaedlerella	20	-0.623631645373315	0.159348279609732	-3.91363902328085	4	40.12	4.08800162610135e-08	40.12	4.08800162610135e-08	A
Diet.5mo.as.AL	Schaedlerella	40	-1.04188102278155	0.170677936514287	-6.10436852038188	4	40.12	4.08800162610135e-08	40.12	4.08800162610135e-08	A
Diet.5mo.as.AL	Shannon	AL	0	NA	NA	4	11.212	0.0242819580123049	11.212	0.0242819580123049	A
Diet.5mo.as.AL	Shannon	1D	0.143783145632542	0.172139163947387	0.835272708054324	4	11.212	0.0242819580123049	11.212	0.0242819580123049	A
Diet.5mo.as.AL	Shannon	2D	-0.204023731173839	0.170211805150765	-1.19864618669149	4	11.212	0.0242819580123049	11.212	0.0242819580123049	A
Diet.5mo.as.AL	Shannon	20	0.288968100504398	0.166093840855745	1.73978817646449	4	11.212	0.0242819580123049	11.212	0.0242819580123049	A
Diet.5mo.as.AL	Shannon	40	0.257237666646826	0.175427495804254	1.46634748143391	4	11.212	0.0242819580123049	11.212	0.0242819580123049	A
Diet.5mo.as.AL	Simpson	AL	0	NA	NA	4	11.86	0.0184232801822202	11.86	0.0184232801822202	A
Diet.5mo.as.AL	Simpson	1D	0.223550932546888	0.159200824342916	1.40420712938874	4	11.86	0.0184232801822202	11.86	0.0184232801822202	A
Diet.5mo.as.AL	Simpson	2D	0.028520537115462	0.156849454742875	0.181833830166743	4	11.86	0.0184232801822202	11.86	0.0184232801822202	A
Diet.5mo.as.AL	Simpson	20	0.321920522767195	0.152764129472997	2.10730440370884	4	11.86	0.0184232801822202	11.86	0.0184232801822202	A
Diet.5mo.as.AL	Simpson	40	0.466096514674031	0.162478464031563	2.86866642574543	4	11.86	0.0184232801822202	11.86	0.0184232801822202	A
Diet.5mo.as.AL	Staphylococcus	AL	0	NA	NA	4	7.18	0.126676336642714	7.18	0.126676336642714	A
Diet.5mo.as.AL	Staphylococcus	1D	-0.108290563350625	0.206168317365217	-0.525253175340197	4	7.18	0.126676336642714	7.18	0.126676336642714	A
Diet.5mo.as.AL	Staphylococcus	2D	-0.341946373966229	0.207454832522949	-1.64829312389434	4	7.18	0.126676336642714	7.18	0.126676336642714	A
Diet.5mo.as.AL	Staphylococcus	20	-0.153392972551837	0.190964919834563	-0.803252098263515	4	7.18	0.126676336642714	7.18	0.126676336642714	A
Diet.5mo.as.AL	Staphylococcus	40	0.191698810222908	0.206360564052266	0.928950795920269	4	7.18	0.126676336642714	7.18	0.126676336642714	A
Diet.5mo.as.AL	TF0111	AL	0	NA	NA	4	28.5	9.87582706812873e-06	28.5	9.87582706812873e-06	A
Diet.5mo.as.AL	TF0111	1D	-0.495669054657432	0.169014414769652	-2.93270284273076	4	28.5	9.87582706812873e-06	28.5	9.87582706812873e-06	A
Diet.5mo.as.AL	TF0111	2D	-0.668717937164758	0.168964176160983	-3.95774981631388	4	28.5	9.87582706812873e-06	28.5	9.87582706812873e-06	A
Diet.5mo.as.AL	TF0111	20	-0.160174837573205	0.153677096944468	-1.04228177625639	4	28.5	9.87582706812873e-06	28.5	9.87582706812873e-06	A
Diet.5mo.as.AL	TF0111	40	-0.74827454460457	0.168709240808226	-4.4352908057665	4	28.5	9.87582706812873e-06	28.5	9.87582706812873e-06	A
Diet.5mo.as.AL	Turicibacter	AL	0	NA	NA	4	8.784	0.066731136133073	8.784	0.066731136133073	A
Diet.5mo.as.AL	Turicibacter	1D	-0.32999500463291	0.168791467168408	-1.95504553736513	4	8.784	0.066731136133073	8.784	0.066731136133073	A
Diet.5mo.as.AL	Turicibacter	2D	-0.24616829643342	0.167006776814376	-1.47400184069794	4	8.784	0.066731136133073	8.784	0.066731136133073	A
Diet.5mo.as.AL	Turicibacter	20	-0.430722649564483	0.163193015958583	-2.63934487045571	4	8.784	0.066731136133073	8.784	0.066731136133073	A
Diet.5mo.as.AL	Turicibacter	40	-0.413656478819371	0.172657986765221	-2.39581432964266	4	8.784	0.066731136133073	8.784	0.066731136133073	A
Diet.5mo.as.AL	UBA11940	AL	0	NA	NA	4	55.36	2.73091549374271e-11	55.36	2.73091549374271e-11	A
Diet.5mo.as.AL	UBA11940	1D	-0.441527952194106	0.149959880693342	-2.94430717170949	4	55.36	2.73091549374271e-11	55.36	2.73091549374271e-11	A
Diet.5mo.as.AL	UBA11940	2D	-0.94710053679804	0.148036651218225	-6.39774359257758	4	55.36	2.73091549374271e-11	55.36	2.73091549374271e-11	A
Diet.5mo.as.AL	UBA11940	20	-0.0176951326673976	0.144395396637675	-0.12254637668124	4	55.36	2.73091549374271e-11	55.36	2.73091549374271e-11	A
Diet.5mo.as.AL	UBA11940	40	-0.209095904280392	0.153543209283137	-1.36180496198184	4	55.36	2.73091549374271e-11	55.36	2.73091549374271e-11	A
Diet.5mo.as.AL	UBA11957	AL	0	NA	NA	4	82.76	0	82.76	0	A
Diet.5mo.as.AL	UBA11957	1D	-0.564998242450818	0.152406723233653	-3.70717400428998	4	82.76	0	82.76	0	A
Diet.5mo.as.AL	UBA11957	2D	-1.02539076643406	0.150664916047487	-6.80577000494843	4	82.76	0	82.76	0	A
Diet.5mo.as.AL	UBA11957	20	-0.642678275452102	0.147239018867925	-4.36486388182599	4	82.76	0	82.76	0	A
Diet.5mo.as.AL	UBA11957	40	-1.30196520294617	0.156094351818998	-8.34088605881065	4	82.76	0	82.76	0	A
Diet.5mo.as.AL	UBA1394	AL	0	NA	NA	4	14.884	0.00494795582352403	14.884	0.00494795582352403	A
Diet.5mo.as.AL	UBA1394	1D	0.0775564733651481	0.158069396879515	0.490648252578985	4	14.884	0.00494795582352403	14.884	0.00494795582352403	A
Diet.5mo.as.AL	UBA1394	2D	-0.0872574300300846	0.157420911826011	-0.554293765789679	4	14.884	0.00494795582352403	14.884	0.00494795582352403	A
Diet.5mo.as.AL	UBA1394	20	0.30782765278993	0.143637135176923	2.14309240024014	4	14.884	0.00494795582352403	14.884	0.00494795582352403	A
Diet.5mo.as.AL	UBA1394	40	0.422029642732434	0.158650938272522	2.66011438273056	4	14.884	0.00494795582352403	14.884	0.00494795582352403	A
Diet.5mo.as.AL	UBA1405	AL	0	NA	NA	4	12.288	0.0153333182259495	12.288	0.0153333182259495	A
Diet.5mo.as.AL	UBA1405	1D	-0.472001460009766	0.175232032519328	-2.69357978232492	4	12.288	0.0153333182259495	12.288	0.0153333182259495	A
Diet.5mo.as.AL	UBA1405	2D	-0.480425780915877	0.177676156839589	-2.70394063818939	4	12.288	0.0153333182259495	12.288	0.0153333182259495	A
Diet.5mo.as.AL	UBA1405	20	-0.274012631866141	0.157958478755309	-1.73471303361062	4	12.288	0.0153333182259495	12.288	0.0153333182259495	A
Diet.5mo.as.AL	UBA1405	40	-0.545346643622555	0.173991641575757	-3.13432667617604	4	12.288	0.0153333182259495	12.288	0.0153333182259495	A
Diet.5mo.as.AL	UBA2882	AL	0	NA	NA	4	25.6	3.80986614940682e-05	25.6	3.80986614940682e-05	A
Diet.5mo.as.AL	UBA2882	1D	0.0583760243770638	0.156403818390199	0.373239125348117	4	25.6	3.80986614940682e-05	25.6	3.80986614940682e-05	A
Diet.5mo.as.AL	UBA2882	2D	-0.601488620844562	0.156401376810855	-3.84580131651894	4	25.6	3.80986614940682e-05	25.6	3.80986614940682e-05	A
Diet.5mo.as.AL	UBA2882	20	-0.281995565804014	0.138090215384613	-2.04211113016655	4	25.6	3.80986614940682e-05	25.6	3.80986614940682e-05	A
Diet.5mo.as.AL	UBA2882	40	-0.162738867548213	0.154845634963204	-1.05097484722049	4	25.6	3.80986614940682e-05	25.6	3.80986614940682e-05	A
Diet.5mo.as.AL	UBA3282	AL	0	NA	NA	4	4.072	0.396349397244202	4.072	0.396349397244202	A
Diet.5mo.as.AL	UBA3282	1D	-0.229486344822165	0.174277679405243	-1.31678563546022	4	4.072	0.396349397244202	4.072	0.396349397244202	A
Diet.5mo.as.AL	UBA3282	2D	-0.125731723285305	0.173106215287749	-0.726327030351307	4	4.072	0.396349397244202	4.072	0.396349397244202	A
Diet.5mo.as.AL	UBA3282	20	-0.315854221806477	0.164101586487659	-1.92474813051384	4	4.072	0.396349397244202	4.072	0.396349397244202	A
Diet.5mo.as.AL	UBA3282	40	-0.167114237704164	0.176514490971582	-0.94674514700931	4	4.072	0.396349397244202	4.072	0.396349397244202	A
Diet.5mo.as.AL	UBA3700	AL	0	NA	NA	4	17	0.00193294950560108	17	0.00193294950560108	A
Diet.5mo.as.AL	UBA3700	1D	0.18523221169613	0.15330099759508	1.20829097397912	4	17	0.00193294950560108	17	0.00193294950560108	A
Diet.5mo.as.AL	UBA3700	2D	-0.188281399312374	0.15111369717898	-1.2459585254497	4	17	0.00193294950560108	17	0.00193294950560108	A
Diet.5mo.as.AL	UBA3700	20	0.0708675143795266	0.145198556586911	0.488073132718146	4	17	0.00193294950560108	17	0.00193294950560108	A
Diet.5mo.as.AL	UBA3700	40	0.42734916496059	0.156127947632014	2.73717275761437	4	17	0.00193294950560108	17	0.00193294950560108	A
Diet.5mo.as.AL	UBA3700NOV	AL	0	NA	NA	4	57.04	1.21349597037579e-11	57.04	1.21349597037579e-11	A
Diet.5mo.as.AL	UBA3700NOV	1D	0.358397059640022	0.149749378935182	2.3933124944388	4	57.04	1.21349597037579e-11	57.04	1.21349597037579e-11	A
Diet.5mo.as.AL	UBA3700NOV	2D	0.977389675541811	0.148478141247266	6.58271761305342	4	57.04	1.21349597037579e-11	57.04	1.21349597037579e-11	A
Diet.5mo.as.AL	UBA3700NOV	20	0.310201937272948	0.133505753387022	2.32350988180787	4	57.04	1.21349597037579e-11	57.04	1.21349597037579e-11	A
Diet.5mo.as.AL	UBA3700NOV	40	0.795651783491703	0.148132910678609	5.37120198237353	4	57.04	1.21349597037579e-11	57.04	1.21349597037579e-11	A
Diet.5mo.as.AL	UBA3818	AL	0	NA	NA	4	36.824	1.95812441261545e-07	36.824	1.95812441261545e-07	A
Diet.5mo.as.AL	UBA3818	1D	-0.436776962244694	0.162440927432054	-2.68883568414365	4	36.824	1.95812441261545e-07	36.824	1.95812441261545e-07	A
Diet.5mo.as.AL	UBA3818	2D	-0.536565702129213	0.162955311895585	-3.29271685523833	4	36.824	1.95812441261545e-07	36.824	1.95812441261545e-07	A
Diet.5mo.as.AL	UBA3818	20	-0.774438425436574	0.140628021234876	-5.50699937776348	4	36.824	1.95812441261545e-07	36.824	1.95812441261545e-07	A
Diet.5mo.as.AL	UBA3818	40	-0.755851560699744	0.158753736507545	-4.76115761006875	4	36.824	1.95812441261545e-07	36.824	1.95812441261545e-07	A
Diet.5mo.as.AL	UBA7160	AL	0	NA	NA	4	8.128	0.0870003345303835	8.128	0.0870003345303835	A
Diet.5mo.as.AL	UBA7160	1D	-0.0366750538972871	0.159332787545358	-0.230178951001197	4	8.128	0.0870003345303835	8.128	0.0870003345303835	A
Diet.5mo.as.AL	UBA7160	2D	-0.0522143960243343	0.157391640571772	-0.331748216326165	4	8.128	0.0870003345303835	8.128	0.0870003345303835	A
Diet.5mo.as.AL	UBA7160	20	0.262215384788583	0.15364039778201	1.70668254296388	4	8.128	0.0870003345303835	8.128	0.0870003345303835	A
Diet.5mo.as.AL	UBA7160	40	0.267450127493558	0.163050717990152	1.64028794715097	4	8.128	0.0870003345303835	8.128	0.0870003345303835	A
Diet.5mo.as.AL	UBA7173	AL	0	NA	NA	4	30.468	3.92991723674463e-06	30.468	3.92991723674463e-06	A
Diet.5mo.as.AL	UBA7173	1D	0.497183492952925	0.158349656550987	3.1397825785169	4	30.468	3.92991723674463e-06	30.468	3.92991723674463e-06	A
Diet.5mo.as.AL	UBA7173	2D	0.707912152166915	0.159622690251776	4.43490929171982	4	30.468	3.92991723674463e-06	30.468	3.92991723674463e-06	A
Diet.5mo.as.AL	UBA7173	20	0.301664269866084	0.139109096250617	2.16854453085232	4	30.468	3.92991723674463e-06	30.468	3.92991723674463e-06	A
Diet.5mo.as.AL	UBA7173	40	0.767728572431936	0.156598904543787	4.90251559976442	4	30.468	3.92991723674463e-06	30.468	3.92991723674463e-06	A
Diet.5mo.as.AL	UBA7182	AL	0	NA	NA	4	32.592	1.44771408427946e-06	32.592	1.44771408427946e-06	A
Diet.5mo.as.AL	UBA7182	1D	-0.462476235758252	0.175711104551104	-2.63202622816445	4	32.592	1.44771408427946e-06	32.592	1.44771408427946e-06	A
Diet.5mo.as.AL	UBA7182	2D	-0.700628533905909	0.177391768835376	-3.94961129541535	4	32.592	1.44771408427946e-06	32.592	1.44771408427946e-06	A
Diet.5mo.as.AL	UBA7182	20	-0.345896526995612	0.155738850160057	-2.22100347241633	4	32.592	1.44771408427946e-06	32.592	1.44771408427946e-06	A
Diet.5mo.as.AL	UBA7182	40	-0.929913916835544	0.173488455101414	-5.36009105788599	4	32.592	1.44771408427946e-06	32.592	1.44771408427946e-06	A
Diet.5mo.as.AL	UBA946	AL	0	NA	NA	4	7.016	0.135045110592598	7.016	0.135045110592598	A
Diet.5mo.as.AL	UBA946	1D	0.337771241526981	0.178504862896672	1.89222431280486	4	7.016	0.135045110592598	7.016	0.135045110592598	A
Diet.5mo.as.AL	UBA946	2D	-0.0427113240191517	0.1802471446388	-0.236959781552943	4	7.016	0.135045110592598	7.016	0.135045110592598	A
Diet.5mo.as.AL	UBA946	20	-0.0267393628156818	0.156183081553669	-0.171205245470159	4	7.016	0.135045110592598	7.016	0.135045110592598	A
Diet.5mo.as.AL	UBA946	40	0.0408315361888969	0.175448875511658	0.232726120756378	4	7.016	0.135045110592598	7.016	0.135045110592598	A
Diet.5mo.as.AL	UBA9475	AL	0	NA	NA	4	39.012	6.92680224290143e-08	39.012	6.92680224290143e-08	A
Diet.5mo.as.AL	UBA9475	1D	-0.0802965054031032	0.162237463779621	-0.494931956728416	4	39.012	6.92680224290143e-08	39.012	6.92680224290143e-08	A
Diet.5mo.as.AL	UBA9475	2D	-0.146968185237094	0.160874667345269	-0.913557042027454	4	39.012	6.92680224290143e-08	39.012	6.92680224290143e-08	A
Diet.5mo.as.AL	UBA9475	20	-0.543444222654216	0.157831884980267	-3.44318401013941	4	39.012	6.92680224290143e-08	39.012	6.92680224290143e-08	A
Diet.5mo.as.AL	UBA9475	40	-0.875422560010449	0.166939184418825	-5.24396092539992	4	39.012	6.92680224290143e-08	39.012	6.92680224290143e-08	A
Diet.5mo.as.AL	UBA9502	AL	0	NA	NA	4	37.144	1.68235672726169e-07	37.144	1.68235672726169e-07	A
Diet.5mo.as.AL	UBA9502	1D	-0.228865726179639	0.179222346491634	-1.27699324699067	4	37.144	1.68235672726169e-07	37.144	1.68235672726169e-07	A
Diet.5mo.as.AL	UBA9502	2D	-0.207491395910108	0.179255598416351	-1.15751696316995	4	37.144	1.68235672726169e-07	37.144	1.68235672726169e-07	A
Diet.5mo.as.AL	UBA9502	20	-0.50437493471188	0.167160430901396	-3.01731056800995	4	37.144	1.68235672726169e-07	37.144	1.68235672726169e-07	A
Diet.5mo.as.AL	UBA9502	40	-1.00609245709005	0.180767922235298	-5.56565813585255	4	37.144	1.68235672726169e-07	37.144	1.68235672726169e-07	A
Diet.5mo.as.AL	UMGS1004	AL	0	NA	NA	4	97.8	0	97.8	0	A
Diet.5mo.as.AL	UMGS1004	1D	-0.0526997797310441	0.160961571347855	-0.327405972057482	4	97.8	0	97.8	0	A
Diet.5mo.as.AL	UMGS1004	2D	-0.210084437568929	0.159572921158009	-1.31654190475653	4	97.8	0	97.8	0	A
Diet.5mo.as.AL	UMGS1004	20	0.572621165323032	0.156296820937519	3.6636776224127	4	97.8	0	97.8	0	A
Diet.5mo.as.AL	UMGS1004	40	1.19578496600614	0.164440395386732	7.27184438588753	4	97.8	0	97.8	0	A
Diet.5mo.as.AL	UMGS1217	AL	0	NA	NA	4	10.132	0.0382619024965851	10.132	0.0382619024965851	A
Diet.5mo.as.AL	UMGS1217	1D	-0.195448584725329	0.161448972484601	-1.21059045293069	4	10.132	0.0382619024965851	10.132	0.0382619024965851	A
Diet.5mo.as.AL	UMGS1217	2D	-0.437264590749685	0.159227885588711	-2.74615585789507	4	10.132	0.0382619024965851	10.132	0.0382619024965851	A
Diet.5mo.as.AL	UMGS1217	20	-0.042040321298581	0.15519192250068	-0.270892457681853	4	10.132	0.0382619024965851	10.132	0.0382619024965851	A
Diet.5mo.as.AL	UMGS1217	40	-0.0340472123541382	0.164837901747231	-0.206549658745035	4	10.132	0.0382619024965851	10.132	0.0382619024965851	A
Diet.5mo.as.AL	UMGS1370	AL	0	NA	NA	4	57.8	8.40549851943706e-12	57.8	8.40549851943706e-12	A
Diet.5mo.as.AL	UMGS1370	1D	-0.529613175066043	0.17645540508767	-3.00139955929891	4	57.8	8.40549851943706e-12	57.8	8.40549851943706e-12	A
Diet.5mo.as.AL	UMGS1370	2D	-0.609987866983603	0.176419717995957	-3.45759461534556	4	57.8	8.40549851943706e-12	57.8	8.40549851943706e-12	A
Diet.5mo.as.AL	UMGS1370	20	-0.735958875953503	0.164354697466552	-4.47786943298823	4	57.8	8.40549851943706e-12	57.8	8.40549851943706e-12	A
Diet.5mo.as.AL	UMGS1370	40	-1.32074442855137	0.177477880248799	-7.44174105922311	4	57.8	8.40549851943706e-12	57.8	8.40549851943706e-12	A
Diet.5mo.as.AL	UMGS1815	AL	0	NA	NA	4	122.16	0	122.16	0	A
Diet.5mo.as.AL	UMGS1815	1D	0.605002648643994	0.159866051474584	3.78443480065673	4	122.16	0	122.16	0	A
Diet.5mo.as.AL	UMGS1815	2D	0.90291160983197	0.162244106927703	5.56514271568776	4	122.16	0	122.16	0	A
Diet.5mo.as.AL	UMGS1815	20	0.97367384244195	0.141709878201747	6.87089605042048	4	122.16	0	122.16	0	A
Diet.5mo.as.AL	UMGS1815	40	1.65022669744423	0.157926549696755	10.4493304046276	4	122.16	0	122.16	0	A
Diet.5mo.as.AL	UMGS1872	AL	0	NA	NA	4	61.64	1.31139543668723e-12	61.64	1.31139543668723e-12	A
Diet.5mo.as.AL	UMGS1872	1D	0.0390097515546982	0.146320900920278	0.266604096266141	4	61.64	1.31139543668723e-12	61.64	1.31139543668723e-12	A
Diet.5mo.as.AL	UMGS1872	2D	0.129664379298959	0.148149374241862	0.875227316770676	4	61.64	1.31139543668723e-12	61.64	1.31139543668723e-12	A
Diet.5mo.as.AL	UMGS1872	20	-0.258586972837636	0.1233554967496	-2.09627442352686	4	61.64	1.31139543668723e-12	61.64	1.31139543668723e-12	A
Diet.5mo.as.AL	UMGS1872	40	-0.836023188586241	0.142782778950647	-5.85521023424831	4	61.64	1.31139543668723e-12	61.64	1.31139543668723e-12	A
Diet.5mo.as.AL	UMGS268	AL	0	NA	NA	4	11.872	0.0183289269310495	11.872	0.0183289269310495	A
Diet.5mo.as.AL	UMGS268	1D	-0.176440171048308	0.159148829985346	-1.10864887328769	4	11.872	0.0183289269310495	11.872	0.0183289269310495	A
Diet.5mo.as.AL	UMGS268	2D	-0.378361973546926	0.157445185951167	-2.40313459735935	4	11.872	0.0183289269310495	11.872	0.0183289269310495	A
Diet.5mo.as.AL	UMGS268	20	-0.097328717038	0.14459078872938	-0.673132209135142	4	11.872	0.0183289269310495	11.872	0.0183289269310495	A
Diet.5mo.as.AL	UMGS268	40	0.149175211932454	0.158620817965327	0.940451662309939	4	11.872	0.0183289269310495	11.872	0.0183289269310495	A
Diet.5mo.as.AL	uniq	AL	0	NA	NA	4	33.5	9.43551882626181e-07	33.5	9.43551882626181e-07	A
Diet.5mo.as.AL	uniq	1D	0.648081896496902	0.174818674055979	3.70716629671598	4	33.5	9.43551882626181e-07	33.5	9.43551882626181e-07	A
Diet.5mo.as.AL	uniq	2D	0.877427432536295	0.174226203310197	5.03613931696657	4	33.5	9.43551882626181e-07	33.5	9.43551882626181e-07	A
Diet.5mo.as.AL	uniq	20	0.488289528895424	0.163036906311398	2.99496316473767	4	33.5	9.43551882626181e-07	33.5	9.43551882626181e-07	A
Diet.5mo.as.AL	uniq	40	0.85687832095261	0.175619645280649	4.87917123157421	4	33.5	9.43551882626181e-07	33.5	9.43551882626181e-07	A
Diet.5mo.as.AL	X142	AL	0	NA	NA	4	14.652	0.00548018263387984	14.652	0.00548018263387984	A
Diet.5mo.as.AL	X142	1D	-0.250502983016995	0.161688546290757	-1.54929330966045	4	14.652	0.00548018263387984	14.652	0.00548018263387984	A
Diet.5mo.as.AL	X142	2D	-0.138039894645676	0.159831590057176	-0.863658395666938	4	14.652	0.00548018263387984	14.652	0.00548018263387984	A
Diet.5mo.as.AL	X142	20	-0.467782277567283	0.15245661902039	-3.06829759555878	4	14.652	0.00548018263387984	14.652	0.00548018263387984	A
Diet.5mo.as.AL	X142	40	-0.509790917781751	0.164055560668126	-3.10742845719826	4	14.652	0.00548018263387984	14.652	0.00548018263387984	A
Diet.5mo.as.AL	X1XD4269	AL	0	NA	NA	4	10.044	0.039692994415723	10.044	0.039692994415723	A
Diet.5mo.as.AL	X1XD4269	1D	0.286246417611311	0.183732562570352	1.55795147907822	4	10.044	0.039692994415723	10.044	0.039692994415723	A
Diet.5mo.as.AL	X1XD4269	2D	0.342007021598497	0.183959859434066	1.85913939405393	4	10.044	0.039692994415723	10.044	0.039692994415723	A
Diet.5mo.as.AL	X1XD4269	20	-0.0355225312863032	0.168908469024051	-0.210306395478874	4	10.044	0.039692994415723	10.044	0.039692994415723	A
Diet.5mo.as.AL	X1XD4269	40	-0.1416557935524	0.184088213183157	-0.769499530159818	4	10.044	0.039692994415723	10.044	0.039692994415723	A
Diet.5mo.as.AL	X1XD876	AL	0	NA	NA	4	8.316	0.0806649524337335	8.316	0.0806649524337335	A
Diet.5mo.as.AL	X1XD876	1D	-0.0569915449490097	0.183790923008085	-0.31008900774987	4	8.316	0.0806649524337335	8.316	0.0806649524337335	A
Diet.5mo.as.AL	X1XD876	2D	0.0139511280166715	0.182505982692954	0.0764420311642204	4	8.316	0.0806649524337335	8.316	0.0806649524337335	A
Diet.5mo.as.AL	X1XD876	20	-0.272245253328464	0.178973257525422	-1.52115046176546	4	8.316	0.0806649524337335	8.316	0.0806649524337335	A
Diet.5mo.as.AL	X1XD876	40	-0.422363207615487	0.188186566963464	-2.24438552884324	4	8.316	0.0806649524337335	8.316	0.0806649524337335	A
