fixef	feature	fixef.value	solution	std.error	z.ratio	Df	Wald(inc)	Pr(chisq)(inc)	Wald(con)	Pr(chisq)(con)	Margin
(Intercept)	Acetatifactor	NA	0.0158967725746718	0.17499932337746	0.0908390516481234	1	0.02496	0.874466773647366	0.09396	0.759201937568468	 
(Intercept)	Acutalibacter	NA	0.326796139045857	0.139721832075294	2.33890533921536	1	0.09554	0.75724891678002	0.0002068	0.988526382693957	 
(Intercept)	Adlercreutzia	NA	-0.220629572938344	0.22069326916576	-0.99971138119592	1	0.1105	0.739575609467101	0.166	0.683691480283632	 
(Intercept)	AF3328	NA	0.124196473930468	0.155125808473424	0.800617738290434	1	0.005531	0.940715427682806	0.01281	0.90988684419326	 
(Intercept)	Akkermansia	NA	-0.225035559914362	0.194366413011178	-1.15779036320138	1	0.02709	0.869266387306397	0.06228	0.802927935278324	 
(Intercept)	Alistipes	NA	-0.0270399775999272	0.227817154334566	-0.118691578247953	1	0.06855	0.793459795556851	3.753e-05	0.995112051435786	 
(Intercept)	AM0715	NA	0.320210542874134	0.157178732124948	2.03723836262774	1	0.01997	0.887620902424416	0.03552	0.850510187210492	 
(Intercept)	Anaerotignum	NA	0.0768109060593167	0.175478914275351	0.437721571144381	1	0.03688	0.847709571068749	0.007937	0.929010509969396	 
(Intercept)	Anaerotruncus	NA	0.292764289464592	0.159366944313669	1.83704525882337	1	0.01286	0.909711901722235	0.01839	0.892129809796833	 
(Intercept)	AnaerovoracaceaeNOV	NA	0.0498987960794788	0.130883469134145	0.381245977124403	1	0.001192	0.972458225623605	0.001203	0.972331487841662	 
(Intercept)	Angelakisella	NA	0.236335916156357	0.139813641711996	1.6903637818346	1	0.002671	0.958782304502749	0.02854	0.865845520459252	 
(Intercept)	ASF356	NA	0.170088594794302	0.209294587558571	0.812675553526686	1	0.08198	0.774631894326244	0.02336	0.878524622100747	 
(Intercept)	Bacteroides	NA	-0.187055819374727	0.201991627707751	-0.926057290084152	1	0.5904	0.442264482876072	0.04697	0.8284221704953	 
(Intercept)	Bifidobacterium	NA	-0.114587775401787	0.160896504554787	-0.712183124915364	1	0.2353	0.627621504133874	0.01923	0.889709127312817	 
(Intercept)	BorkfalkiaceaeNOV	NA	-0.0818658203168699	0.163916050351352	-0.49943748730763	1	0.01109	0.916130567022111	5.409e-05	0.994131938766815	 
(Intercept)	ButyricicoccaceaeNOV	NA	0.19399827829488	0.173641348590307	1.11723549644044	1	0.01287	0.909676954587082	0.01319	0.908565820002882	 
(Intercept)	CAG115	NA	0.191633115855012	0.222304818353437	0.862028620316901	1	0.7207	0.395914392430529	0.372	0.541916110060683	 
(Intercept)	CAG145	NA	0.0387981383729763	0.200172056687231	0.193823948332601	1	0.002954	0.956655746125967	0.00383	0.950652825098175	 
(Intercept)	CAG273	NA	-0.00601717993566784	0.111303021747586	-0.0540612450694616	1	0.0005526	0.981245499374128	0.000379	0.984467826460672	 
(Intercept)	CAG274NOV	NA	0.390238260766675	0.0725010638442395	5.38251771870629	1	0.006282	0.936826562138828	0.1251	0.723567632259917	 
(Intercept)	CAG303	NA	0.141253615861159	0.138968481016827	1.01644354768515	1	0.4241	0.514898281494034	0.1173	0.731981509352312	 
(Intercept)	CAG41	NA	0.282028680989926	0.0827769658389382	3.40709131014392	1	0.4862	0.485627311979476	1.072	0.300494129802672	 
(Intercept)	CAG475	NA	-0.00267113918489991	0.205316871323148	-0.0130098377580273	1	0.0004112	0.983821552213046	0.007648	0.930311566449406	 
(Intercept)	CAG485	NA	-0.3640154084675	0.165747249488976	-2.19620783807765	1	0.0002911	0.986387431001509	0.01651	0.897760226400462	 
(Intercept)	CAG510	NA	-0.0530404822711544	0.184383693336941	-0.287663628552167	1	0.7322	0.392171011052438	0.1655	0.68414246443986	 
(Intercept)	CAG552NOV	NA	0.0504122453607188	0.220113040929387	0.229028889646257	1	3.779e-06	0.998448941300501	0.03377	0.854196907726443	 
(Intercept)	CAG56	NA	0.0553106975328335	0.161571091158166	0.342330407849314	1	0.2037	0.651750743238256	0.1228	0.72601728384579	 
(Intercept)	CAG582	NA	-0.0517669607450845	0.177944314214446	-0.290916632956861	1	2.852e-05	0.995738987995526	0.09628	0.756340292975966	 
(Intercept)	CAG776	NA	-0.129649919925422	0.156377690114416	-0.829081947882473	1	0.0006735	0.979295720866751	0.01167	0.913973660497643	 
(Intercept)	CAG81	NA	0.213588312720068	0.12984954258715	1.64489075944735	1	0.007195	0.932401833126982	0.01424	0.905012751282051	 
(Intercept)	CAG873	NA	-0.29921079255556	0.199728452649837	-1.49808797187316	1	0.0002818	0.986606620987493	0.0007026	0.978853267057514	 
(Intercept)	CAG95	NA	0.152389924277856	0.133701059218171	1.139780979814	1	0.004254	0.94799669125438	0.0002193	0.988184733982721	 
(Intercept)	Chao1	NA	-0.063707867505886	0.0719048542283184	-0.886002317779483	1	0.004349	0.947420062510046	0.002284	0.961882639899687	 
(Intercept)	Clostridium	NA	-0.0221828609780057	0.126816889817125	-0.174920399088751	1	0.6538	0.418757347800012	0.1659	0.683781613705331	 
(Intercept)	ClostridiumQ	NA	0.133261285747119	0.184290713883607	0.723103638478947	1	0.0001048	0.991832049123089	0.001895	0.965277777054242	 
(Intercept)	COE1	NA	0.3245145957114	0.173852808491879	1.86660542631705	1	0.1779	0.673184193304182	0.007345	0.931702536771321	 
(Intercept)	D1663	NA	-0.0297400687941741	0.135630369039248	-0.219272932786668	1	0.1493	0.699205202793524	0.2226	0.637065949941042	 
(Intercept)	Desulfovibrio	NA	-0.0898251075605697	0.191392170067965	-0.469324881622231	1	0.006365	0.936411475633702	0.2367	0.626599774680962	 
(Intercept)	Dorea	NA	0.196419056218874	0.188326502848767	1.04297086839979	1	0.01874	0.891114486902828	0.009152	0.923785776817115	 
(Intercept)	Dubosiella	NA	0.0151396980402851	0.108385039777811	0.139684388835594	1	1.111	0.291864674015846	0.08363	0.772437116566331	 
(Intercept)	Duncaniella	NA	-0.255297565578726	0.208688987778854	-1.22333990066242	1	0.02934	0.863996349250543	0.02934	0.863996349250543	 
(Intercept)	Emergencia	NA	0.133412840791049	0.112427670528436	1.18665485252854	1	0.4144	0.51974464521835	0.05951	0.80727208813994	 
(Intercept)	EnterococcusD	NA	-0.152229521006488	0.209984305440805	-0.724956661341541	1	0.0004171	0.983705915412174	0.009868	0.920870060809452	 
(Intercept)	ErysipelatoclostridiaceaeNOV	NA	-0.147730483366773	0.239215826887224	-0.617561493690046	1	0.07154	0.789107598656107	0.08102	0.775919867993458	 
(Intercept)	Erysipelatoclostridium	NA	-0.16079129519587	0.206135621676837	-0.780026731371764	1	0.002351	0.961328035742981	0.002195	0.962632119311848	 
(Intercept)	ErysipelotrichaceaeNOV	NA	0.0254817657646396	0.0988731255291641	0.257721859486715	1	0.4314	0.511302788012985	0.139	0.709277178230712	 
(Intercept)	Escherichia	NA	-0.208748154636075	0.184664402225796	-1.13041903106388	1	0.009244	0.92340483799345	0.02969	0.863195502233687	 
(Intercept)	EubacteriumF	NA	-0.0416470928156773	0.14597050713886	-0.285311695026577	1	0.001865	0.965553547435421	0.03378	0.85417556360712	 
(Intercept)	EubacteriumG	NA	0.227382748654147	0.143335576988653	1.58636643763709	1	0.0001412	0.990519151876466	0.03812	0.845202374906054	 
(Intercept)	EubacteriumJ	NA	0.338960630525594	0.150166724633776	2.25722863272304	1	0.002773	0.958003382096737	0.03253	0.856869366240135	 
(Intercept)	Evtepia	NA	0.264176199005325	0.136604638002945	1.93387430227391	1	0.002194	0.962640626102525	0.003433	0.953277235503612	 
(Intercept)	Flavonifractor	NA	0.255514140442747	0.153885470347508	1.66041758111236	1	0.005023	0.943498731859895	0.01179	0.913534223518793	 
(Intercept)	HungatellaA	NA	0.0924365314732478	0.182464360922646	0.506600472584537	1	0.04069	0.840137483531514	0.01875	0.891085620217217	 
(Intercept)	Ileibacterium	NA	-0.147177597607712	0.22100413083727	-0.665949532482187	1	1.1	0.294266104304963	0.08472	0.77100007595687	 
(Intercept)	Kineothrix	NA	-0.291674329847325	0.163732030873937	-1.7814127650557	1	0.2602	0.609982785430319	0.05376	0.816645178175466	 
(Intercept)	Lachnospira	NA	0.156484739319184	0.163488910239941	0.957158128276239	1	0.0951	0.757791008231721	0.01994	0.887704785107297	 
(Intercept)	LachnospiraceaeNOV	NA	0.111935190820294	0.119892305693707	0.933631146491241	1	0.01594	0.899531094804789	0.001583	0.968262994314903	 
(Intercept)	Lactobacillus	NA	-0.39180303898975	0.237020504101854	-1.65303436710851	1	0.008332	0.927270276455913	0.001843	0.965757194054394	 
(Intercept)	Lawsonibacter	NA	0.228439410082763	0.116464029157898	1.96145893057721	1	0.03683	0.847811577822399	0.116	0.733413969819589	 
(Intercept)	Ligilactobacillus	NA	-0.454881906465685	0.109544222009704	-4.15249565992983	1	0.9388	0.332586642130793	2.154	0.142198996913175	 
(Intercept)	Limosilactobacillus	NA	-0.370509362149632	0.189684452590287	-1.95329325672211	1	0.0003914	0.984215815728857	0.0001227	0.991162010900142	 
(Intercept)	Mailhella	NA	-0.0994513443206888	0.208821523273325	-0.476250449483206	1	0.01102	0.916394703703949	0.01487	0.902944469950162	 
(Intercept)	MarseilleP3106	NA	-0.0761049856359449	0.121177496990369	-0.628045532595821	1	0.003454	0.953134713448435	0.02386	0.877241667128763	 
(Intercept)	MuribaculaceaeNOV	NA	-0.162366383044754	0.186945643317602	-0.868521887770928	1	0.3563	0.550568336268436	0.1541	0.694647643328966	 
(Intercept)	Muribaculum	NA	-0.297054533734336	0.215004131954443	-1.38162244155047	1	0.02305	0.879327121159344	0.1199	0.729142972901411	 
(Intercept)	Oscillibacter	NA	0.175574958801601	0.117086793463761	1.49952828673152	1	0.006409	0.936192534172787	0.02364	0.877804455189977	 
(Intercept)	OscillospiraceaeNOV	NA	0.206612201004048	0.166632863785096	1.23992468418782	1	0.002779	0.957958014178865	0.02997	0.862558317754996	 
(Intercept)	Paramuribaculum	NA	-0.436457107489893	0.18623618035373	-2.3435677571399	1	0.0001374	0.990647591184382	0.00811	0.928243080798362	 
(Intercept)	Parvibacter	NA	-0.228991146586496	0.242593378788022	-0.943929911568563	1	0.1654	0.684232756523376	0.1995	0.655124734634532	 
(Intercept)	PCoA1	NA	-0.444586076002798	0.178092970325309	-2.4963707168829	1	5.748e-05	0.993950851018115	0.04465	0.832648917898631	 
(Intercept)	PCoA2	NA	-0.339016384408113	0.157253544547179	-2.15585846019771	1	0.3808	0.53717540060389	0.06546	0.798065490717425	 
(Intercept)	PCoA3	NA	0.0770756273452998	0.194152766744502	0.396984439818613	1	0.1701	0.680022949816241	0.08493	0.770724368825394	 
(Intercept)	Prevotella	NA	-0.168148730741988	0.21447845130868	-0.783988926234771	1	0.01468	0.90356347449564	0.007398	0.931457174374929	 
(Intercept)	Romboutsia	NA	-0.116405986368194	0.142861548263739	-0.814816777382919	1	0.1934	0.66010176485342	0.02418	0.87642778762112	 
(Intercept)	Roseburia	NA	0.136362927301561	0.102092229254771	1.33568370773124	1	0.3493	0.554509650780264	0.228	0.633010780025339	 
(Intercept)	RuminiclostridiumE	NA	0.224124737555105	0.136721853183915	1.63927515854849	1	0.05407	0.816126724537044	0.006194	0.937269678923147	 
(Intercept)	Schaedlerella	NA	0.331261679902953	0.161663932751241	2.04907597053623	1	0.1467	0.701709116727119	0.02121	0.884208325591402	 
(Intercept)	Shannon	NA	-0.122633168228391	0.0997364639098787	-1.22957204838545	1	0.0444	0.833111171251983	0.01667	0.897268746615957	 
(Intercept)	Simpson	NA	-0.197564578990821	0.0681182434672382	-2.90031816639313	1	0.1422	0.706103636470568	0.02974	0.863081493082635	 
(Intercept)	Staphylococcus	NA	-0.0756606754632697	0.0914006338047005	-0.827791584300574	1	0.09443	0.758619109881874	0.1825	0.669233524946864	 
(Intercept)	TF0111	NA	0.329509955979802	0.189524201627128	1.7386167737463	1	0.001309	0.97113874948828	0.0004491	0.983092512187325	 
(Intercept)	Turicibacter	NA	0.115550889713642	0.149810883078832	0.771311718741009	1	0.4761	0.490194187348619	0.05825	0.809283576608161	 
(Intercept)	UBA11940	NA	0.303958898203757	0.184052148038284	1.65148248169607	1	0.01443	0.904384180167308	0.1285	0.719992387970571	 
(Intercept)	UBA11957	NA	0.456323784118105	0.191130338215953	2.3875005317184	1	0.1691	0.680912907791917	0.002012	0.964222628068718	 
(Intercept)	UBA1394	NA	-0.106137258623728	0.200064322833664	-0.530515671762089	1	0.06547	0.798050400693236	0.02722	0.868955908329959	 
(Intercept)	UBA1405	NA	0.255879402272363	0.186823175661736	1.36963415468144	1	0.03273	0.85643480945909	0.01048	0.918461509930157	 
(Intercept)	UBA2882	NA	-0.0234170215954507	0.216888393808063	-0.107968071432046	1	0.08831	0.766336735814716	0.0541	0.816076634829117	 
(Intercept)	UBA3282	NA	0.118468238918192	0.138726830850172	0.853967745043783	1	1.415e-05	0.996998645757228	0.04249	0.836688563675768	 
(Intercept)	UBA3700	NA	-0.0918668179061878	0.174144391079976	-0.527532453594775	1	0.0002428	0.987567833194871	0.005138	0.942856697250889	 
(Intercept)	UBA3700NOV	NA	-0.411625522709207	0.0886660079725841	-4.64242760130222	1	0.009365	0.922906721664146	0.01789	0.893597494660631	 
(Intercept)	UBA3818	NA	0.267181580112124	0.102766133099662	2.59989913070889	1	0.003417	0.953386117563408	0.01273	0.910167472949282	 
(Intercept)	UBA7160	NA	-0.0498336833122096	0.12830904410587	-0.388387924323485	1	0.03907	0.843310049633057	0.01933	0.889424569625812	 
(Intercept)	UBA7173	NA	-0.251208807373047	0.217057901391173	-1.15733546561997	1	0.00292	0.956905666159542	0.004663	0.945557839077329	 
(Intercept)	UBA7182	NA	0.400503584126515	0.188405311787011	2.12575526840389	1	0.005606	0.940315579152578	0.0005482	0.981320299939338	 
(Intercept)	UBA946	NA	0.0153288979384716	0.180957709916167	0.0847098360471794	1	0.006314	0.936666203827389	0.003043	0.956008292136315	 
(Intercept)	UBA9475	NA	0.194363252921986	0.190672142399807	1.01935841531816	1	0.0008357	0.97693758536604	0.1192	0.729903778793854	 
(Intercept)	UBA9502	NA	0.372466928266753	0.14086582896611	2.64412548451593	1	0.007356	0.931651539351976	0.006176	0.937360705828591	 
(Intercept)	UMGS1004	NA	-0.231078293885381	0.179416734499357	-1.28794169914072	1	0.03402	0.853664281183958	0.0283	0.866405457158169	 
(Intercept)	UMGS1217	NA	0.105669608147765	0.0830380629060488	1.27254423392947	1	0.0001274	0.990994339844977	0.1395	0.70877858668833	 
(Intercept)	UMGS1370	NA	0.441486035666492	0.14591456017249	3.02564757858707	1	8.578e-08	0.999766313794776	0.001672	0.967383512613697	 
(Intercept)	UMGS1815	NA	-0.598125282982531	0.152614500449843	-3.91919038636244	1	0.01641	0.89806863140249	0.003255	0.954503288783569	 
(Intercept)	UMGS1872	NA	0.182099257277795	0.212582299192938	0.856605926124277	1	0.005827	0.939152749017822	0.007347	0.931693261653463	 
(Intercept)	UMGS268	NA	0.0611679517161172	0.185933910374384	0.328976847703325	1	0.0001038	0.991871110406707	0.06872	0.793209656012442	 
(Intercept)	uniq	NA	-0.222775414102112	0.123424402541337	-1.8049543648996	1	1.407e-05	0.997007142137038	0.0005978	0.980493706776432	 
(Intercept)	X142	NA	0.201892471482904	0.1918988567546	1.0520775105038	1	0.01976	0.888209438356213	0.009773	0.921250631777577	 
(Intercept)	X1XD4269	NA	0.0382836420259974	0.124781083557948	0.306806456030001	1	0.03032	0.861766133093224	0.05815	0.809444200685405	 
(Intercept)	X1XD876	NA	0.144470896917257	0.195256848481182	0.739901816714921	1	0.0006163	0.980194238823392	0.0005981	0.980488813845947	 
age.wks.scaled	Acetatifactor	NA	-0.0938271155543336	0.0377694614710578	-2.48420580807677	1	5.027	0.0249550888336636	6.172	0.012978780185686	A
age.wks.scaled	Acutalibacter	NA	-0.0554681132359084	0.0346056446980345	-1.60286316639721	1	28.41	9.81569791003167e-08	2.569	0.108976601217227	A
age.wks.scaled	Adlercreutzia	NA	0.0597203963891989	0.0334392762510185	1.78593567459104	1	7.469	0.00627704078554248	3.189	0.074135349210238	A
age.wks.scaled	AF3328	NA	-0.0349490788542855	0.0291337415596042	-1.19960832297437	1	8.396	0.00376047580175853	1.439	0.230301230731251	A
age.wks.scaled	Akkermansia	NA	-0.0176393612914528	0.0375460282263637	-0.469806318396867	1	2.324	0.127392064352979	0.2208	0.638431033457645	A
age.wks.scaled	Alistipes	NA	0.0795564373011345	0.0406814052546189	1.95559707938313	1	5.701	0.0169552500921859	3.823	0.0505536469156456	A
age.wks.scaled	AM0715	NA	-0.135319124671272	0.0230717390927353	-5.86514627819629	1	133.2	0	34.4	4.48723280754848e-09	A
age.wks.scaled	Anaerotignum	NA	0.136532608861079	0.0315311148399774	4.33009138921953	1	15.51	8.20699357916288e-05	18.74	1.49806864807589e-05	A
age.wks.scaled	Anaerotruncus	NA	0.0260285663996357	0.0269377679833041	0.966248072808707	1	7.96	0.00478224141339045	0.9336	0.333929211227728	A
age.wks.scaled	AnaerovoracaceaeNOV	NA	-0.049918207315435	0.0345898260527958	-1.44314710456314	1	4.009	0.0452579864888353	2.085	0.148752222479705	A
age.wks.scaled	Angelakisella	NA	-0.150984598485498	0.0330660209900041	-4.56615564754952	1	49.68	1.80977455244147e-12	20.85	4.96692257823117e-06	A
age.wks.scaled	ASF356	NA	-0.293330829097766	0.0245609641344173	-11.9429688302309	1	269	0	142.6	0	A
age.wks.scaled	Bacteroides	NA	0.132763300370276	0.0541282875622527	2.45275264283183	1	17.67	2.62737951298719e-05	5.988	0.0144035241759852	A
age.wks.scaled	Bifidobacterium	NA	0.484105290777781	0.0314420905840549	15.3967271827429	1	299	0	237.8	0	A
age.wks.scaled	BorkfalkiaceaeNOV	NA	-0.14364376153067	0.0304166119538933	-4.72254312046362	1	13.63	0.000222599878741292	22.31	2.31995339994295e-06	A
age.wks.scaled	ButyricicoccaceaeNOV	NA	-0.106940121444652	0.024176446761021	-4.4233183851098	1	54.56	1.50768286744096e-13	19.57	9.69801319083974e-06	A
age.wks.scaled	CAG115	NA	0.140985027946346	0.0501758723901903	2.80981717368025	1	7.511	0.00613233158294757	7.895	0.00495716379921773	A
age.wks.scaled	CAG145	NA	-0.0906435475578881	0.0246230203151146	-3.68125219399862	1	20.13	7.23528521773265e-06	13.55	0.000232291423450937	A
age.wks.scaled	CAG273	NA	-0.199687714625734	0.0272137264860525	-7.33775709578318	1	64.78	8.88178419700125e-16	53.84	2.17492690524068e-13	A
age.wks.scaled	CAG274NOV	NA	-0.0919342252818911	0.0299629345160482	-3.06826506704979	1	52.58	4.13113987463021e-13	9.414	0.00215334965475644	A
age.wks.scaled	CAG303	NA	-0.108634507738674	0.0370414786148479	-2.93278000233847	1	21.95	2.79846900785863e-06	8.6	0.00336163003141232	A
age.wks.scaled	CAG41	NA	-0.0283895250187213	0.0401867067993623	-0.70644069344771	1	4.126	0.0422290556966918	0.4991	0.479895841504818	A
age.wks.scaled	CAG475	NA	-0.205277751864172	0.0225943835160019	-9.08534422808168	1	104.6	0	82.55	0	A
age.wks.scaled	CAG485	NA	0.108660349014451	0.0306973855158927	3.53972650075348	1	57.46	3.45279360658424e-14	12.53	0.000400469809284987	A
age.wks.scaled	CAG510	NA	0.157974894961006	0.0478610300204446	3.30069985734793	1	19.13	1.22110340523562e-05	10.9	0.000961642600724621	A
age.wks.scaled	CAG552NOV	NA	-0.169111795348868	0.0313847410004864	-5.38834446160469	1	34.08	5.28921184628217e-09	29.04	7.08991352293964e-08	A
age.wks.scaled	CAG56	NA	0.0105670502314916	0.036285949125536	0.29121603502594	1	1.523	0.21716606772426	0.08499	0.770645663296459	A
age.wks.scaled	CAG582	NA	-0.181960652449064	0.0388415756343493	-4.68468772127124	1	14.01	0.000181840967527269	21.95	2.79846900785863e-06	A
age.wks.scaled	CAG776	NA	-0.103026855327883	0.0339530944370396	-3.03438779398822	1	2.415	0.120177969993545	9.21	0.00240696693198228	A
age.wks.scaled	CAG81	NA	-0.00402262137727308	0.0265872008925412	-0.151299168104665	1	8.164	0.00427300269155828	0.02287	0.879795623511306	A
age.wks.scaled	CAG873	NA	-0.0392643352512178	0.0280054634853555	-1.40202411832069	1	5.057	0.0245266590268839	1.966	0.160873080260006	A
age.wks.scaled	CAG95	NA	-0.149474060403899	0.0281801828811559	-5.30422605964889	1	59.14	1.46549439250521e-14	28.14	1.12849238398383e-07	A
age.wks.scaled	Chao1	NA	-0.0767519609997246	0.0286725526359887	-2.67684436660127	1	3.369	0.0664340687144405	7.164	0.00743811446332787	A
age.wks.scaled	Clostridium	NA	0.160210591198091	0.0369184322274174	4.33958273772825	1	33.36	7.65830143745205e-09	18.87	1.39936161146492e-05	A
age.wks.scaled	ClostridiumQ	NA	-0.0896049488326722	0.0238099065002375	-3.76334736265254	1	47.18	6.47581988033608e-12	14.16	0.000167902283130128	A
age.wks.scaled	COE1	NA	-0.164524118024544	0.0256858742449076	-6.4052372310108	1	152	0	41.03	1.49910417412968e-10	A
age.wks.scaled	D1663	NA	0.088203042016735	0.036325668794447	2.42811887417248	1	2.312	0.128378772851431	5.896	0.0151753105284274	A
age.wks.scaled	Desulfovibrio	NA	0.211439072254243	0.0465685986973621	4.54037867079347	1	21.94	2.81308898075761e-06	20.55	5.80937912564305e-06	A
age.wks.scaled	Dorea	NA	-0.1444105106082	0.0279703484828349	-5.16298574888416	1	73.04	0	26.66	2.42591976729045e-07	A
age.wks.scaled	Dubosiella	NA	0.271155596974961	0.0370481085493839	7.31901323959682	1	68.97	1.11022302462516e-16	53.7	2.33590924381133e-13	A
age.wks.scaled	Duncaniella	NA	-0.0687080345200119	0.0319691215414004	-2.14919995318089	1	5.512e-06	0.998126756359144	4.621	0.0315828204244021	A
age.wks.scaled	Emergencia	NA	-0.149249261135383	0.0310949429768865	-4.79979208343695	1	68.12	1.11022302462516e-16	23.04	1.58665630389798e-06	A
age.wks.scaled	EnterococcusD	NA	0.260329547062161	0.0248987360989524	10.4555326032438	1	204.5	0	109.3	0	A
age.wks.scaled	ErysipelatoclostridiaceaeNOV	NA	-0.00496583343883277	0.0337486998314927	-0.147141474001285	1	0.1926	0.660761412848648	0.02194	0.882246825480582	A
age.wks.scaled	Erysipelatoclostridium	NA	-0.0540380343723363	0.0297666378803503	-1.81538924851194	1	0.01289	0.909607101547856	3.295	0.0694911079951032	A
age.wks.scaled	ErysipelotrichaceaeNOV	NA	-0.167081880793078	0.0285395272017255	-5.8544025488613	1	62.46	2.66453525910038e-15	34.37	4.55693449641359e-09	A
age.wks.scaled	Escherichia	NA	0.20356005959756	0.0286281696369143	7.11048111630166	1	99.49	0	50.56	1.15574216863479e-12	A
age.wks.scaled	EubacteriumF	NA	-0.121618046883443	0.0323273694225722	-3.76207681156157	1	12.52	0.000402618889069228	14.15	0.000168797104724838	A
age.wks.scaled	EubacteriumG	NA	-0.184822876782133	0.0285094428515024	-6.48286526484656	1	95.54	0	42.03	8.98837670959551e-11	A
age.wks.scaled	EubacteriumJ	NA	-0.109993924176453	0.0293853179543738	-3.74315923166935	1	68.17	1.11022302462516e-16	14	0.000182810632981867	A
age.wks.scaled	Evtepia	NA	0.00658133680884002	0.0322438330335401	0.20411149015671	1	10.18	0.00141972181259509	0.04168	0.838230966987276	A
age.wks.scaled	Flavonifractor	NA	0.0265721913102506	0.0284253506670622	0.934806103941615	1	5.266	0.0217459258809469	0.8738	0.349905451714995	A
age.wks.scaled	HungatellaA	NA	-0.207463775578705	0.0240307442220725	-8.63326469049377	1	120.8	0	74.53	0	A
age.wks.scaled	Ileibacterium	NA	0.300897186824502	0.0480451602036029	6.26279911544426	1	64.62	8.88178419700125e-16	39.11	4.00586896986965e-10	A
age.wks.scaled	Kineothrix	NA	0.0908510158331974	0.0321518565061678	2.82568491233995	1	46.88	7.54685203219196e-12	8.066	0.00451035756475138	A
age.wks.scaled	Lachnospira	NA	-0.184608297643412	0.0278408142643356	-6.63085123483249	1	100.4	0	43.97	3.33447713884993e-11	A
age.wks.scaled	LachnospiraceaeNOV	NA	-0.158410239942764	0.0254556618143191	-6.22298650485907	1	75.13	0	38.73	4.86671369870351e-10	A
age.wks.scaled	Lactobacillus	NA	0.0680858112328322	0.0234039965075697	2.90915319572923	1	80.59	0	8.464	0.0036224435050638	A
age.wks.scaled	Lawsonibacter	NA	-0.0398234988423702	0.0341202143419037	-1.1671526574633	1	11.74	0.000611710236759766	1.362	0.243191164695612	A
age.wks.scaled	Ligilactobacillus	NA	0.372214696531401	0.044421742086147	8.37911074738055	1	122.5	0	70.16	0	A
age.wks.scaled	Limosilactobacillus	NA	-0.0200673626422152	0.025995101963745	-0.77196706788082	1	16.74	4.28676043108256e-05	0.5959	0.440146651553719	A
age.wks.scaled	Mailhella	NA	0.0299843318225262	0.0299950089814252	0.999644035482515	1	2.121	0.145291652001471	1	0.317310507862914	A
age.wks.scaled	MarseilleP3106	NA	-0.131862232242755	0.0306382915402656	-4.3038376362944	1	12.61	0.000383688505315893	18.52	1.68130749450546e-05	A
age.wks.scaled	MuribaculaceaeNOV	NA	0.299335254627478	0.0508579972264513	5.88570669219733	1	46.86	7.6243455993108e-12	34.62	4.00767485864151e-09	A
age.wks.scaled	Muribaculum	NA	-0.00488026880821819	0.041192292826304	-0.118475289268235	1	4.779	0.0288088455989699	0.01411	0.90544528002652	A
age.wks.scaled	Oscillibacter	NA	-0.177629564270163	0.0292803037978931	-6.06652053531438	1	72.07	0	36.82	1.29554367234164e-09	A
age.wks.scaled	OscillospiraceaeNOV	NA	-0.190741923130343	0.0320414830270603	-5.95296799992853	1	70.51	0	35.44	2.63029331648568e-09	A
age.wks.scaled	Paramuribaculum	NA	0.0322321354709292	0.0288154880956243	1.11856982480973	1	42.71	6.34868824178625e-11	1.251	0.26336156862996	A
age.wks.scaled	Parvibacter	NA	0.0261394130544926	0.0325971936580185	0.801891516451527	1	2.543	0.11078411449634	0.6423	0.422879159027153	A
age.wks.scaled	PCoA1	NA	0.125821840559027	0.0284351761133306	4.42486587941479	1	103.1	0	19.56	9.74890933391759e-06	A
age.wks.scaled	PCoA2	NA	0.140917570764516	0.0315492959731018	4.46658368810064	1	90.92	0	19.95	7.9493955049692e-06	A
age.wks.scaled	PCoA3	NA	-0.246487941324512	0.0418929465761261	-5.88375756469181	1	41.36	1.26622046181524e-10	34.6	4.04906286277651e-09	A
age.wks.scaled	Prevotella	NA	-0.0790389664298665	0.034174194589712	-2.31282601912909	1	1.602	0.2056200117261	5.352	0.020698515012106	A
age.wks.scaled	Romboutsia	NA	0.213075279099711	0.0320861623575751	6.64072183906427	1	84.58	0	44.18	2.99525959590596e-11	A
age.wks.scaled	Roseburia	NA	0.0543066569680315	0.0379832713346614	1.42975196869034	1	1.662	0.197333504107599	2.043	0.152907824391003	A
age.wks.scaled	RuminiclostridiumE	NA	-0.0868495195606318	0.0330582813309879	-2.62716378661892	1	23.97	9.78485280356267e-07	6.907	0.00858589296900436	A
age.wks.scaled	Schaedlerella	NA	-0.133028530010329	0.0310364472277638	-4.28620354108469	1	77.26	0	18.37	1.81899510157679e-05	A
age.wks.scaled	Shannon	NA	0.0212645951062295	0.0277477012205833	0.766355199559931	1	8.851	0.0029292835841328	0.5873	0.443465095303542	A
age.wks.scaled	Simpson	NA	0.0120762950390072	0.0284989466368256	0.423745312165416	1	11.77	0.000601929782214183	0.1796	0.671717219767296	A
age.wks.scaled	Staphylococcus	NA	0.0725508742969399	0.0354203636483693	2.04828146365686	1	8.999	0.00270127375649798	4.195	0.0405433532306972	A
age.wks.scaled	TF0111	NA	-0.175949901906551	0.0254728262460926	-6.90735689109256	1	159.4	0	47.7	4.96691576756803e-12	A
age.wks.scaled	Turicibacter	NA	0.438012433997645	0.0299718419531635	14.6141313130544	1	229	0	213.5	0	A
age.wks.scaled	UBA11940	NA	-0.077860337032678	0.0349765882492433	-2.22607009230989	1	21.46	3.61286933769911e-06	4.954	0.0260303755062787	A
age.wks.scaled	UBA11957	NA	-0.1906095482049	0.0300501478617335	-6.34304859603122	1	144.6	0	40.23	2.25754748228724e-10	A
age.wks.scaled	UBA1394	NA	-0.120321010341055	0.0294104179785193	-4.09110167794742	1	10.04	0.00153177203545218	16.74	4.28676043108256e-05	A
age.wks.scaled	UBA1405	NA	0.132469220395457	0.0376631675270262	3.51720869734072	1	3.073	0.0796024477134919	12.41	0.000427040866654793	A
age.wks.scaled	UBA2882	NA	-0.053140881694619	0.0325488942409231	-1.63264783440188	1	2.507	0.113341512711416	2.666	0.102513376107862	A
age.wks.scaled	UBA3282	NA	-0.159010475253568	0.0285334155776742	-5.57278096695809	1	54.29	1.72972747236599e-13	31.06	2.50174104765577e-08	A
age.wks.scaled	UBA3700	NA	-0.150322773307232	0.0267473985778734	-5.62008947784496	1	20.26	6.7599198450008e-06	31.57	1.92378756258549e-08	A
age.wks.scaled	UBA3700NOV	NA	-0.19096639194033	0.0238575831317064	-8.00443158412547	1	5.441	0.0196694052429409	64.07	1.22124532708767e-15	A
age.wks.scaled	UBA3818	NA	-0.0227833551489822	0.026052347193677	-0.874522167987684	1	20.31	6.58554923427257e-06	0.7648	0.381830536772404	A
age.wks.scaled	UBA7160	NA	-0.0352666930942975	0.0330413074224901	-1.0673516227234	1	1.583	0.20832909641114	1.139	0.285863731733237	A
age.wks.scaled	UBA7173	NA	-0.0559294673048525	0.030554769655712	-1.83046601021903	1	0.6205	0.430861543531415	3.347	0.0673276129178574	A
age.wks.scaled	UBA7182	NA	-0.171541618174423	0.0224748529427791	-7.63260247402582	1	242.3	0	58.26	2.29816166097407e-14	A
age.wks.scaled	UBA946	NA	-0.126309443790487	0.0266594347671573	-4.73788903979661	1	24.91	6.00700215458438e-07	22.47	2.13451352770733e-06	A
age.wks.scaled	UBA9475	NA	-0.220106124628211	0.0331433945743691	-6.64102538242798	1	71.03	0	44.09	3.13619130665188e-11	A
age.wks.scaled	UBA9502	NA	-0.11279025207789	0.0260399056655171	-4.33143858225456	1	102.8	0	18.76	1.48243966663353e-05	A
age.wks.scaled	UMGS1004	NA	-0.0828290546744449	0.0297922640648151	-2.78022021066423	1	0.376	0.539751781453356	7.731	0.00542806782208793	A
age.wks.scaled	UMGS1217	NA	-0.117919932733152	0.0326581404469792	-3.61073628563132	1	22.25	2.39358784892563e-06	13.03	0.00030654054974566	A
age.wks.scaled	UMGS1370	NA	-0.0476882091287606	0.0250882655486866	-1.90081729788041	1	75.75	0	3.617	0.0571919165146417	A
age.wks.scaled	UMGS1815	NA	-0.0226675505364189	0.0224272185531185	-1.0107160851325	1	81.27	0	1.022	0.312045072858876	A
age.wks.scaled	UMGS1872	NA	0.00586988973019256	0.0262681763533781	0.22346011581568	1	6.326	0.0118980375667687	0.04992	0.823202538185501	A
age.wks.scaled	UMGS268	NA	-0.248084945713573	0.0309897151322269	-8.00539613400913	1	71.57	0	64.09	1.22124532708767e-15	A
age.wks.scaled	uniq	NA	0.301427701909346	0.0254063165078106	11.8642819322777	1	266.4	0	140.8	0	A
age.wks.scaled	X142	NA	-0.0359535268812095	0.0270779542766976	-1.32777855054397	1	24.48	7.5085212070114e-07	1.763	0.184250762132119	A
age.wks.scaled	X1XD4269	NA	-0.178786508666201	0.0356103702278048	-5.02063043777632	1	26.25	2.99954823312909e-07	25.21	5.14149147479159e-07	A
age.wks.scaled	X1XD876	NA	0.0515081334680609	0.025222565064825	2.04214493393827	1	0.003309	0.954127861749695	4.171	0.0411215221809089	A
Diet.5mo.as.AL	Acetatifactor	AL	0	NA	NA	4	20.848	0.00033941615947708	20.848	0.00033941615947708	A
Diet.5mo.as.AL	Acetatifactor	1D	-0.0160615235014376	0.0694180404358343	-0.231373910882487	4	20.848	0.00033941615947708	20.848	0.00033941615947708	A
Diet.5mo.as.AL	Acetatifactor	2D	0.187380365552644	0.068735367545913	2.72611280397214	4	20.848	0.00033941615947708	20.848	0.00033941615947708	A
Diet.5mo.as.AL	Acetatifactor	20	-0.084950885561547	0.0676197890575699	-1.25630213796174	4	20.848	0.00033941615947708	20.848	0.00033941615947708	A
Diet.5mo.as.AL	Acetatifactor	40	0.161048538771095	0.0704608122356455	2.28564692431436	4	20.848	0.00033941615947708	20.848	0.00033941615947708	A
Diet.5mo.as.AL	Acutalibacter	AL	0	NA	NA	4	143.68	0	143.68	0	A
Diet.5mo.as.AL	Acutalibacter	1D	-0.28155541708744	0.0681757495947536	-4.12984703154781	4	143.68	0	143.68	0	A
Diet.5mo.as.AL	Acutalibacter	2D	-0.399979470610475	0.0673558685875932	-5.93830172482031	4	143.68	0	143.68	0	A
Diet.5mo.as.AL	Acutalibacter	20	-0.56440695812907	0.0664979481747115	-8.48758455894296	4	143.68	0	143.68	0	A
Diet.5mo.as.AL	Acutalibacter	40	-0.765959082456544	0.0689343335400537	-11.1114308809773	4	143.68	0	143.68	0	A
Diet.5mo.as.AL	Adlercreutzia	AL	0	NA	NA	4	80.88	1.11022302462516e-16	80.88	1.11022302462516e-16	A
Diet.5mo.as.AL	Adlercreutzia	1D	0.285823385636226	0.0757472346592121	3.77338376670976	4	80.88	1.11022302462516e-16	80.88	1.11022302462516e-16	A
Diet.5mo.as.AL	Adlercreutzia	2D	0.445672776577803	0.0755860322683492	5.89623192543767	4	80.88	1.11022302462516e-16	80.88	1.11022302462516e-16	A
Diet.5mo.as.AL	Adlercreutzia	20	0.308717918350912	0.073176688847025	4.21880141360704	4	80.88	1.11022302462516e-16	80.88	1.11022302462516e-16	A
Diet.5mo.as.AL	Adlercreutzia	40	-0.162638145150831	0.0767666946657602	-2.11860294179595	4	80.88	1.11022302462516e-16	80.88	1.11022302462516e-16	A
Diet.5mo.as.AL	AF3328	AL	0	NA	NA	4	32.736	1.35275058577022e-06	32.736	1.35275058577022e-06	A
Diet.5mo.as.AL	AF3328	1D	-0.0669687684241717	0.0791799109262139	-0.845779789858295	4	32.736	1.35275058577022e-06	32.736	1.35275058577022e-06	A
Diet.5mo.as.AL	AF3328	2D	-0.0129993014218633	0.07902230703229	-0.164501669339412	4	32.736	1.35275058577022e-06	32.736	1.35275058577022e-06	A
Diet.5mo.as.AL	AF3328	20	-0.14885577527435	0.07716084269835	-1.92916212509863	4	32.736	1.35275058577022e-06	32.736	1.35275058577022e-06	A
Diet.5mo.as.AL	AF3328	40	-0.421328619008641	0.0802331659191947	-5.25130242813769	4	32.736	1.35275058577022e-06	32.736	1.35275058577022e-06	A
Diet.5mo.as.AL	Akkermansia	AL	0	NA	NA	4	92.8	0	92.8	0	A
Diet.5mo.as.AL	Akkermansia	1D	0.043039156276539	0.0736135752398859	0.584663306140022	4	92.8	0	92.8	0	A
Diet.5mo.as.AL	Akkermansia	2D	0.134843501103849	0.0731559897320034	1.84323254456441	4	92.8	0	92.8	0	A
Diet.5mo.as.AL	Akkermansia	20	0.234880649455629	0.071551418884847	3.28268332223628	4	92.8	0	92.8	0	A
Diet.5mo.as.AL	Akkermansia	40	0.661367772067205	0.0746968197583744	8.85402851428702	4	92.8	0	92.8	0	A
Diet.5mo.as.AL	Alistipes	AL	0	NA	NA	4	12.068	0.0168526988486821	12.068	0.0168526988486821	A
Diet.5mo.as.AL	Alistipes	1D	-0.0686491094376412	0.0555989475964831	-1.23471958382866	4	12.068	0.0168526988486821	12.068	0.0168526988486821	A
Diet.5mo.as.AL	Alistipes	2D	0.122798595243677	0.0562631723248396	2.18257503389056	4	12.068	0.0168526988486821	12.068	0.0168526988486821	A
Diet.5mo.as.AL	Alistipes	20	0.066964693477483	0.0532074676008374	1.25855817795826	4	12.068	0.0168526988486821	12.068	0.0168526988486821	A
Diet.5mo.as.AL	Alistipes	40	0.0599049393119269	0.0562434236180025	1.06510122354558	4	12.068	0.0168526988486821	12.068	0.0168526988486821	A
Diet.5mo.as.AL	AM0715	AL	0	NA	NA	4	116.2	0	116.2	0	A
Diet.5mo.as.AL	AM0715	1D	-0.222230395008619	0.0719042757909874	-3.09064228189437	4	116.2	0	116.2	0	A
Diet.5mo.as.AL	AM0715	2D	-0.280971502192653	0.0727951543575	-3.85975556577284	4	116.2	0	116.2	0	A
Diet.5mo.as.AL	AM0715	20	-0.579253723142039	0.0705716166502828	-8.20802683340141	4	116.2	0	116.2	0	A
Diet.5mo.as.AL	AM0715	40	-0.681599823431297	0.0732927361778898	-9.29969133335365	4	116.2	0	116.2	0	A
Diet.5mo.as.AL	Anaerotignum	AL	0	NA	NA	4	4.676	0.322185383238462	4.676	0.322185383238462	A
Diet.5mo.as.AL	Anaerotignum	1D	-0.0330233107972753	0.077554966655052	-0.425805234939446	4	4.676	0.322185383238462	4.676	0.322185383238462	A
Diet.5mo.as.AL	Anaerotignum	2D	-0.0850247389518981	0.0775812046918807	-1.09594507187121	4	4.676	0.322185383238462	4.676	0.322185383238462	A
Diet.5mo.as.AL	Anaerotignum	20	-0.14114614548127	0.0753255845959469	-1.87381413949046	4	4.676	0.322185383238462	4.676	0.322185383238462	A
Diet.5mo.as.AL	Anaerotignum	40	-0.120088665954999	0.0786158919110446	-1.52753677450969	4	4.676	0.322185383238462	4.676	0.322185383238462	A
Diet.5mo.as.AL	Anaerotruncus	AL	0	NA	NA	4	98.8	0	98.8	0	A
Diet.5mo.as.AL	Anaerotruncus	1D	-0.187322967196557	0.0742667266425519	-2.52230003482109	4	98.8	0	98.8	0	A
Diet.5mo.as.AL	Anaerotruncus	2D	-0.321958319402499	0.07410915399525	-4.34437990512123	4	98.8	0	98.8	0	A
Diet.5mo.as.AL	Anaerotruncus	20	-0.441657107856432	0.0724586313736095	-6.09530016623099	4	98.8	0	98.8	0	A
Diet.5mo.as.AL	Anaerotruncus	40	-0.706218682538162	0.0753887694547007	-9.36769080655324	4	98.8	0	98.8	0	A
Diet.5mo.as.AL	AnaerovoracaceaeNOV	AL	0	NA	NA	4	11.36	0.0228025704018815	11.36	0.0228025704018815	A
Diet.5mo.as.AL	AnaerovoracaceaeNOV	1D	-0.0489910700675242	0.0731375638815145	-0.66984826219932	4	11.36	0.0228025704018815	11.36	0.0228025704018815	A
Diet.5mo.as.AL	AnaerovoracaceaeNOV	2D	-0.0818601925469855	0.0717766919953068	-1.14048433093487	4	11.36	0.0228025704018815	11.36	0.0228025704018815	A
Diet.5mo.as.AL	AnaerovoracaceaeNOV	20	0.0395090234239566	0.0705194046259895	0.56025747286862	4	11.36	0.0228025704018815	11.36	0.0228025704018815	A
Diet.5mo.as.AL	AnaerovoracaceaeNOV	40	-0.193881034823901	0.0736789698287208	-2.63142977262861	4	11.36	0.0228025704018815	11.36	0.0228025704018815	A
Diet.5mo.as.AL	Angelakisella	AL	0	NA	NA	4	52.6	1.03327901790351e-10	52.6	1.03327901790351e-10	A
Diet.5mo.as.AL	Angelakisella	1D	-0.197043625785444	0.0715054253366641	-2.7556458108978	4	52.6	1.03327901790351e-10	52.6	1.03327901790351e-10	A
Diet.5mo.as.AL	Angelakisella	2D	-0.330337582297527	0.0702928018456504	-4.69945106218536	4	52.6	1.03327901790351e-10	52.6	1.03327901790351e-10	A
Diet.5mo.as.AL	Angelakisella	20	-0.466449010941232	0.0690218717193177	-6.75798843644924	4	52.6	1.03327901790351e-10	52.6	1.03327901790351e-10	A
Diet.5mo.as.AL	Angelakisella	40	-0.328979629651429	0.0721716418643119	-4.55829493625676	4	52.6	1.03327901790351e-10	52.6	1.03327901790351e-10	A
Diet.5mo.as.AL	ASF356	AL	0	NA	NA	4	80.76	1.11022302462516e-16	80.76	1.11022302462516e-16	A
Diet.5mo.as.AL	ASF356	1D	-0.124356743312228	0.0687434247047113	-1.80899837106464	4	80.76	1.11022302462516e-16	80.76	1.11022302462516e-16	A
Diet.5mo.as.AL	ASF356	2D	-0.204869593076161	0.0689909210585777	-2.96951526277224	4	80.76	1.11022302462516e-16	80.76	1.11022302462516e-16	A
Diet.5mo.as.AL	ASF356	20	-0.27021560139294	0.067170472694507	-4.0228331073668	4	80.76	1.11022302462516e-16	80.76	1.11022302462516e-16	A
Diet.5mo.as.AL	ASF356	40	-0.613145143704255	0.0701196776972534	-8.74426642905507	4	80.76	1.11022302462516e-16	80.76	1.11022302462516e-16	A
Diet.5mo.as.AL	Bacteroides	AL	0	NA	NA	4	52.28	1.2054579556775e-10	52.28	1.2054579556775e-10	A
Diet.5mo.as.AL	Bacteroides	1D	0.251866230724855	0.0781228539341347	3.2239763147568	4	52.28	1.2054579556775e-10	52.28	1.2054579556775e-10	A
Diet.5mo.as.AL	Bacteroides	2D	0.477345705573826	0.0775684008510454	6.15386807432673	4	52.28	1.2054579556775e-10	52.28	1.2054579556775e-10	A
Diet.5mo.as.AL	Bacteroides	20	0.402828068232396	0.0755490604961523	5.33200632260558	4	52.28	1.2054579556775e-10	52.28	1.2054579556775e-10	A
Diet.5mo.as.AL	Bacteroides	40	0.409785367086659	0.0790118917108198	5.18637585069417	4	52.28	1.2054579556775e-10	52.28	1.2054579556775e-10	A
Diet.5mo.as.AL	Bifidobacterium	AL	0	NA	NA	4	77.4	6.66133814775094e-16	77.4	6.66133814775094e-16	A
Diet.5mo.as.AL	Bifidobacterium	1D	-0.0736868580706761	0.0765525854574294	-0.962565243621368	4	77.4	6.66133814775094e-16	77.4	6.66133814775094e-16	A
Diet.5mo.as.AL	Bifidobacterium	2D	0.143308816760475	0.0766981793938481	1.86847742531904	4	77.4	6.66133814775094e-16	77.4	6.66133814775094e-16	A
Diet.5mo.as.AL	Bifidobacterium	20	-0.0268098499606217	0.0724586303003018	-0.370002163296621	4	77.4	6.66133814775094e-16	77.4	6.66133814775094e-16	A
Diet.5mo.as.AL	Bifidobacterium	40	0.529893968356552	0.076829334219864	6.89702668566858	4	77.4	6.66133814775094e-16	77.4	6.66133814775094e-16	A
Diet.5mo.as.AL	BorkfalkiaceaeNOV	AL	0	NA	NA	4	70.32	1.94289029309402e-14	70.32	1.94289029309402e-14	A
Diet.5mo.as.AL	BorkfalkiaceaeNOV	1D	-0.0638566902083281	0.0803023068366177	-0.79520368372792	4	70.32	1.94289029309402e-14	70.32	1.94289029309402e-14	A
Diet.5mo.as.AL	BorkfalkiaceaeNOV	2D	-0.205462077688896	0.0808391621850834	-2.54161562459647	4	70.32	1.94289029309402e-14	70.32	1.94289029309402e-14	A
Diet.5mo.as.AL	BorkfalkiaceaeNOV	20	0.282607266866125	0.0777719917016031	3.63379232912585	4	70.32	1.94289029309402e-14	70.32	1.94289029309402e-14	A
Diet.5mo.as.AL	BorkfalkiaceaeNOV	40	0.454436497384965	0.0813332169931091	5.58734197644569	4	70.32	1.94289029309402e-14	70.32	1.94289029309402e-14	A
Diet.5mo.as.AL	ButyricicoccaceaeNOV	AL	0	NA	NA	4	44.48	5.0994911626745e-09	44.48	5.0994911626745e-09	A
Diet.5mo.as.AL	ButyricicoccaceaeNOV	1D	-0.227413161165635	0.069631669997972	-3.26594437807191	4	44.48	5.0994911626745e-09	44.48	5.0994911626745e-09	A
Diet.5mo.as.AL	ButyricicoccaceaeNOV	2D	-0.453970008935264	0.0693423117017923	-6.54679657764467	4	44.48	5.0994911626745e-09	44.48	5.0994911626745e-09	A
Diet.5mo.as.AL	ButyricicoccaceaeNOV	20	-0.232729224156484	0.068348885994512	-3.40501854229446	4	44.48	5.0994911626745e-09	44.48	5.0994911626745e-09	A
Diet.5mo.as.AL	ButyricicoccaceaeNOV	40	-0.178011766232312	0.0709216294655534	-2.50997851535225	4	44.48	5.0994911626745e-09	44.48	5.0994911626745e-09	A
Diet.5mo.as.AL	CAG115	AL	0	NA	NA	4	23.44	0.000103408391643578	23.44	0.000103408391643578	A
Diet.5mo.as.AL	CAG115	1D	-0.0618489520271556	0.0793175764693908	-0.779763512454563	4	23.44	0.000103408391643578	23.44	0.000103408391643578	A
Diet.5mo.as.AL	CAG115	2D	-0.306487058096297	0.0786261615400204	-3.89802900323827	4	23.44	0.000103408391643578	23.44	0.000103408391643578	A
Diet.5mo.as.AL	CAG115	20	-0.0879693786133337	0.0752410172784076	-1.16916785279269	4	23.44	0.000103408391643578	23.44	0.000103408391643578	A
Diet.5mo.as.AL	CAG115	40	0.0633886211322534	0.0796957682949361	0.795382521411506	4	23.44	0.000103408391643578	23.44	0.000103408391643578	A
Diet.5mo.as.AL	CAG145	AL	0	NA	NA	4	13.556	0.0088556397391315	13.556	0.0088556397391315	A
Diet.5mo.as.AL	CAG145	1D	0.0313206880292179	0.0702664884746337	0.445741472345309	4	13.556	0.0088556397391315	13.556	0.0088556397391315	A
Diet.5mo.as.AL	CAG145	2D	-0.148068077475201	0.0702429247039516	-2.10794294370934	4	13.556	0.0088556397391315	13.556	0.0088556397391315	A
Diet.5mo.as.AL	CAG145	20	0.075331629627164	0.0687376072327118	1.09593034526395	4	13.556	0.0088556397391315	13.556	0.0088556397391315	A
Diet.5mo.as.AL	CAG145	40	-0.133837330969647	0.071659754592507	-1.86767777437576	4	13.556	0.0088556397391315	13.556	0.0088556397391315	A
Diet.5mo.as.AL	CAG273	AL	0	NA	NA	4	1.6172	0.805697485835789	1.6172	0.805697485835789	A
Diet.5mo.as.AL	CAG273	1D	0.00320635733332244	0.0828263518725642	0.0387118019909377	4	1.6172	0.805697485835789	1.6172	0.805697485835789	A
Diet.5mo.as.AL	CAG273	2D	-0.0503751593649244	0.0828369877323154	-0.608123988377147	4	1.6172	0.805697485835789	1.6172	0.805697485835789	A
Diet.5mo.as.AL	CAG273	20	0.0665026274552292	0.0803366373105563	0.827799490762239	4	1.6172	0.805697485835789	1.6172	0.805697485835789	A
Diet.5mo.as.AL	CAG273	40	0.00479843949672662	0.0837045235228316	0.0573259280953649	4	1.6172	0.805697485835789	1.6172	0.805697485835789	A
Diet.5mo.as.AL	CAG274NOV	AL	0	NA	NA	4	197.56	0	197.56	0	A
Diet.5mo.as.AL	CAG274NOV	1D	-0.310235923186364	0.0764713349449762	-4.05689168901772	4	197.56	0	197.56	0	A
Diet.5mo.as.AL	CAG274NOV	2D	-0.91604605369481	0.0763275639869472	-12.0015104091553	4	197.56	0	197.56	0	A
Diet.5mo.as.AL	CAG274NOV	20	-0.284068999158398	0.0740024255654416	-3.83864443615015	4	197.56	0	197.56	0	A
Diet.5mo.as.AL	CAG274NOV	40	-0.807710181145677	0.0771323730619274	-10.4717403222793	4	197.56	0	197.56	0	A
Diet.5mo.as.AL	CAG303	AL	0	NA	NA	4	33.104	1.13732437179159e-06	33.104	1.13732437179159e-06	A
Diet.5mo.as.AL	CAG303	1D	-0.3314098695335	0.0832484758796247	-3.98097221638882	4	33.104	1.13732437179159e-06	33.104	1.13732437179159e-06	A
Diet.5mo.as.AL	CAG303	2D	-0.385114165295188	0.0834163241433461	-4.61677218758035	4	33.104	1.13732437179159e-06	33.104	1.13732437179159e-06	A
Diet.5mo.as.AL	CAG303	20	-0.128097043393117	0.0804492784526839	-1.59227087994899	4	33.104	1.13732437179159e-06	33.104	1.13732437179159e-06	A
Diet.5mo.as.AL	CAG303	40	-0.36675860840013	0.0840474927662617	-4.36370671306157	4	33.104	1.13732437179159e-06	33.104	1.13732437179159e-06	A
Diet.5mo.as.AL	CAG41	AL	0	NA	NA	4	94.76	0	94.76	0	A
Diet.5mo.as.AL	CAG41	1D	-0.259173224914754	0.0894369590504312	-2.89783136263178	4	94.76	0	94.76	0	A
Diet.5mo.as.AL	CAG41	2D	-0.84097021696689	0.0903214257324007	-9.31086074148642	4	94.76	0	94.76	0	A
Diet.5mo.as.AL	CAG41	20	-0.040984868994729	0.0854270579010778	-0.479764491505588	4	94.76	0	94.76	0	A
Diet.5mo.as.AL	CAG41	40	-0.201844604281581	0.089802546623371	-2.2476490018497	4	94.76	0	94.76	0	A
Diet.5mo.as.AL	CAG475	AL	0	NA	NA	4	36.704	2.07278149866319e-07	36.704	2.07278149866319e-07	A
Diet.5mo.as.AL	CAG475	1D	-0.057793945147679	0.0734935386641448	-0.786381309135069	4	36.704	2.07278149866319e-07	36.704	2.07278149866319e-07	A
Diet.5mo.as.AL	CAG475	2D	-0.304704223137028	0.074165745682761	-4.10842256532254	4	36.704	2.07278149866319e-07	36.704	2.07278149866319e-07	A
Diet.5mo.as.AL	CAG475	20	0.0380777131038074	0.0715909968620634	0.531878515076036	4	36.704	2.07278149866319e-07	36.704	2.07278149866319e-07	A
Diet.5mo.as.AL	CAG475	40	0.19408110321364	0.0748921136563867	2.59147584088901	4	36.704	2.07278149866319e-07	36.704	2.07278149866319e-07	A
Diet.5mo.as.AL	CAG485	AL	0	NA	NA	4	141.72	0	141.72	0	A
Diet.5mo.as.AL	CAG485	1D	0.294419623254362	0.0669593579007041	4.39698994263006	4	141.72	0	141.72	0	A
Diet.5mo.as.AL	CAG485	2D	0.574195644761989	0.0657684576254913	8.73056272706987	4	141.72	0	141.72	0	A
Diet.5mo.as.AL	CAG485	20	0.596932341459683	0.0645449836539184	9.24831501484847	4	141.72	0	141.72	0	A
Diet.5mo.as.AL	CAG485	40	0.64594434681092	0.0677921893106075	9.52830043371751	4	141.72	0	141.72	0	A
Diet.5mo.as.AL	CAG510	AL	0	NA	NA	4	69.24	3.28626015289046e-14	69.24	3.28626015289046e-14	A
Diet.5mo.as.AL	CAG510	1D	0.110010184580233	0.083546600371112	1.31675237641712	4	69.24	3.28626015289046e-14	69.24	3.28626015289046e-14	A
Diet.5mo.as.AL	CAG510	2D	-0.0250799069050668	0.083264091248011	-0.301209159064303	4	69.24	3.28626015289046e-14	69.24	3.28626015289046e-14	A
Diet.5mo.as.AL	CAG510	20	0.129825085657852	0.0778056981257031	1.66858069248484	4	69.24	3.28626015289046e-14	69.24	3.28626015289046e-14	A
Diet.5mo.as.AL	CAG510	40	0.600316221294951	0.0831877970671225	7.21639762633177	4	69.24	3.28626015289046e-14	69.24	3.28626015289046e-14	A
Diet.5mo.as.AL	CAG552NOV	AL	0	NA	NA	4	6.08	0.193252953556561	6.08	0.193252953556561	A
Diet.5mo.as.AL	CAG552NOV	1D	-0.0794435429266058	0.0761607783081295	-1.04310308654141	4	6.08	0.193252953556561	6.08	0.193252953556561	A
Diet.5mo.as.AL	CAG552NOV	2D	0.00420394736449711	0.0769817213552059	0.0546096825387864	4	6.08	0.193252953556561	6.08	0.193252953556561	A
Diet.5mo.as.AL	CAG552NOV	20	-0.0872113189171903	0.0740958044417588	-1.17700751849912	4	6.08	0.193252953556561	6.08	0.193252953556561	A
Diet.5mo.as.AL	CAG552NOV	40	0.0912985406152963	0.0775128838697897	1.17784987549508	4	6.08	0.193252953556561	6.08	0.193252953556561	A
Diet.5mo.as.AL	CAG56	AL	0	NA	NA	4	95.4	0	95.4	0	A
Diet.5mo.as.AL	CAG56	1D	-0.0277589121651185	0.0727795496422924	-0.381410881237272	4	95.4	0	95.4	0	A
Diet.5mo.as.AL	CAG56	2D	0.129175944686129	0.0733384833475455	1.76136645850684	4	95.4	0	95.4	0	A
Diet.5mo.as.AL	CAG56	20	-0.166246010529239	0.0712827768369716	-2.33220446657759	4	95.4	0	95.4	0	A
Diet.5mo.as.AL	CAG56	40	-0.602392446786959	0.0739778910789883	-8.14287130926412	4	95.4	0	95.4	0	A
Diet.5mo.as.AL	CAG582	AL	0	NA	NA	4	28.42	1.02519062533668e-05	28.42	1.02519062533668e-05	A
Diet.5mo.as.AL	CAG582	1D	0.0892401911179182	0.0766591471163546	1.16411667067555	4	28.42	1.02519062533668e-05	28.42	1.02519062533668e-05	A
Diet.5mo.as.AL	CAG582	2D	0.0770953004567012	0.077021380764287	1.00095972951511	4	28.42	1.02519062533668e-05	28.42	1.02519062533668e-05	A
Diet.5mo.as.AL	CAG582	20	0.109901206791576	0.0745816936450097	1.47356812939484	4	28.42	1.02519062533668e-05	28.42	1.02519062533668e-05	A
Diet.5mo.as.AL	CAG582	40	0.40237784863627	0.0777788759084361	5.17335644076372	4	28.42	1.02519062533668e-05	28.42	1.02519062533668e-05	A
Diet.5mo.as.AL	CAG776	AL	0	NA	NA	4	30.652	3.60481152206216e-06	30.652	3.60481152206216e-06	A
Diet.5mo.as.AL	CAG776	1D	0.23115538164192	0.0781505312103494	2.95782227019985	4	30.652	3.60481152206216e-06	30.652	3.60481152206216e-06	A
Diet.5mo.as.AL	CAG776	2D	0.109323478489693	0.0784074013347631	1.39430049496134	4	30.652	3.60481152206216e-06	30.652	3.60481152206216e-06	A
Diet.5mo.as.AL	CAG776	20	0.165973059463949	0.0760333916858304	2.18289695861194	4	30.652	3.60481152206216e-06	30.652	3.60481152206216e-06	A
Diet.5mo.as.AL	CAG776	40	0.426263376252237	0.07922933315258	5.38012071149631	4	30.652	3.60481152206216e-06	30.652	3.60481152206216e-06	A
Diet.5mo.as.AL	CAG81	AL	0	NA	NA	4	32.372	1.60577363628178e-06	32.372	1.60577363628178e-06	A
Diet.5mo.as.AL	CAG81	1D	-0.279679283651012	0.0787063189814588	-3.55345399543964	4	32.372	1.60577363628178e-06	32.372	1.60577363628178e-06	A
Diet.5mo.as.AL	CAG81	2D	-0.28164724888339	0.0794998361073465	-3.54273999386727	4	32.372	1.60577363628178e-06	32.372	1.60577363628178e-06	A
Diet.5mo.as.AL	CAG81	20	-0.280380721518293	0.0770155302615995	-3.64057379811475	4	32.372	1.60577363628178e-06	32.372	1.60577363628178e-06	A
Diet.5mo.as.AL	CAG81	40	-0.401087749724679	0.0799077802464494	-5.01938294979106	4	32.372	1.60577363628178e-06	32.372	1.60577363628178e-06	A
Diet.5mo.as.AL	CAG873	AL	0	NA	NA	4	90.84	0	90.84	0	A
Diet.5mo.as.AL	CAG873	1D	0.276056669661175	0.0685096139685208	4.02945884044857	4	90.84	0	90.84	0	A
Diet.5mo.as.AL	CAG873	2D	0.455926419832446	0.0673747845458942	6.76701859464766	4	90.84	0	90.84	0	A
Diet.5mo.as.AL	CAG873	20	0.484609765212078	0.0663721552934351	7.30140166564715	4	90.84	0	90.84	0	A
Diet.5mo.as.AL	CAG873	40	0.562522429736606	0.0696401537603912	8.07755869798997	4	90.84	0	90.84	0	A
Diet.5mo.as.AL	CAG95	AL	0	NA	NA	4	21.224	0.00028587355684484	21.224	0.00028587355684484	A
Diet.5mo.as.AL	CAG95	1D	-0.181278427099759	0.071671133217025	-2.52930878811189	4	21.224	0.00028587355684484	21.224	0.00028587355684484	A
Diet.5mo.as.AL	CAG95	2D	-0.232485909340754	0.0707906789082191	-3.28413165301289	4	21.224	0.00028587355684484	21.224	0.00028587355684484	A
Diet.5mo.as.AL	CAG95	20	-0.221325896607163	0.0696875382642832	-3.17597524779547	4	21.224	0.00028587355684484	21.224	0.00028587355684484	A
Diet.5mo.as.AL	CAG95	40	-0.298412078948026	0.0725488038423548	-4.11325980779038	4	21.224	0.00028587355684484	21.224	0.00028587355684484	A
Diet.5mo.as.AL	Chao1	AL	0	NA	NA	4	14.408	0.00610053894668638	14.408	0.00610053894668638	A
Diet.5mo.as.AL	Chao1	1D	0.0622946323757213	0.064041543279395	0.97272222350963	4	14.408	0.00610053894668638	14.408	0.00610053894668638	A
Diet.5mo.as.AL	Chao1	2D	-0.0219574937440159	0.0621344826728763	-0.35338660272778	4	14.408	0.00610053894668638	14.408	0.00610053894668638	A
Diet.5mo.as.AL	Chao1	20	0.154941996212649	0.0614712365329728	2.5205609151776	4	14.408	0.00610053894668638	14.408	0.00610053894668638	A
Diet.5mo.as.AL	Chao1	40	0.173879807441181	0.064004344428829	2.71668757789606	4	14.408	0.00610053894668638	14.408	0.00610053894668638	A
Diet.5mo.as.AL	Clostridium	AL	0	NA	NA	4	127.8	0	127.8	0	A
Diet.5mo.as.AL	Clostridium	1D	-0.0584445537446148	0.0818881025806447	-0.713712394142454	4	127.8	0	127.8	0	A
Diet.5mo.as.AL	Clostridium	2D	-0.192839792666881	0.0817026334143129	-2.36026410175781	4	127.8	0	127.8	0	A
Diet.5mo.as.AL	Clostridium	20	-0.0282302795364023	0.0793201061555599	-0.355903199133874	4	127.8	0	127.8	0	A
Diet.5mo.as.AL	Clostridium	40	0.70500138234913	0.0825835417683369	8.53682667578967	4	127.8	0	127.8	0	A
Diet.5mo.as.AL	ClostridiumQ	AL	0	NA	NA	4	165.6	0	165.6	0	A
Diet.5mo.as.AL	ClostridiumQ	1D	0.0179728373231665	0.0692014978935873	0.259717460896637	4	165.6	0	165.6	0	A
Diet.5mo.as.AL	ClostridiumQ	2D	0.173732342749434	0.069362746842389	2.50469236958279	4	165.6	0	165.6	0	A
Diet.5mo.as.AL	ClostridiumQ	20	-0.152710579662777	0.0680041155979099	-2.2456079065231	4	165.6	0	165.6	0	A
Diet.5mo.as.AL	ClostridiumQ	40	-0.740032662603461	0.0706191913283343	-10.4792004649668	4	165.6	0	165.6	0	A
Diet.5mo.as.AL	COE1	AL	0	NA	NA	4	237.12	0	237.12	0	A
Diet.5mo.as.AL	COE1	1D	-0.215397369512219	0.0622599465651204	-3.45964591034342	4	237.12	0	237.12	0	A
Diet.5mo.as.AL	COE1	2D	-0.453873642720337	0.0621109531643481	-7.30746542432491	4	237.12	0	237.12	0	A
Diet.5mo.as.AL	COE1	20	-0.437333070107315	0.0612174324925205	-7.14393028751651	4	237.12	0	237.12	0	A
Diet.5mo.as.AL	COE1	40	-0.947151376815448	0.0635197896320262	-14.9111226958142	4	237.12	0	237.12	0	A
Diet.5mo.as.AL	D1663	AL	0	NA	NA	4	162.68	0	162.68	0	A
Diet.5mo.as.AL	D1663	1D	0.157289761554404	0.0674732305808071	2.33114318375539	4	162.68	0	162.68	0	A
Diet.5mo.as.AL	D1663	2D	0.170582110785232	0.0661370111785246	2.57922315728446	4	162.68	0	162.68	0	A
Diet.5mo.as.AL	D1663	20	0.091212840822061	0.0649807426481021	1.40369034124489	4	162.68	0	162.68	0	A
Diet.5mo.as.AL	D1663	40	-0.579417578093526	0.0678357224111875	-8.54148164858296	4	162.68	0	162.68	0	A
Diet.5mo.as.AL	Desulfovibrio	AL	0	NA	NA	4	11.972	0.0175606995544603	11.972	0.0175606995544603	A
Diet.5mo.as.AL	Desulfovibrio	1D	0.0124917855020884	0.0775635088090877	0.16105235172941	4	11.972	0.0175606995544603	11.972	0.0175606995544603	A
Diet.5mo.as.AL	Desulfovibrio	2D	0.0214426172383532	0.0778892982566587	0.275296064007356	4	11.972	0.0175606995544603	11.972	0.0175606995544603	A
Diet.5mo.as.AL	Desulfovibrio	20	-0.15918985480086	0.0736904475154942	-2.16025088960667	4	11.972	0.0175606995544603	11.972	0.0175606995544603	A
Diet.5mo.as.AL	Desulfovibrio	40	0.118170033161286	0.0780584516807851	1.51386596347741	4	11.972	0.0175606995544603	11.972	0.0175606995544603	A
Diet.5mo.as.AL	Dorea	AL	0	NA	NA	4	93.64	0	93.64	0	A
Diet.5mo.as.AL	Dorea	1D	-0.148690053686986	0.0722347173123207	-2.05842923208373	4	93.64	0	93.64	0	A
Diet.5mo.as.AL	Dorea	2D	-0.26569344607549	0.0715187247897526	-3.71501934432644	4	93.64	0	93.64	0	A
Diet.5mo.as.AL	Dorea	20	-0.205353238850978	0.0701095820330275	-2.92903242176282	4	93.64	0	93.64	0	A
Diet.5mo.as.AL	Dorea	40	-0.684669765297404	0.0732861886916312	-9.34241195402196	4	93.64	0	93.64	0	A
Diet.5mo.as.AL	Dubosiella	AL	0	NA	NA	4	108.2	0	108.2	0	A
Diet.5mo.as.AL	Dubosiella	1D	-0.314888108954725	0.0821551067021511	-3.83284888298344	4	108.2	0	108.2	0	A
Diet.5mo.as.AL	Dubosiella	2D	-0.151403903052812	0.082353625571717	-1.83846068708855	4	108.2	0	108.2	0	A
Diet.5mo.as.AL	Dubosiella	20	-0.0210428669440865	0.0788882789037182	-0.266742629405935	4	108.2	0	108.2	0	A
Diet.5mo.as.AL	Dubosiella	40	0.548751918496982	0.0826455735689728	6.63982225302139	4	108.2	0	108.2	0	A
Diet.5mo.as.AL	Duncaniella	AL	0	NA	NA	4	50.76	2.50542142588017e-10	50.76	2.50542142588017e-10	A
Diet.5mo.as.AL	Duncaniella	1D	0.187526892034244	0.0749054672446894	2.50351408157779	4	50.76	2.50542142588017e-10	50.76	2.50542142588017e-10	A
Diet.5mo.as.AL	Duncaniella	2D	0.466546730070565	0.0741309221461511	6.29355087679546	4	50.76	2.50542142588017e-10	50.76	2.50542142588017e-10	A
Diet.5mo.as.AL	Duncaniella	20	0.342668767128025	0.0726595372632788	4.71608793607341	4	50.76	2.50542142588017e-10	50.76	2.50542142588017e-10	A
Diet.5mo.as.AL	Duncaniella	40	0.371716363746517	0.0760842407584864	4.88558944718201	4	50.76	2.50542142588017e-10	50.76	2.50542142588017e-10	A
Diet.5mo.as.AL	Emergencia	AL	0	NA	NA	4	510	0	510	0	A
Diet.5mo.as.AL	Emergencia	1D	0.203693946764657	0.0660008944898399	3.08623009338174	4	510	0	510	0	A
Diet.5mo.as.AL	Emergencia	2D	0.292551088271391	0.0650213976832271	4.49930482418494	4	510	0	510	0	A
Diet.5mo.as.AL	Emergencia	20	-0.317540872184232	0.0638175720716997	-4.97575921295583	4	510	0	510	0	A
Diet.5mo.as.AL	Emergencia	40	-1.09477696470439	0.0665371669491482	-16.4536155490522	4	510	0	510	0	A
Diet.5mo.as.AL	EnterococcusD	AL	0	NA	NA	4	30.368	4.11868384753156e-06	30.368	4.11868384753156e-06	A
Diet.5mo.as.AL	EnterococcusD	1D	0.169385293250164	0.0751417213891206	2.25421097785348	4	30.368	4.11868384753156e-06	30.368	4.11868384753156e-06	A
Diet.5mo.as.AL	EnterococcusD	2D	0.24128000112156	0.0750026797231442	3.21695174108701	4	30.368	4.11868384753156e-06	30.368	4.11868384753156e-06	A
Diet.5mo.as.AL	EnterococcusD	20	0.240874598695161	0.0731172041575323	3.29436281748674	4	30.368	4.11868384753156e-06	30.368	4.11868384753156e-06	A
Diet.5mo.as.AL	EnterococcusD	40	0.401153512967417	0.0764394835892591	5.24798826641713	4	30.368	4.11868384753156e-06	30.368	4.11868384753156e-06	A
Diet.5mo.as.AL	ErysipelatoclostridiaceaeNOV	AL	0	NA	NA	4	45.64	2.92645385702173e-09	45.64	2.92645385702173e-09	A
Diet.5mo.as.AL	ErysipelatoclostridiaceaeNOV	1D	0.256002907552671	0.066762879737223	3.83450966405721	4	45.64	2.92645385702173e-09	45.64	2.92645385702173e-09	A
Diet.5mo.as.AL	ErysipelatoclostridiaceaeNOV	2D	0.22486668743901	0.0664655517449841	3.38320651127341	4	45.64	2.92645385702173e-09	45.64	2.92645385702173e-09	A
Diet.5mo.as.AL	ErysipelatoclostridiaceaeNOV	20	0.204870217001258	0.0652652536427454	3.13903962011233	4	45.64	2.92645385702173e-09	45.64	2.92645385702173e-09	A
Diet.5mo.as.AL	ErysipelatoclostridiaceaeNOV	40	-0.125261593991384	0.0682660336587101	-1.8349036450194	4	45.64	2.92645385702173e-09	45.64	2.92645385702173e-09	A
Diet.5mo.as.AL	Erysipelatoclostridium	AL	0	NA	NA	4	35.176	4.27426373628137e-07	35.176	4.27426373628137e-07	A
Diet.5mo.as.AL	Erysipelatoclostridium	1D	0.174926612702191	0.0775886655325612	2.25453823057159	4	35.176	4.27426373628137e-07	35.176	4.27426373628137e-07	A
Diet.5mo.as.AL	Erysipelatoclostridium	2D	0.144260408188039	0.0776468452027883	1.85790430778325	4	35.176	4.27426373628137e-07	35.176	4.27426373628137e-07	A
Diet.5mo.as.AL	Erysipelatoclostridium	20	0.432245965315217	0.0755292038164006	5.72289847468719	4	35.176	4.27426373628137e-07	35.176	4.27426373628137e-07	A
Diet.5mo.as.AL	Erysipelatoclostridium	40	0.284727677930414	0.0788190557047303	3.61242183612365	4	35.176	4.27426373628137e-07	35.176	4.27426373628137e-07	A
Diet.5mo.as.AL	ErysipelotrichaceaeNOV	AL	0	NA	NA	4	254.52	0	254.52	0	A
Diet.5mo.as.AL	ErysipelotrichaceaeNOV	1D	0.303985938916627	0.0727322319992164	4.17952165856676	4	254.52	0	254.52	0	A
Diet.5mo.as.AL	ErysipelotrichaceaeNOV	2D	0.117409989465671	0.0724690163585653	1.62014051473729	4	254.52	0	254.52	0	A
Diet.5mo.as.AL	ErysipelotrichaceaeNOV	20	0.0874309582906278	0.0709187137983796	1.23283338921222	4	254.52	0	254.52	0	A
Diet.5mo.as.AL	ErysipelotrichaceaeNOV	40	-0.839048139091513	0.0734933326032949	-11.4166565778226	4	254.52	0	254.52	0	A
Diet.5mo.as.AL	Escherichia	AL	0	NA	NA	4	54.12	4.96682694972606e-11	54.12	4.96682694972606e-11	A
Diet.5mo.as.AL	Escherichia	1D	0.0964026119197671	0.0760047990746502	1.26837532752481	4	54.12	4.96682694972606e-11	54.12	4.96682694972606e-11	A
Diet.5mo.as.AL	Escherichia	2D	0.3104318261273	0.0755166710438938	4.11077212271264	4	54.12	4.96682694972606e-11	54.12	4.96682694972606e-11	A
Diet.5mo.as.AL	Escherichia	20	0.165637643720156	0.0736672575946063	2.24845676530632	4	54.12	4.96682694972606e-11	54.12	4.96682694972606e-11	A
Diet.5mo.as.AL	Escherichia	40	0.520647866513052	0.0770618171892903	6.75623655790729	4	54.12	4.96682694972606e-11	54.12	4.96682694972606e-11	A
Diet.5mo.as.AL	EubacteriumF	AL	0	NA	NA	4	23.652	9.37831233976949e-05	23.652	9.37831233976949e-05	A
Diet.5mo.as.AL	EubacteriumF	1D	0.10199476343626	0.0740752531061299	1.37690739024718	4	23.652	9.37831233976949e-05	23.652	9.37831233976949e-05	A
Diet.5mo.as.AL	EubacteriumF	2D	0.279309553735524	0.0736694552244843	3.79138888545349	4	23.652	9.37831233976949e-05	23.652	9.37831233976949e-05	A
Diet.5mo.as.AL	EubacteriumF	20	0.132102873328181	0.0722763253047635	1.8277475061322	4	23.652	9.37831233976949e-05	23.652	9.37831233976949e-05	A
Diet.5mo.as.AL	EubacteriumF	40	-0.0723051287031795	0.0750517565480899	-0.963403550146751	4	23.652	9.37831233976949e-05	23.652	9.37831233976949e-05	A
Diet.5mo.as.AL	EubacteriumG	AL	0	NA	NA	4	44.24	5.71997182952089e-09	44.24	5.71997182952089e-09	A
Diet.5mo.as.AL	EubacteriumG	1D	-0.194198573216728	0.0799014342328846	-2.43047668769884	4	44.24	5.71997182952089e-09	44.24	5.71997182952089e-09	A
Diet.5mo.as.AL	EubacteriumG	2D	-0.190410006406564	0.0805551209045114	-2.36372317822318	4	44.24	5.71997182952089e-09	44.24	5.71997182952089e-09	A
Diet.5mo.as.AL	EubacteriumG	20	-0.36600904048276	0.0778865157383869	-4.69926067449401	4	44.24	5.71997182952089e-09	44.24	5.71997182952089e-09	A
Diet.5mo.as.AL	EubacteriumG	40	-0.4943300771913	0.0810030343740837	-6.10261184671691	4	44.24	5.71997182952089e-09	44.24	5.71997182952089e-09	A
Diet.5mo.as.AL	EubacteriumJ	AL	0	NA	NA	4	177.56	0	177.56	0	A
Diet.5mo.as.AL	EubacteriumJ	1D	-0.213011879605985	0.06854339900075	-3.10769355928285	4	177.56	0	177.56	0	A
Diet.5mo.as.AL	EubacteriumJ	2D	-0.314161252744408	0.0679513916386404	-4.62332330756507	4	177.56	0	177.56	0	A
Diet.5mo.as.AL	EubacteriumJ	20	-0.493398277852126	0.0668157957920582	-7.38445560669012	4	177.56	0	177.56	0	A
Diet.5mo.as.AL	EubacteriumJ	40	-0.885634971105536	0.0694976119752919	-12.7433870881837	4	177.56	0	177.56	0	A
Diet.5mo.as.AL	Evtepia	AL	0	NA	NA	4	172.84	0	172.84	0	A
Diet.5mo.as.AL	Evtepia	1D	-0.121120393839812	0.0719688021935771	-1.68295692227905	4	172.84	0	172.84	0	A
Diet.5mo.as.AL	Evtepia	2D	-0.114015681223334	0.0709704259642524	-1.6065238396732	4	172.84	0	172.84	0	A
Diet.5mo.as.AL	Evtepia	20	-0.461852308814312	0.0698187331089629	-6.61501989864984	4	172.84	0	172.84	0	A
Diet.5mo.as.AL	Evtepia	40	-0.855531803220287	0.0726363399665227	-11.7782889888807	4	172.84	0	172.84	0	A
Diet.5mo.as.AL	Flavonifractor	AL	0	NA	NA	4	89.88	0	89.88	0	A
Diet.5mo.as.AL	Flavonifractor	1D	-0.15904035871389	0.0734932224153462	-2.16401395240333	4	89.88	0	89.88	0	A
Diet.5mo.as.AL	Flavonifractor	2D	-0.228669515029245	0.0732417421330369	-3.12212009667776	4	89.88	0	89.88	0	A
Diet.5mo.as.AL	Flavonifractor	20	-0.407345848189247	0.0717491003099469	-5.67736524123041	4	89.88	0	89.88	0	A
Diet.5mo.as.AL	Flavonifractor	40	-0.665345082483348	0.0745437596450393	-8.92556379838597	4	89.88	0	89.88	0	A
Diet.5mo.as.AL	HungatellaA	AL	0	NA	NA	4	19.64	0.000588105781002435	19.64	0.000588105781002435	A
Diet.5mo.as.AL	HungatellaA	1D	-0.0451316101381911	0.0687057331467417	-0.65688273847248	4	19.64	0.000588105781002435	19.64	0.000588105781002435	A
Diet.5mo.as.AL	HungatellaA	2D	0.00994569569317153	0.0680774010736981	0.146093939197307	4	19.64	0.000588105781002435	19.64	0.000588105781002435	A
Diet.5mo.as.AL	HungatellaA	20	-0.0840353822539472	0.0670786487572108	-1.25278883535819	4	19.64	0.000588105781002435	19.64	0.000588105781002435	A
Diet.5mo.as.AL	HungatellaA	40	-0.276354678135128	0.0699440027476101	-3.95108468602151	4	19.64	0.000588105781002435	19.64	0.000588105781002435	A
Diet.5mo.as.AL	Ileibacterium	AL	0	NA	NA	4	120.6	0	120.6	0	A
Diet.5mo.as.AL	Ileibacterium	1D	0.0323053642827937	0.0683938548998283	0.472343083016875	4	120.6	0	120.6	0	A
Diet.5mo.as.AL	Ileibacterium	2D	0.563931323697799	0.0674832951919033	8.35660621038345	4	120.6	0	120.6	0	A
Diet.5mo.as.AL	Ileibacterium	20	0.241049562774316	0.0657650842016036	3.66531215919037	4	120.6	0	120.6	0	A
Diet.5mo.as.AL	Ileibacterium	40	0.525949594106951	0.0693860171217106	7.58005165773355	4	120.6	0	120.6	0	A
Diet.5mo.as.AL	Kineothrix	AL	0	NA	NA	4	172.04	0	172.04	0	A
Diet.5mo.as.AL	Kineothrix	1D	0.198633593112487	0.0712179658271872	2.7890938867094	4	172.04	0	172.04	0	A
Diet.5mo.as.AL	Kineothrix	2D	0.513980823170935	0.070826833609212	7.25686575241852	4	172.04	0	172.04	0	A
Diet.5mo.as.AL	Kineothrix	20	0.449875816738382	0.0691514957790171	6.50565561410299	4	172.04	0	172.04	0	A
Diet.5mo.as.AL	Kineothrix	40	0.884036765202336	0.0721841498654252	12.2469651142317	4	172.04	0	172.04	0	A
Diet.5mo.as.AL	Lachnospira	AL	0	NA	NA	4	157.8	0	157.8	0	A
Diet.5mo.as.AL	Lachnospira	1D	0.00678262225855498	0.0678134402955579	0.100018849198531	4	157.8	0	157.8	0	A
Diet.5mo.as.AL	Lachnospira	2D	-0.0479234156081261	0.0672715523840395	-0.712387538413579	4	157.8	0	157.8	0	A
Diet.5mo.as.AL	Lachnospira	20	-0.259957014059081	0.0660391126856315	-3.93640985602826	4	157.8	0	157.8	0	A
Diet.5mo.as.AL	Lachnospira	40	-0.755613100411196	0.0687567570621079	-10.9896558927096	4	157.8	0	157.8	0	A
Diet.5mo.as.AL	LachnospiraceaeNOV	AL	0	NA	NA	4	17.164	0.00179614305272013	17.164	0.00179614305272013	A
Diet.5mo.as.AL	LachnospiraceaeNOV	1D	-0.129848677228299	0.0731468327651755	-1.7751783955589	4	17.164	0.00179614305272013	17.164	0.00179614305272013	A
Diet.5mo.as.AL	LachnospiraceaeNOV	2D	-0.0519789866123104	0.0724089747282415	-0.717852818761667	4	17.164	0.00179614305272013	17.164	0.00179614305272013	A
Diet.5mo.as.AL	LachnospiraceaeNOV	20	-0.201776006391439	0.0711928168789321	-2.83421860852299	4	17.164	0.00179614305272013	17.164	0.00179614305272013	A
Diet.5mo.as.AL	LachnospiraceaeNOV	40	-0.2733761284311	0.0739988295688991	-3.69433043770731	4	17.164	0.00179614305272013	17.164	0.00179614305272013	A
Diet.5mo.as.AL	Lactobacillus	AL	0	NA	NA	4	199.04	0	199.04	0	A
Diet.5mo.as.AL	Lactobacillus	1D	0.248301010317964	0.068746798814568	3.61181923521575	4	199.04	0	199.04	0	A
Diet.5mo.as.AL	Lactobacillus	2D	0.823399347029128	0.0684760550249711	12.0246317742583	4	199.04	0	199.04	0	A
Diet.5mo.as.AL	Lactobacillus	20	0.538277850780802	0.0668395759360465	8.0532804591076	4	199.04	0	199.04	0	A
Diet.5mo.as.AL	Lactobacillus	40	0.720301180087442	0.0701965292567052	10.2612078932469	4	199.04	0	199.04	0	A
Diet.5mo.as.AL	Lawsonibacter	AL	0	NA	NA	4	55.88	2.12476702898812e-11	55.88	2.12476702898812e-11	A
Diet.5mo.as.AL	Lawsonibacter	1D	-0.115586850417045	0.0724133627878592	-1.5962088482987	4	55.88	2.12476702898812e-11	55.88	2.12476702898812e-11	A
Diet.5mo.as.AL	Lawsonibacter	2D	-0.196431416018831	0.0711307665599947	-2.76155348126541	4	55.88	2.12476702898812e-11	55.88	2.12476702898812e-11	A
Diet.5mo.as.AL	Lawsonibacter	20	-0.410554027683067	0.0699500519211287	-5.86924550314819	4	55.88	2.12476702898812e-11	55.88	2.12476702898812e-11	A
Diet.5mo.as.AL	Lawsonibacter	40	-0.452140883871493	0.0729581530868823	-6.19726329054768	4	55.88	2.12476702898812e-11	55.88	2.12476702898812e-11	A
Diet.5mo.as.AL	Ligilactobacillus	AL	0	NA	NA	4	157.76	0	157.76	0	A
Diet.5mo.as.AL	Ligilactobacillus	1D	0.337085390181168	0.0660092218556079	5.10664087085478	4	157.76	0	157.76	0	A
Diet.5mo.as.AL	Ligilactobacillus	2D	0.496378369216605	0.0656876123218186	7.55665111992097	4	157.76	0	157.76	0	A
Diet.5mo.as.AL	Ligilactobacillus	20	0.446674478423748	0.0611411395862566	7.3056289340762	4	157.76	0	157.76	0	A
Diet.5mo.as.AL	Ligilactobacillus	40	0.784929729694137	0.0655483099248437	11.9748278879214	4	157.76	0	157.76	0	A
Diet.5mo.as.AL	Limosilactobacillus	AL	0	NA	NA	4	149.04	0	149.04	0	A
Diet.5mo.as.AL	Limosilactobacillus	1D	0.223180486040065	0.0782008041507132	2.85394106190952	4	149.04	0	149.04	0	A
Diet.5mo.as.AL	Limosilactobacillus	2D	0.681965063362736	0.0779832312221406	8.74502188066703	4	149.04	0	149.04	0	A
Diet.5mo.as.AL	Limosilactobacillus	20	0.577505684013026	0.0755716194949175	7.64183284509161	4	149.04	0	149.04	0	A
Diet.5mo.as.AL	Limosilactobacillus	40	0.794269371807417	0.079229782086587	10.0248839626921	4	149.04	0	149.04	0	A
Diet.5mo.as.AL	Mailhella	AL	0	NA	NA	4	44.12	6.05791294905345e-09	44.12	6.05791294905345e-09	A
Diet.5mo.as.AL	Mailhella	1D	0.200707245734042	0.0790915609872718	2.53765690332426	4	44.12	6.05791294905345e-09	44.12	6.05791294905345e-09	A
Diet.5mo.as.AL	Mailhella	2D	0.363527792888448	0.079042883335753	4.59912110422743	4	44.12	6.05791294905345e-09	44.12	6.05791294905345e-09	A
Diet.5mo.as.AL	Mailhella	20	0.103094854354584	0.0764865162192122	1.34788273084777	4	44.12	6.05791294905345e-09	44.12	6.05791294905345e-09	A
Diet.5mo.as.AL	Mailhella	40	-0.164828208947117	0.080063318582576	-2.05872316892681	4	44.12	6.05791294905345e-09	44.12	6.05791294905345e-09	A
Diet.5mo.as.AL	MarseilleP3106	AL	0	NA	NA	4	16.044	0.00296068694661156	16.044	0.00296068694661156	A
Diet.5mo.as.AL	MarseilleP3106	1D	0.14543483854702	0.0720077698510795	2.01971035692115	4	16.044	0.00296068694661156	16.044	0.00296068694661156	A
Diet.5mo.as.AL	MarseilleP3106	2D	0.0952517815961714	0.0709695348012128	1.34215028833109	4	16.044	0.00296068694661156	16.044	0.00296068694661156	A
Diet.5mo.as.AL	MarseilleP3106	20	0.269812271339917	0.0700751527316734	3.85032726754178	4	16.044	0.00296068694661156	16.044	0.00296068694661156	A
Diet.5mo.as.AL	MarseilleP3106	40	0.0747755319589783	0.0727018969643379	1.0285224331307	4	16.044	0.00296068694661156	16.044	0.00296068694661156	A
Diet.5mo.as.AL	MuribaculaceaeNOV	AL	0	NA	NA	4	27.872	1.3240561569261e-05	27.872	1.3240561569261e-05	A
Diet.5mo.as.AL	MuribaculaceaeNOV	1D	0.134108284776516	0.0706863052469507	1.89723149778438	4	27.872	1.3240561569261e-05	27.872	1.3240561569261e-05	A
Diet.5mo.as.AL	MuribaculaceaeNOV	2D	0.0112143910483915	0.0713915151801842	0.15708296735386	4	27.872	1.3240561569261e-05	27.872	1.3240561569261e-05	A
Diet.5mo.as.AL	MuribaculaceaeNOV	20	0.115100112037694	0.0671854821940415	1.71316939730027	4	27.872	1.3240561569261e-05	27.872	1.3240561569261e-05	A
Diet.5mo.as.AL	MuribaculaceaeNOV	40	0.350206886861841	0.0711382084395783	4.92290844180158	4	27.872	1.3240561569261e-05	27.872	1.3240561569261e-05	A
Diet.5mo.as.AL	Muribaculum	AL	0	NA	NA	4	67.96	6.11732886568461e-14	67.96	6.11732886568461e-14	A
Diet.5mo.as.AL	Muribaculum	1D	0.257329089616822	0.0683802020315029	3.76321043184794	4	67.96	6.11732886568461e-14	67.96	6.11732886568461e-14	A
Diet.5mo.as.AL	Muribaculum	2D	0.452262178498692	0.0679789539206532	6.65297349274578	4	67.96	6.11732886568461e-14	67.96	6.11732886568461e-14	A
Diet.5mo.as.AL	Muribaculum	20	0.299996813435297	0.0663220781290144	4.52333252965509	4	67.96	6.11732886568461e-14	67.96	6.11732886568461e-14	A
Diet.5mo.as.AL	Muribaculum	40	0.49452134863472	0.0695508179866531	7.11021614051497	4	67.96	6.11732886568461e-14	67.96	6.11732886568461e-14	A
Diet.5mo.as.AL	Oscillibacter	AL	0	NA	NA	4	36.064	2.80728387647144e-07	36.064	2.80728387647144e-07	A
Diet.5mo.as.AL	Oscillibacter	1D	-0.0879268945485661	0.0674951325848933	-1.30271459853752	4	36.064	2.80728387647144e-07	36.064	2.80728387647144e-07	A
Diet.5mo.as.AL	Oscillibacter	2D	-0.271841186215012	0.065930071642544	-4.1231744398651	4	36.064	2.80728387647144e-07	36.064	2.80728387647144e-07	A
Diet.5mo.as.AL	Oscillibacter	20	-0.30255778739762	0.0650530650076303	-4.65093823576386	4	36.064	2.80728387647144e-07	36.064	2.80728387647144e-07	A
Diet.5mo.as.AL	Oscillibacter	40	-0.301243249378066	0.067989034329604	-4.4307622890725	4	36.064	2.80728387647144e-07	36.064	2.80728387647144e-07	A
Diet.5mo.as.AL	OscillospiraceaeNOV	AL	0	NA	NA	4	67.16	9.01501095995627e-14	67.16	9.01501095995627e-14	A
Diet.5mo.as.AL	OscillospiraceaeNOV	1D	-0.0194133016687425	0.0672909705663717	-0.28849786985305	4	67.16	9.01501095995627e-14	67.16	9.01501095995627e-14	A
Diet.5mo.as.AL	OscillospiraceaeNOV	2D	-0.288708140566857	0.0661076074220138	-4.36724534173229	4	67.16	9.01501095995627e-14	67.16	9.01501095995627e-14	A
Diet.5mo.as.AL	OscillospiraceaeNOV	20	-0.311545629613028	0.0649348366035716	-4.79781956663754	4	67.16	9.01501095995627e-14	67.16	9.01501095995627e-14	A
Diet.5mo.as.AL	OscillospiraceaeNOV	40	-0.451052653032636	0.0681342476884685	-6.62005772919064	4	67.16	9.01501095995627e-14	67.16	9.01501095995627e-14	A
Diet.5mo.as.AL	Paramuribaculum	AL	0	NA	NA	4	190.72	0	190.72	0	A
Diet.5mo.as.AL	Paramuribaculum	1D	0.387031950637804	0.0704687741430228	5.49224752870381	4	190.72	0	190.72	0	A
Diet.5mo.as.AL	Paramuribaculum	2D	0.58174758878379	0.0697717482995056	8.33786744581133	4	190.72	0	190.72	0	A
Diet.5mo.as.AL	Paramuribaculum	20	0.724638998745779	0.0685083192366502	10.5773869045399	4	190.72	0	190.72	0	A
Diet.5mo.as.AL	Paramuribaculum	40	0.869888683964595	0.0715718294095799	12.1540652396425	4	190.72	0	190.72	0	A
Diet.5mo.as.AL	Parvibacter	AL	0	NA	NA	4	112.6	0	112.6	0	A
Diet.5mo.as.AL	Parvibacter	1D	0.311581165025426	0.0697190148607248	4.46909879102366	4	112.6	0	112.6	0	A
Diet.5mo.as.AL	Parvibacter	2D	0.423362260799453	0.0692723916111681	6.11155831280984	4	112.6	0	112.6	0	A
Diet.5mo.as.AL	Parvibacter	20	0.320750625955702	0.0676047109530736	4.74450110700635	4	112.6	0	112.6	0	A
Diet.5mo.as.AL	Parvibacter	40	-0.226011172561003	0.0710188789611257	-3.18240974607212	4	112.6	0	112.6	0	A
Diet.5mo.as.AL	PCoA1	AL	0	NA	NA	4	256.08	0	256.08	0	A
Diet.5mo.as.AL	PCoA1	1D	0.318659345812814	0.0624478591431229	5.10280656831622	4	256.08	0	256.08	0	A
Diet.5mo.as.AL	PCoA1	2D	0.605217754150042	0.0614549659942286	9.84815050108204	4	256.08	0	256.08	0	A
Diet.5mo.as.AL	PCoA1	20	0.609123039226901	0.0606006383446833	10.0514294216233	4	256.08	0	256.08	0	A
Diet.5mo.as.AL	PCoA1	40	0.940749854517674	0.0634478495592848	14.8271353726284	4	256.08	0	256.08	0	A
Diet.5mo.as.AL	PCoA2	AL	0	NA	NA	4	310.92	0	310.92	0	A
Diet.5mo.as.AL	PCoA2	1D	0.295570427099928	0.0652649741228624	4.52877567289787	4	310.92	0	310.92	0	A
Diet.5mo.as.AL	PCoA2	2D	0.390370260287681	0.0642457918527507	6.07619968608056	4	310.92	0	310.92	0	A
Diet.5mo.as.AL	PCoA2	20	0.491876178794896	0.0632082479647248	7.78183535587638	4	310.92	0	310.92	0	A
Diet.5mo.as.AL	PCoA2	40	1.13482068799263	0.0660442524748167	17.1827319633204	4	310.92	0	310.92	0	A
Diet.5mo.as.AL	PCoA3	AL	0	NA	NA	4	7.964	0.0929058575298735	7.964	0.0929058575298735	A
Diet.5mo.as.AL	PCoA3	1D	0.0813937551940458	0.0715866778389156	1.13699584407588	4	7.964	0.0929058575298735	7.964	0.0929058575298735	A
Diet.5mo.as.AL	PCoA3	2D	-0.0433572248505411	0.0722640354645823	-0.599983443656301	4	7.964	0.0929058575298735	7.964	0.0929058575298735	A
Diet.5mo.as.AL	PCoA3	20	-0.0271017335997739	0.0692951548870179	-0.391105751101384	4	7.964	0.0929058575298735	7.964	0.0929058575298735	A
Diet.5mo.as.AL	PCoA3	40	-0.134863729064034	0.0725582050562778	-1.85869715160994	4	7.964	0.0929058575298735	7.964	0.0929058575298735	A
Diet.5mo.as.AL	Prevotella	AL	0	NA	NA	4	37.4	1.48990787152137e-07	37.4	1.48990787152137e-07	A
Diet.5mo.as.AL	Prevotella	1D	0.20903720106496	0.0812231927639044	2.57361467767684	4	37.4	1.48990787152137e-07	37.4	1.48990787152137e-07	A
Diet.5mo.as.AL	Prevotella	2D	0.471120055758538	0.0810761441121237	5.81083450523999	4	37.4	1.48990787152137e-07	37.4	1.48990787152137e-07	A
Diet.5mo.as.AL	Prevotella	20	0.214482251511014	0.0786382540125632	2.72745439486422	4	37.4	1.48990787152137e-07	37.4	1.48990787152137e-07	A
Diet.5mo.as.AL	Prevotella	40	0.0808993041814896	0.0823593953633492	0.982271710769391	4	37.4	1.48990787152137e-07	37.4	1.48990787152137e-07	A
Diet.5mo.as.AL	Romboutsia	AL	0	NA	NA	4	194.28	0	194.28	0	A
Diet.5mo.as.AL	Romboutsia	1D	-0.119893905936611	0.0857492030713187	-1.39819265535207	4	194.28	0	194.28	0	A
Diet.5mo.as.AL	Romboutsia	2D	-0.107053008408756	0.0861638946235046	-1.24243465173583	4	194.28	0	194.28	0	A
Diet.5mo.as.AL	Romboutsia	20	0.0913696209772	0.0822851977269728	1.11040167005942	4	194.28	0	194.28	0	A
Diet.5mo.as.AL	Romboutsia	40	0.972798916724094	0.0863630511474703	11.26406378421	4	194.28	0	194.28	0	A
Diet.5mo.as.AL	Roseburia	AL	0	NA	NA	4	76.4	9.99200722162641e-16	76.4	9.99200722162641e-16	A
Diet.5mo.as.AL	Roseburia	1D	-0.404189392521673	0.0860937623336529	-4.69475815164463	4	76.4	9.99200722162641e-16	76.4	9.99200722162641e-16	A
Diet.5mo.as.AL	Roseburia	2D	-0.41831332311268	0.0859557525407407	-4.86661230630737	4	76.4	9.99200722162641e-16	76.4	9.99200722162641e-16	A
Diet.5mo.as.AL	Roseburia	20	-0.0394504719528863	0.0828794933796666	-0.475997986283118	4	76.4	9.99200722162641e-16	76.4	9.99200722162641e-16	A
Diet.5mo.as.AL	Roseburia	40	0.254853223855201	0.086609484029176	2.94255561861272	4	76.4	9.99200722162641e-16	76.4	9.99200722162641e-16	A
Diet.5mo.as.AL	RuminiclostridiumE	AL	0	NA	NA	4	89.08	0	89.08	0	A
Diet.5mo.as.AL	RuminiclostridiumE	1D	-0.042425308735049	0.0848240186808936	-0.500156788074993	4	89.08	0	89.08	0	A
Diet.5mo.as.AL	RuminiclostridiumE	2D	-0.654497385648693	0.0848446823607708	-7.7140648940812	4	89.08	0	89.08	0	A
Diet.5mo.as.AL	RuminiclostridiumE	20	-0.254523609899572	0.0813575252810623	-3.12845811153031	4	89.08	0	89.08	0	A
Diet.5mo.as.AL	RuminiclostridiumE	40	-0.517716566496169	0.0853784262232507	-6.06378671284505	4	89.08	0	89.08	0	A
Diet.5mo.as.AL	Schaedlerella	AL	0	NA	NA	4	207.16	0	207.16	0	A
Diet.5mo.as.AL	Schaedlerella	1D	-0.184161831893309	0.0706275574675245	-2.60750673670103	4	207.16	0	207.16	0	A
Diet.5mo.as.AL	Schaedlerella	2D	-0.473981427337489	0.069947632146823	-6.77623262989921	4	207.16	0	207.16	0	A
Diet.5mo.as.AL	Schaedlerella	20	-0.568194099014197	0.0684237986688456	-8.30404201561678	4	207.16	0	207.16	0	A
Diet.5mo.as.AL	Schaedlerella	40	-0.946460832656953	0.0714803571332255	-13.2408520412529	4	207.16	0	207.16	0	A
Diet.5mo.as.AL	Shannon	AL	0	NA	NA	4	55.88	2.12476702898812e-11	55.88	2.12476702898812e-11	A
Diet.5mo.as.AL	Shannon	1D	0.229601818134387	0.0726350086920933	3.16103518494354	4	55.88	2.12476702898812e-11	55.88	2.12476702898812e-11	A
Diet.5mo.as.AL	Shannon	2D	-0.0928918249873997	0.072206158820159	-1.28648063413485	4	55.88	2.12476702898812e-11	55.88	2.12476702898812e-11	A
Diet.5mo.as.AL	Shannon	20	0.297189761160808	0.071153811915005	4.17672297748163	4	55.88	2.12476702898812e-11	55.88	2.12476702898812e-11	A
Diet.5mo.as.AL	Shannon	40	0.399155411002982	0.0735406989750707	5.42768040780101	4	55.88	2.12476702898812e-11	55.88	2.12476702898812e-11	A
Diet.5mo.as.AL	Simpson	AL	0	NA	NA	4	61.04	1.75359726739543e-12	61.04	1.75359726739543e-12	A
Diet.5mo.as.AL	Simpson	1D	0.295291493125795	0.069062330895017	4.27572439706202	4	61.04	1.75359726739543e-12	61.04	1.75359726739543e-12	A
Diet.5mo.as.AL	Simpson	2D	0.142633576323776	0.0682305308615564	2.0904655807704	4	61.04	1.75359726739543e-12	61.04	1.75359726739543e-12	A
Diet.5mo.as.AL	Simpson	20	0.362139288632076	0.0676136337458236	5.35600985436527	4	61.04	1.75359726739543e-12	61.04	1.75359726739543e-12	A
Diet.5mo.as.AL	Simpson	40	0.494223974378821	0.0697187571391213	7.08882364888713	4	61.04	1.75359726739543e-12	61.04	1.75359726739543e-12	A
Diet.5mo.as.AL	Staphylococcus	AL	0	NA	NA	4	44.64	4.72362826631212e-09	44.64	4.72362826631212e-09	A
Diet.5mo.as.AL	Staphylococcus	1D	-0.155087036672996	0.0958748203986092	-1.61759924063697	4	44.64	4.72362826631212e-09	44.64	4.72362826631212e-09	A
Diet.5mo.as.AL	Staphylococcus	2D	-0.146681241502613	0.0955072381114753	-1.53581282846236	4	44.64	4.72362826631212e-09	44.64	4.72362826631212e-09	A
Diet.5mo.as.AL	Staphylococcus	20	0.125003799032169	0.0909461962609115	1.37448078283067	4	44.64	4.72362826631212e-09	44.64	4.72362826631212e-09	A
Diet.5mo.as.AL	Staphylococcus	40	0.43132170102818	0.095965742546778	4.49453825481457	4	44.64	4.72362826631212e-09	44.64	4.72362826631212e-09	A
Diet.5mo.as.AL	TF0111	AL	0	NA	NA	4	218.48	0	218.48	0	A
Diet.5mo.as.AL	TF0111	1D	-0.217998092195168	0.0717595346106469	-3.03789724080546	4	218.48	0	218.48	0	A
Diet.5mo.as.AL	TF0111	2D	-0.257058174393255	0.0713624408909014	-3.60214941058763	4	218.48	0	218.48	0	A
Diet.5mo.as.AL	TF0111	20	-0.447282522386572	0.0696395913742796	-6.42281945599942	4	218.48	0	218.48	0	A
Diet.5mo.as.AL	TF0111	40	-1.03557904865817	0.0728284725261292	-14.2194256276159	4	218.48	0	218.48	0	A
Diet.5mo.as.AL	Turicibacter	AL	0	NA	NA	4	79.64	2.22044604925031e-16	79.64	2.22044604925031e-16	A
Diet.5mo.as.AL	Turicibacter	1D	-0.29741910848802	0.0812939761207769	-3.65856269652932	4	79.64	2.22044604925031e-16	79.64	2.22044604925031e-16	A
Diet.5mo.as.AL	Turicibacter	2D	-0.206922234979762	0.082312896023308	-2.51384952998335	4	79.64	2.22044604925031e-16	79.64	2.22044604925031e-16	A
Diet.5mo.as.AL	Turicibacter	20	-0.349206194747657	0.0781876509135523	-4.46625765920189	4	79.64	2.22044604925031e-16	79.64	2.22044604925031e-16	A
Diet.5mo.as.AL	Turicibacter	40	0.319293627469601	0.0820312368889063	3.89234198555382	4	79.64	2.22044604925031e-16	79.64	2.22044604925031e-16	A
Diet.5mo.as.AL	UBA11940	AL	0	NA	NA	4	53.72	6.02325966880812e-11	53.72	6.02325966880812e-11	A
Diet.5mo.as.AL	UBA11940	1D	-0.24392715434317	0.0791166483315133	-3.0831330634871	4	53.72	6.02325966880812e-11	53.72	6.02325966880812e-11	A
Diet.5mo.as.AL	UBA11940	2D	-0.494858927399221	0.0801329724508172	-6.17547199691049	4	53.72	6.02325966880812e-11	53.72	6.02325966880812e-11	A
Diet.5mo.as.AL	UBA11940	20	-0.376006601645153	0.0765209995007241	-4.91377012974844	4	53.72	6.02325966880812e-11	53.72	6.02325966880812e-11	A
Diet.5mo.as.AL	UBA11940	40	-0.422933347505549	0.0801419197229498	-5.27730492316166	4	53.72	6.02325966880812e-11	53.72	6.02325966880812e-11	A
Diet.5mo.as.AL	UBA11957	AL	0	NA	NA	4	254.36	0	254.36	0	A
Diet.5mo.as.AL	UBA11957	1D	-0.424854625489708	0.072011077252798	-5.89985099095571	4	254.36	0	254.36	0	A
Diet.5mo.as.AL	UBA11957	2D	-0.762151702047886	0.0728483319083127	-10.4621709527561	4	254.36	0	254.36	0	A
Diet.5mo.as.AL	UBA11957	20	-0.58451993193263	0.0696444582906183	-8.39291375479577	4	254.36	0	254.36	0	A
Diet.5mo.as.AL	UBA11957	40	-1.07888888008276	0.0730201256865358	-14.7752262809608	4	254.36	0	254.36	0	A
Diet.5mo.as.AL	UBA1394	AL	0	NA	NA	4	57.92	7.93187737713197e-12	57.92	7.93187737713197e-12	A
Diet.5mo.as.AL	UBA1394	1D	0.0181784900584637	0.0731156344259513	0.248626578996236	4	57.92	7.93187737713197e-12	57.92	7.93187737713197e-12	A
Diet.5mo.as.AL	UBA1394	2D	-0.213257785700474	0.0736700867111038	-2.8947676760143	4	57.92	7.93187737713197e-12	57.92	7.93187737713197e-12	A
Diet.5mo.as.AL	UBA1394	20	0.232506722158445	0.071485052645474	3.25252222043605	4	57.92	7.93187737713197e-12	57.92	7.93187737713197e-12	A
Diet.5mo.as.AL	UBA1394	40	0.364181079234851	0.0745044302102037	4.88804596192959	4	57.92	7.93187737713197e-12	57.92	7.93187737713197e-12	A
Diet.5mo.as.AL	UBA1405	AL	0	NA	NA	4	53.12	8.0429995996667e-11	53.12	8.0429995996667e-11	A
Diet.5mo.as.AL	UBA1405	1D	-0.197903757814203	0.0808370655108999	-2.44818087548611	4	53.12	8.0429995996667e-11	53.12	8.0429995996667e-11	A
Diet.5mo.as.AL	UBA1405	2D	-0.40065347715009	0.0804209332017914	-4.98195508555931	4	53.12	8.0429995996667e-11	53.12	8.0429995996667e-11	A
Diet.5mo.as.AL	UBA1405	20	-0.424314930645651	0.0770304198511797	-5.50840734693403	4	53.12	8.0429995996667e-11	53.12	8.0429995996667e-11	A
Diet.5mo.as.AL	UBA1405	40	-0.48468023592835	0.0812134574596394	-5.96797933605056	4	53.12	8.0429995996667e-11	53.12	8.0429995996667e-11	A
Diet.5mo.as.AL	UBA2882	AL	0	NA	NA	4	103.84	0	103.84	0	A
Diet.5mo.as.AL	UBA2882	1D	-0.085273524127163	0.0729787686196549	-1.1684703063652	4	103.84	0	103.84	0	A
Diet.5mo.as.AL	UBA2882	2D	-0.503537878612669	0.0735384727784164	-6.84727136134458	4	103.84	0	103.84	0	A
Diet.5mo.as.AL	UBA2882	20	0.0132763622035823	0.0711187998859487	0.186678659157258	4	103.84	0	103.84	0	A
Diet.5mo.as.AL	UBA2882	40	0.328393944504151	0.0743320009840735	4.41793494264352	4	103.84	0	103.84	0	A
Diet.5mo.as.AL	UBA3282	AL	0	NA	NA	4	17.896	0.00129320910164366	17.896	0.00129320910164366	A
Diet.5mo.as.AL	UBA3282	1D	-0.0377459985025747	0.0715179375662814	-0.527783655220656	4	17.896	0.00129320910164366	17.896	0.00129320910164366	A
Diet.5mo.as.AL	UBA3282	2D	-0.118146224850096	0.0711845826889919	-1.65971647774183	4	17.896	0.00129320910164366	17.896	0.00129320910164366	A
Diet.5mo.as.AL	UBA3282	20	-0.106296138132526	0.0699529382732571	-1.51953786011535	4	17.896	0.00129320910164366	17.896	0.00129320910164366	A
Diet.5mo.as.AL	UBA3282	40	-0.292755918509236	0.0725845245097083	-4.03331041274617	4	17.896	0.00129320910164366	17.896	0.00129320910164366	A
Diet.5mo.as.AL	UBA3700	AL	0	NA	NA	4	34.124	7.02802645635714e-07	34.124	7.02802645635714e-07	A
Diet.5mo.as.AL	UBA3700	1D	0.122049205534319	0.0753206717573659	1.62039454357871	4	34.124	7.02802645635714e-07	34.124	7.02802645635714e-07	A
Diet.5mo.as.AL	UBA3700	2D	-0.0610008403193916	0.075849355170817	-0.804236768816482	4	34.124	7.02802645635714e-07	34.124	7.02802645635714e-07	A
Diet.5mo.as.AL	UBA3700	20	0.197460044856326	0.0732184458544445	2.69686200727163	4	34.124	7.02802645635714e-07	34.124	7.02802645635714e-07	A
Diet.5mo.as.AL	UBA3700	40	0.374456973497537	0.0765356270280204	4.89258385980747	4	34.124	7.02802645635714e-07	34.124	7.02802645635714e-07	A
Diet.5mo.as.AL	UBA3700NOV	AL	0	NA	NA	4	235.12	0	235.12	0	A
Diet.5mo.as.AL	UBA3700NOV	1D	0.293443953706933	0.0718276900817262	4.08538759039932	4	235.12	0	235.12	0	A
Diet.5mo.as.AL	UBA3700NOV	2D	0.476562532576088	0.0714118737195378	6.67343549124246	4	235.12	0	235.12	0	A
Diet.5mo.as.AL	UBA3700NOV	20	0.626277887754158	0.0698786741284498	8.96236077122678	4	235.12	0	235.12	0	A
Diet.5mo.as.AL	UBA3700NOV	40	1.06475469608898	0.0727025148516	14.6453626571564	4	235.12	0	235.12	0	A
Diet.5mo.as.AL	UBA3818	AL	0	NA	NA	4	62.44	8.9017682114445e-13	62.44	8.9017682114445e-13	A
Diet.5mo.as.AL	UBA3818	1D	-0.271205405089939	0.0747198059068324	-3.62963208748298	4	62.44	8.9017682114445e-13	62.44	8.9017682114445e-13	A
Diet.5mo.as.AL	UBA3818	2D	-0.412752706418377	0.0749366990937825	-5.50801825286994	4	62.44	8.9017682114445e-13	62.44	8.9017682114445e-13	A
Diet.5mo.as.AL	UBA3818	20	-0.490845420045088	0.0728918347571903	-6.73388757026273	4	62.44	8.9017682114445e-13	62.44	8.9017682114445e-13	A
Diet.5mo.as.AL	UBA3818	40	-0.420176412497279	0.0757544893601802	-5.54655461407073	4	62.44	8.9017682114445e-13	62.44	8.9017682114445e-13	A
Diet.5mo.as.AL	UBA7160	AL	0	NA	NA	4	52.44	1.11605835684259e-10	52.44	1.11605835684259e-10	A
Diet.5mo.as.AL	UBA7160	1D	0.194457209614409	0.0772066689647309	2.51865819652496	4	52.44	1.11605835684259e-10	52.44	1.11605835684259e-10	A
Diet.5mo.as.AL	UBA7160	2D	0.283540728989097	0.076996915219984	3.68249465811723	4	52.44	1.11605835684259e-10	52.44	1.11605835684259e-10	A
Diet.5mo.as.AL	UBA7160	20	0.0366255398943338	0.075194018670521	0.487080495788057	4	52.44	1.11605835684259e-10	52.44	1.11605835684259e-10	A
Diet.5mo.as.AL	UBA7160	40	-0.280507692403844	0.0780494675125561	-3.59397317295878	4	52.44	1.11605835684259e-10	52.44	1.11605835684259e-10	A
Diet.5mo.as.AL	UBA7173	AL	0	NA	NA	4	54.24	4.68758365457234e-11	54.24	4.68758365457234e-11	A
Diet.5mo.as.AL	UBA7173	1D	0.245602156381384	0.071798785384117	3.42070071335378	4	54.24	4.68758365457234e-11	54.24	4.68758365457234e-11	A
Diet.5mo.as.AL	UBA7173	2D	0.333454055446727	0.0711803435846499	4.68463677827254	4	54.24	4.68758365457234e-11	54.24	4.68758365457234e-11	A
Diet.5mo.as.AL	UBA7173	20	0.421718857743218	0.0696846133413501	6.05182173685068	4	54.24	4.68758365457234e-11	54.24	4.68758365457234e-11	A
Diet.5mo.as.AL	UBA7173	40	0.449930252366404	0.0730857375550803	6.15619774004906	4	54.24	4.68758365457234e-11	54.24	4.68758365457234e-11	A
Diet.5mo.as.AL	UBA7182	AL	0	NA	NA	4	366.48	0	366.48	0	A
Diet.5mo.as.AL	UBA7182	1D	-0.208102461610569	0.0665623741414083	-3.12642787002257	4	366.48	0	366.48	0	A
Diet.5mo.as.AL	UBA7182	2D	-0.413491203698922	0.0663063413125942	-6.23607328520151	4	366.48	0	366.48	0	A
Diet.5mo.as.AL	UBA7182	20	-0.56083387009309	0.0646147856108844	-8.67965226210729	4	366.48	0	366.48	0	A
Diet.5mo.as.AL	UBA7182	40	-1.23749676392511	0.0676680613360718	-18.2877525894988	4	366.48	0	366.48	0	A
Diet.5mo.as.AL	UBA946	AL	0	NA	NA	4	70.64	1.66533453693773e-14	70.64	1.66533453693773e-14	A
Diet.5mo.as.AL	UBA946	1D	-0.149160411227571	0.0757717391224159	-1.96854939526449	4	70.64	1.66533453693773e-14	70.64	1.66533453693773e-14	A
Diet.5mo.as.AL	UBA946	2D	-0.366714078389225	0.0758713167320182	-4.83336910685866	4	70.64	1.66533453693773e-14	70.64	1.66533453693773e-14	A
Diet.5mo.as.AL	UBA946	20	-0.00948188043016239	0.0737001916111117	-0.128654759545195	4	70.64	1.66533453693773e-14	70.64	1.66533453693773e-14	A
Diet.5mo.as.AL	UBA946	40	0.323319909991003	0.0769526490136437	4.20154360032075	4	70.64	1.66533453693773e-14	70.64	1.66533453693773e-14	A
Diet.5mo.as.AL	UBA9475	AL	0	NA	NA	4	24.496	6.35201485523762e-05	24.496	6.35201485523762e-05	A
Diet.5mo.as.AL	UBA9475	1D	-0.0786842962775469	0.0664761179298748	-1.18364758243781	4	24.496	6.35201485523762e-05	24.496	6.35201485523762e-05	A
Diet.5mo.as.AL	UBA9475	2D	-0.195200607881367	0.065756533884976	-2.96853554086078	4	24.496	6.35201485523762e-05	24.496	6.35201485523762e-05	A
Diet.5mo.as.AL	UBA9475	20	-0.229954986355401	0.0646452646966699	-3.55718222261757	4	24.496	6.35201485523762e-05	24.496	6.35201485523762e-05	A
Diet.5mo.as.AL	UBA9475	40	-0.285216294216212	0.0675303310628398	-4.22352874223002	4	24.496	6.35201485523762e-05	24.496	6.35201485523762e-05	A
Diet.5mo.as.AL	UBA9502	AL	0	NA	NA	4	217.36	0	217.36	0	A
Diet.5mo.as.AL	UBA9502	1D	-0.310135625615065	0.0697563698966152	-4.44598286973235	4	217.36	0	217.36	0	A
Diet.5mo.as.AL	UBA9502	2D	-0.316748458002604	0.0689619672981571	-4.59308906651607	4	217.36	0	217.36	0	A
Diet.5mo.as.AL	UBA9502	20	-0.576813921507347	0.0675950101220663	-8.53338020758794	4	217.36	0	217.36	0	A
Diet.5mo.as.AL	UBA9502	40	-1.00039820795324	0.0705937827673853	-14.17119424312	4	217.36	0	217.36	0	A
Diet.5mo.as.AL	UMGS1004	AL	0	NA	NA	4	183.24	0	183.24	0	A
Diet.5mo.as.AL	UMGS1004	1D	0.0137469629682146	0.0790555049484373	0.173890015340245	4	183.24	0	183.24	0	A
Diet.5mo.as.AL	UMGS1004	2D	0.0804345342192555	0.0800324955111603	1.00502344335919	4	183.24	0	183.24	0	A
Diet.5mo.as.AL	UMGS1004	20	0.552859624570549	0.0768769356783512	7.19148883461853	4	183.24	0	183.24	0	A
Diet.5mo.as.AL	UMGS1004	40	0.931686790996191	0.0802261634386585	11.6132537200107	4	183.24	0	183.24	0	A
Diet.5mo.as.AL	UMGS1217	AL	0	NA	NA	4	15.296	0.00412507152619124	15.296	0.00412507152619124	A
Diet.5mo.as.AL	UMGS1217	1D	0.0185657514392759	0.0805468605303978	0.230496276540404	4	15.296	0.00412507152619124	15.296	0.00412507152619124	A
Diet.5mo.as.AL	UMGS1217	2D	-0.233761779110474	0.0805972348675134	-2.90036971485106	4	15.296	0.00412507152619124	15.296	0.00412507152619124	A
Diet.5mo.as.AL	UMGS1217	20	-0.0611744343773205	0.0784304561185039	-0.779983152015455	4	15.296	0.00412507152619124	15.296	0.00412507152619124	A
Diet.5mo.as.AL	UMGS1217	40	-0.208896772118526	0.0813716370805668	-2.56719392178008	4	15.296	0.00412507152619124	15.296	0.00412507152619124	A
Diet.5mo.as.AL	UMGS1370	AL	0	NA	NA	4	256.16	0	256.16	0	A
Diet.5mo.as.AL	UMGS1370	1D	-0.384191450969285	0.0719942728974014	-5.33641684966794	4	256.16	0	256.16	0	A
Diet.5mo.as.AL	UMGS1370	2D	-0.517133567324347	0.0720501058091572	-7.17741579303305	4	256.16	0	256.16	0	A
Diet.5mo.as.AL	UMGS1370	20	-0.644455742540107	0.0701510783122908	-9.1866833417897	4	256.16	0	256.16	0	A
Diet.5mo.as.AL	UMGS1370	40	-1.13420760239141	0.0730471093767863	-15.527070298443	4	256.16	0	256.16	0	A
Diet.5mo.as.AL	UMGS1815	AL	0	NA	NA	4	564.8	0	564.8	0	A
Diet.5mo.as.AL	UMGS1815	1D	0.410492535535618	0.0661406021496343	6.20636223732789	4	564.8	0	564.8	0	A
Diet.5mo.as.AL	UMGS1815	2D	0.600633820779939	0.065772481716967	9.13199266776332	4	564.8	0	564.8	0	A
Diet.5mo.as.AL	UMGS1815	20	1.13814108915405	0.064201227828704	17.727715304616	4	564.8	0	564.8	0	A
Diet.5mo.as.AL	UMGS1815	40	1.40178263801871	0.0671091302517545	20.8881061751216	4	564.8	0	564.8	0	A
Diet.5mo.as.AL	UMGS1872	AL	0	NA	NA	4	113.84	0	113.84	0	A
Diet.5mo.as.AL	UMGS1872	1D	-0.029417553300964	0.070727856943258	-0.415925981251834	4	113.84	0	113.84	0	A
Diet.5mo.as.AL	UMGS1872	2D	0.0119226323145683	0.0703947096958741	0.169368300062285	4	113.84	0	113.84	0	A
Diet.5mo.as.AL	UMGS1872	20	-0.258433670341415	0.0689353628324362	-3.74892739695299	4	113.84	0	113.84	0	A
Diet.5mo.as.AL	UMGS1872	40	-0.667049562042736	0.0719951779640157	-9.26519776610786	4	113.84	0	113.84	0	A
Diet.5mo.as.AL	UMGS268	AL	0	NA	NA	4	18.74	0.000883973937914395	18.74	0.000883973937914395	A
Diet.5mo.as.AL	UMGS268	1D	-0.0472141925045957	0.0707704857288327	-0.667145237429961	4	18.74	0.000883973937914395	18.74	0.000883973937914395	A
Diet.5mo.as.AL	UMGS268	2D	-0.186006427426956	0.0706650569292618	-2.6322263861353	4	18.74	0.000883973937914395	18.74	0.000883973937914395	A
Diet.5mo.as.AL	UMGS268	20	-0.0241153452997597	0.0690314878734694	-0.349338338816652	4	18.74	0.000883973937914395	18.74	0.000883973937914395	A
Diet.5mo.as.AL	UMGS268	40	0.148792803744593	0.071973792823307	2.067319199224	4	18.74	0.000883973937914395	18.74	0.000883973937914395	A
Diet.5mo.as.AL	uniq	AL	0	NA	NA	4	53.8	5.79538639300381e-11	53.8	5.79538639300381e-11	A
Diet.5mo.as.AL	uniq	1D	0.246382096775219	0.0705797646193597	3.49083194176079	4	53.8	5.79538639300381e-11	53.8	5.79538639300381e-11	A
Diet.5mo.as.AL	uniq	2D	0.334014127342137	0.0699145498368771	4.77746231823634	4	53.8	5.79538639300381e-11	53.8	5.79538639300381e-11	A
Diet.5mo.as.AL	uniq	20	0.326244444668159	0.0686023030944958	4.75559026376674	4	53.8	5.79538639300381e-11	53.8	5.79538639300381e-11	A
Diet.5mo.as.AL	uniq	40	0.48637917492403	0.0714326988228844	6.8089150058574	4	53.8	5.79538639300381e-11	53.8	5.79538639300381e-11	A
Diet.5mo.as.AL	X142	AL	0	NA	NA	4	146.44	0	146.44	0	A
Diet.5mo.as.AL	X142	1D	-0.116234463043398	0.0686347505882141	-1.69352204309398	4	146.44	0	146.44	0	A
Diet.5mo.as.AL	X142	2D	-0.00785996050806428	0.068038700563782	-0.115521908016101	4	146.44	0	146.44	0	A
Diet.5mo.as.AL	X142	20	-0.428856181336218	0.0669307089582983	-6.40746509354054	4	146.44	0	146.44	0	A
Diet.5mo.as.AL	X142	40	-0.723330073195872	0.0698214218106818	-10.3597156064389	4	146.44	0	146.44	0	A
Diet.5mo.as.AL	X1XD4269	AL	0	NA	NA	4	28.24	1.11509971980617e-05	28.24	1.11509971980617e-05	A
Diet.5mo.as.AL	X1XD4269	1D	-0.0902895312845378	0.0701255799783188	-1.28754059948528	4	28.24	1.11509971980617e-05	28.24	1.11509971980617e-05	A
Diet.5mo.as.AL	X1XD4269	2D	-0.22030814545468	0.0691681231784834	-3.18511093450072	4	28.24	1.11509971980617e-05	28.24	1.11509971980617e-05	A
Diet.5mo.as.AL	X1XD4269	20	0.0719591048838662	0.0681426018058687	1.05600759256112	4	28.24	1.11509971980617e-05	28.24	1.11509971980617e-05	A
Diet.5mo.as.AL	X1XD4269	40	0.145869050997851	0.0708524956842833	2.05877082506506	4	28.24	1.11509971980617e-05	28.24	1.11509971980617e-05	A
Diet.5mo.as.AL	X1XD876	AL	0	NA	NA	4	22.908	0.000132099102104322	22.908	0.000132099102104322	A
Diet.5mo.as.AL	X1XD876	1D	-0.113676773517418	0.0758311808932269	-1.49907692559186	4	22.908	0.000132099102104322	22.908	0.000132099102104322	A
Diet.5mo.as.AL	X1XD876	2D	-0.208218003499543	0.0756154320575217	-2.75364430029506	4	22.908	0.000132099102104322	22.908	0.000132099102104322	A
Diet.5mo.as.AL	X1XD876	20	-0.24837437033593	0.0739221767917011	-3.35994394531702	4	22.908	0.000132099102104322	22.908	0.000132099102104322	A
Diet.5mo.as.AL	X1XD876	40	-0.330124311076105	0.077142740624573	-4.27939568134747	4	22.908	0.000132099102104322	22.908	0.000132099102104322	A
