feature	herit	herit.se	LRT.pval
Acetatifactor	0.084089253334413	0.0310237432426111	0.00321636895089628
Acutalibacter	0.0500315086061057	0.0230089992625539	0.0149873996742375
Adlercreutzia	0.134718672455003	0.0309473239428696	2.18320847733544e-07
AF3328	0.0729861884966958	0.0274965633991941	0.00393192581248025
Akkermansia	0.115950137594637	0.0288267732263822	7.92887932088426e-07
Alistipes	0.0905722007366138	0.0277650533162998	6.59838744143659e-06
AM0715	0.0868785752112792	0.03232481237989	0.00404210860698762
Anaerotignum	0.0854552417307317	0.0314133660033921	0.00176353148894781
Anaerotruncus	0.0801154955175082	0.0310756666562154	0.00357580190584861
AnaerovoracaceaeNOV	0.0366822184143874	0.0232424108731591	0.083454739379753
Angelakisella	0.056386947764445	0.0260180542610515	0.0179075909232012
ASF356	0.170138108306478	0.0358354649094398	4.32452771370606e-08
Bacteroides	0.0848443910785866	0.0240980783092167	1.14689064414364e-05
Bifidobacterium	0.0970772774788925	0.0265301625073728	5.84393164315689e-06
BorkfalkiaceaeNOV	0.0841784387440468	0.0333522237483515	0.00483486312315362
ButyricicoccaceaeNOV	0.0938707309852919	0.0282319266271363	0.000109531738497037
CAG115	0.0721788521533956	0.0222305234836742	0.000175898850811151
CAG145	0.119858804804923	0.0335749550834808	2.51013238323772e-05
CAG273	0.0323781384305407	0.0256522086691635	0.193965555400034
CAG274NOV	0.00845742834399729	0.0236843112636087	0.711617281959612
CAG303	0.0466183022327058	0.0254039609936138	0.0397522117167131
CAG41	2.15118005310111e-07	8.89398755021724e-09	1
CAG475	0.142852944400761	0.0376133538345864	8.3240082316971e-06
CAG485	0.0889945295008979	0.0292808034963227	0.000350875199245371
CAG510	0.0279234632850769	0.00945928215435339	0.00357939647026906
CAG552NOV	0.152456560542667	0.03940982597306	1.6963245342061e-05
CAG56	0.0744186274582076	0.0290520969165396	0.00285814489760083
CAG582	0.087339349065631	0.0307076798387501	0.000725853585536007
CAG776	0.0700215043199702	0.0316076771048254	0.0171226232333785
CAG81	0.0438941425473981	0.0285348798952333	0.126806557803605
CAG873	0.131973869661378	0.0306947532099557	5.79161588687427e-08
CAG95	0.0536098794794467	0.0272305491041083	0.0256110735119937
Chao1	0.00235131969735247	0.0140299616859377	0.849776734603463
Clostridium	0.0341069447104889	0.0194167041462326	0.0467000121828556
ClostridiumQ	0.118409535255764	0.032252483996846	2.02396380777348e-05
COE1	0.118082370711967	0.0303272695874163	3.74623537735541e-06
D1663	0.0251734280971754	0.0184341749298429	0.133630833255304
Desulfovibrio	0.0966786103325785	0.0295258081925766	6.8032272720786e-05
Dorea	0.113824995579905	0.0301746542256884	1.33646420047429e-05
Dubosiella	0.0184239937795086	0.0193850276559581	0.28731746210403
Duncaniella	0.138965117368629	0.0310291162996168	4.07503356614214e-08
Emergencia	0.0406188040967841	0.0226353949976888	0.0523244678914697
EnterococcusD	0.15631192305285	0.032934931040154	1.69278377981641e-08
ErysipelatoclostridiaceaeNOV	0.181079582680723	0.0346005355382807	2.47432407896042e-10
Erysipelatoclostridium	0.128005086342931	0.0323167457021906	1.41127694546217e-05
ErysipelotrichaceaeNOV	0.0256865487623065	0.0189665299759259	0.101196372986177
Escherichia	0.116568188093269	0.0307137846643267	5.13160279191904e-06
EubacteriumF	0.0584980032932862	0.0271591787592404	0.0164003594923051
EubacteriumG	0.0645476963802833	0.0276979893663785	0.0106977091969908
EubacteriumJ	0.0745748942264988	0.0289857218499278	0.00427785224825972
Evtepia	0.0505520827459407	0.0226587107341998	0.0135550217555901
Flavonifractor	0.0666810468475956	0.0293157570004808	0.016569114193235
HungatellaA	0.109296878666597	0.0307275901339688	2.60885682086265e-05
Ileibacterium	0.142781618746694	0.0289159057547937	7.34107219457769e-11
Kineothrix	0.091790893556322	0.031506677059902	0.000855779763110798
Lachnospira	0.0760297269073798	0.0259603469223208	0.000297644562971766
LachnospiraceaeNOV	0.0348008678239229	0.0248248594617616	0.129803812933104
Lactobacillus	0.203816994489813	0.0360148686628083	4.88720175439994e-13
Lawsonibacter	0.0308606315717059	0.0238236115130809	0.177183093727985
Ligilactobacillus	0.0046229507382973	0.00646640358753907	0.412806302973764
Limosilactobacillus	0.118254210045034	0.0307535517349216	1.90151290335727e-06
Mailhella	0.108471103252719	0.0259113458919843	3.55016936959274e-08
MarseilleP3106	0.0379703526659144	0.0216277370221596	0.0407797402019535
MuribaculaceaeNOV	0.0917490360079357	0.0308092940952156	0.000633940200855387
Muribaculum	0.138145970119912	0.0334753460714426	1.20972465844638e-06
Oscillibacter	0.0396329472405033	0.0234534114499348	0.0591743845699441
OscillospiraceaeNOV	0.0877912911933398	0.0288831008143365	0.000242083586771802
Paramuribaculum	0.123134245926408	0.0299088110226393	4.38899668275816e-07
Parvibacter	0.180570962734106	0.0348225220110188	8.6998008796968e-10
PCoA1	0.120137568236004	0.0303860637922777	1.21742537984026e-06
PCoA2	0.092347839989851	0.0255226107345354	6.59844748984728e-06
PCoA3	0.110190358871595	0.0312501111575832	6.8639676879978e-05
Prevotella	0.142484307670559	0.0316704853398475	3.86264545904069e-08
Romboutsia	0.0622994845045714	0.0158425969608057	0.000441751472989638
Roseburia	0.00904523534014471	0.0185298451426827	0.604132201053587
RuminiclostridiumE	0.042870129338382	0.022149102026345	0.0215949727428189
Schaedlerella	0.0825782647081809	0.0287877595815246	0.00129968531801328
Shannon	0.026380006985324	0.0229457435922862	0.205636046649022
Simpson	0.0074871464770858	0.0202608063092313	0.698996714357171
Staphylococcus	0.0111090575821789	0.0108713131389159	0.24786264854107
TF0111	0.133485177772495	0.0285985649343932	3.19082238409152e-09
Turicibacter	0.072046740675734	0.027340701778521	0.00306554481025778
UBA11940	0.098830517155978	0.034155619315101	0.000938396477920156
UBA11957	0.147621659295759	0.034052198674594	4.71362237020045e-08
UBA1394	0.130566742504342	0.0359979372085024	3.41241744067355e-05
UBA1405	0.056672189242798	0.0198092128510879	0.000744468042149116
UBA2882	0.153757571917302	0.0376668559166085	2.39439852800505e-06
UBA3282	0.0588614601296327	0.0283159494882811	0.0150684726577022
UBA3700	0.0970777600555648	0.0368963682377995	0.00190360234354015
UBA3700NOV	0.0225330561673869	0.0284178237808843	0.41173685790554
UBA3818	0.0285468560115186	0.0305155298295578	0.34611008013524
UBA7160	0.0340001453282761	0.0219484421147167	0.0748394436677831
UBA7173	0.150721293900855	0.0351346658219397	3.13335615786947e-07
UBA7182	0.145235892896265	0.0334044830959852	5.23017230968925e-07
UBA946	0.106088169988256	0.0344954251853662	0.000722871938028891
UBA9475	0.108386712087966	0.0289846103824891	3.28162868801218e-06
UBA9502	0.0676051176208568	0.029894475816199	0.0142735699219505
UMGS1004	0.105922042343775	0.032997380728167	0.000392527021891076
UMGS1217	0.0106814442819538	0.0219033948120376	0.619273615926657
UMGS1370	0.0736661814604722	0.0304711426413885	0.00558527126390751
UMGS1815	0.0963343808782778	0.0337724744036715	0.00238803025334988
UMGS1872	0.134042775440941	0.0315056516590876	1.33941333690935e-07
UMGS268	0.109215461810519	0.0326788373895031	9.75245050991447e-05
uniq	0.0528461992459623	0.0281225171359445	0.0442052429407157
X142	0.117620985427373	0.0324402838060754	9.215486103753e-05
X1XD4269	0.0404427937924349	0.0241727355385369	0.0603171209650393
X1XD876	0.119178296098163	0.033721623451626	8.96815026367737e-05
