feature	herit	herit.se	LRT.pval
ALLANTOINDEGPWY	0.023084979866983	0.0201092799915231	0.204150936468592
ANAEROFRUCATPWY	0.0379333598336869	0.0259924633103781	0.107522248751509
ANAGLYCOLYSISPWY	0.0744669443270687	0.0253951380807059	0.00113175637587715
ARGININESYN4PWY	0.0332722763794239	0.0220091600833011	0.101615762834482
ARGPOLYAMINESYN	0.0327964819500889	0.0191874424293373	0.0365256354832401
ARGSYNBSUBPWY	0.0549635373865327	0.0242247152027689	0.00770346723871562
ARGSYNPWY	0.0846819793998911	0.0267693608035686	0.000127291458002055
AROPWY	0.0583384352309374	0.0255410307231633	0.0091442017881811
ASPASNPWY	0.0722862917496475	0.0249414345672435	0.000663753575492199
BIOTINBIOSYNTHESISPWY	0.051411087601569	0.0264898189011982	0.0430077409921256
BRANCHEDCHAINAASYNPWY	0.0530808689943204	0.0240897599925686	0.0112995147876723
CALVINPWY	0.0705557387774583	0.0240975792637211	0.000496170572975796
CENTFERMPWY	0.0101570450819186	0.0203143730784051	0.612018443845941
CITRULBIOPWY	0.0367507441413938	0.0214394010703885	0.0662416737373043
COAPWY	0.0526644257892343	0.0234968232769719	0.0121781082842282
COAPWY1	0.0352089615622185	0.0213400715720359	0.0763936183102734
COLANSYNPWY	0.0571825595018061	0.02266946849636	0.00333447681457766
COMPLETEAROPWY	0.0343552304624568	0.0224454011801157	0.0800257751076023
DAPLYSINESYNPWY	0.105861084994924	0.0273460111452558	2.43923017639869e-06
DTDPRHAMSYNPWY	0.0859329965493532	0.0257956169334756	0.000106712861597358
FASYNELONGPWY	0.0487213941399663	0.0258400600529612	0.0454901974932704
FERMENTATIONPWY	0.084693731556682	0.0260944332319384	6.52408334552712e-05
FUCCATPWY	0.0444625162815506	0.0238590623257348	0.0419224518205402
FUCRHAMCATPWY	0.0618865460257974	0.0244375170715184	0.00367441721922124
GALACTARDEGPWY	0.0405272909409113	0.024103000257942	0.0814658603658481
GALACTGLUCUROCATPWY	0.0517190189220105	0.0202552927561286	0.00139060476269903
GALACTITOLCATPWY	0.0413411643519866	0.0211258788959628	0.0223537219177909
GALACTUROCATPWY	0.0399148266985376	0.0213493453383046	0.0239527131309064
GLCMANNANAUTPWY	0.0299023675586972	0.0208666119802122	0.109163391920896
GLUCARDEGPWY	0.0472319591511575	0.0243503327136274	0.0432617512660634
GLUCARGALACTSUPERPWY	0.0405272909409113	0.024103000257942	0.0814658603658481
GLUCONEOPWY	0.0757064105094408	0.0257691084304816	0.000247296084516346
GLUCOSE1PMETABPWY	0.0698536052162898	0.0250407994066292	0.00105381611136868
GLUCUROCATPWY	0.0450689357265184	0.0206921479291012	0.00628681322629288
GLUDEGIPWY	0.0992166865149412	0.0285095821121996	2.42039113941273e-05
GLUTORNPWY	0.0633341376995025	0.0247138017768291	0.00219958437223511
GLYCOCATPWY	0.0673922634615677	0.0269590658299522	0.00360000256735182
GLYCOGENSYNTHPWY	0.119175810374234	0.0294502915062609	4.64091933771726e-07
GLYCOLYSIS	0.0750897541907821	0.0257361358380562	0.000978849881689281
GLYCOLYSISED	0.114238471840516	0.0291014523035151	1.71111350266706e-06
GLYOXYLATEBYPASS	0.0636046296069509	0.0244238378100205	0.00142977543212131
GOLPDLCATPWY	0.0633481951835725	0.0246784717771052	0.00382366402151035
HEMESYN2PWY	0.0235040917790582	0.0226482609455263	0.259537338318147
HEXITOLDEGSUPERPWY	0.0145350479199592	0.0171453614376909	0.209469393363589
HISDEGPWY	0.102016370348276	0.0305658450039711	0.000263091278400296
HISTSYNPWY	0.0454801108386617	0.0250248819804521	0.0488451843309191
HSERMETANAPWY	0.0774281084071882	0.0244525489642787	0.000241931532189099
ILEUSYNPWY	0.0616292315344981	0.0250888826656264	0.00443504955957386
KETOGLUCONMETPWY	0.0466564274280619	0.0210744942359144	0.00981545022816033
LACTOSECATPWY	0.16165842592452	0.0331492983497458	1.17361953488881e-09
METHACETATEPWY	0.0515289371098112	0.0215969133048535	0.0032528265883317
METSAMPWY	0.0766733226262096	0.0182785163821029	0.000415520202146635
METSYNPWY	0.0760314929628349	0.0182398762794073	0.000413048367515323
NAGLIPASYNPWY	0.0613847007947348	0.0231203225589861	0.00055168305786546
NONMEVIPPPWY	0.105982913442309	0.0294434832280911	1.69623345231962e-05
NONOXIPENTPWY	0.0642357928234568	0.0239334660680363	0.00172841053718253
OANTIGENPWY	0.0710061636580791	0.026688297999947	0.00154733696228204
P105PWY	0.0448819341555205	0.0223473303143805	0.022471843851664
P108PWY	0.00901728715289971	0.0190472580360849	0.63641816069408
P122PWY	0.050854441865693	0.0152070695933074	0.000105357309587051
P124PWY	0.0914415013515328	0.0277451036054363	5.59451055603954e-05
P161PWY	0.0206368233185923	0.0196034147319661	0.254353746185223
P164PWY	0.0200335621660492	0.0185032021172049	0.198481509062734
P185PWY	0.0322483530769232	0.022435141707086	0.125197395721883
P41PWY	0.0890461779081305	0.0260415754035145	3.93201896276008e-05
P42PWY	0.0329254763329899	0.0195491544734091	0.0627271963590492
P441PWY	0.0591800521660957	0.0160691915147947	2.36716683735816e-05
P461PWY	0.0431926202043844	0.0212716735620633	0.014167959760504
PANTOPWY	0.11143078350559	0.0291801492056392	2.14424490315723e-05
PANTOSYNPWY	0.111442746520958	0.0277939559100777	5.91969210328447e-06
PENTOSEPPWY	0.0518186274391365	0.0221714101913197	0.00620758134727639
PEPTIDOGLYCANSYNPWY	0.0466534227650626	0.022271493252288	0.0246239168730342
PHOSLIPSYNPWY	0.0732770876976391	0.0264913921857251	0.00140574824892292
POLYAMINSYN3PWY	0.0545690170872786	0.023168945560701	0.00126338020154326
POLYAMSYNPWY	0.0316663939837284	0.0190758770706779	0.015823178403663
POLYISOPRENSYNPWY	0.098956780896364	0.0279465764065643	2.09134247260989e-05
PPGPPMETPWY	0.121863063718062	0.031685385181661	3.65546159131203e-06
PWY01061	0.0658397916189201	0.0238424186198871	0.000938030903734899
PWY01241	0.00830482072263158	0.0194181788671085	0.646017174533185
PWY01261	0.0542028012128682	0.0254856635058881	0.0258485851209693
PWY01296	0.125521286701595	0.0297941897505057	2.02361402523721e-07
PWY01297	0.0226991987005326	0.0199134172446503	0.211371910586411
PWY01298	0.0158105890497192	0.0180229030186921	0.311856075966866
PWY01319	0.112834759645508	0.02915770881005	1.39507795560156e-06
PWY01477	0.0246339123756791	0.0209273560754177	0.185297662883157
PWY01479	0.0582797607729362	0.0244271564363745	0.00681626989439121
PWY01586	0.0950604986061778	0.0283341898036438	9.24227616380113e-05
PWY0162	0.0855180002276984	0.02808201845924	0.000239970298017256
PWY0166	0.0781692313423093	0.0261916446763888	0.00036522200461786
PWY0301	0.0421810169804176	0.0244133687760949	0.0688429354239803
PWY0845	0.064903161454067	0.0250383261526107	0.0036890310263511
PWY0862	0.0473404129434539	0.0259466537606804	0.0533958780589789
PWY1042	0.133528764366451	0.0293550423867599	1.08593593006745e-08
PWY1269	0.0187354884179314	0.022068094830957	0.377096600347329
PWY1861	0.00489614955358975	0.0180264471595507	0.77282876044933
PWY1ZNC1	0.0316782997484313	0.021613458405679	0.13044075895366
PWY241	0.0882569681676296	0.0264567657678569	0.000105792342041111
PWY2941	0.0453370589016257	0.0221910117218164	0.0174734947437725
PWY2942	0.0590668718282817	0.0243623560443074	0.0051413125952624
PWY3001	2.91961812213094e-07	1.16709781616555e-08	1
PWY3841	0.0631556927032847	0.0170791912159639	0.000400142669698456
PWY4041	0.111979541006039	0.0288222338020795	4.52458397348643e-06
PWY4984	0.053754570060875	0.0226569337259931	0.00412115198507945
PWY4FS7	0.0819653902579018	0.0271003097330579	0.000318444196666268
PWY4FS8	0.0819653902581082	0.0271003097330408	0.000318444196667822
PWY4LZ257	0.0183441941131579	0.0185639775633688	0.280814040920093
PWY5005	0.0961633242114251	0.0282262988359513	5.85132730568372e-05
PWY5022	0.00574142339302402	0.0128201372076933	0.677043374490083
PWY5030	0.0357881261058826	0.0198442676564176	0.0332758008539141
PWY5097	0.096944027882872	0.0278218613297823	3.518614147624e-05
PWY5100	0.0875784100567232	0.0261442696592483	5.86603419294729e-05
PWY5103	0.0409107112842323	0.0226071576245596	0.0398618119176343
PWY5121	0.117048363696721	0.0292873990388352	1.26771224706612e-06
PWY5136	0.0362148118343878	0.0148473793598992	0.00915203301869394
PWY5154	0.0810872728673509	0.0263704960740352	0.000140403543872569
PWY5188	0.00712587441254328	0.0186901775382015	0.685686807694341
PWY5189	0.0563499864054193	0.0251798763294851	0.0154137282356671
PWY5345	0.0689958960061835	0.0253031788540813	0.00243299504146177
PWY5347	0.0759952665197946	0.0182431341144088	0.000453567918623277
PWY5384	0.0530652113849179	0.0244571861259535	0.0142262814418191
PWY5484	0.0843011428896218	0.0264803752170645	0.000221239016939156
PWY5497	0.0343036132459348	0.0213676289185525	0.0663327691661745
PWY5505	0.028575231177854	0.0197138325323081	0.0710874755066764
PWY561	0.0634495793143842	0.0247964441414935	0.00423694797170204
PWY5659	0.0601959592490322	0.0232292006488982	0.0025825935846816
PWY5667	0.112834759645556	0.0291577088100589	1.39507795560156e-06
PWY5675	0.0545648018042742	0.0241454467495076	0.00895515586606577
PWY5676	3.55006370256762e-07	1.19786174494559e-08	1
PWY5686	0.094098870785634	0.0267318823547452	5.89617423201183e-05
PWY5695	0.112360569803701	0.0307676816541199	2.16562828045941e-05
PWY5723	0.0190329414918881	0.0208806245124327	0.325060683664042
PWY5837	0.0468347046673842	0.0248726482911357	0.0419723885671028
PWY5838	0.0582366169151532	0.0264014697894092	0.0193210997546788
PWY5840	0.0478546906752052	0.0251367736505856	0.0385622695857444
PWY5897	0.046239891680797	0.0248950177959183	0.0446710425433481
PWY5898	0.046239891680797	0.0248950177959183	0.0446710425433481
PWY5899	0.046239891680797	0.0248950177959183	0.0446710425433481
PWY5910	0.118397465636035	0.0311547485579169	4.82403199963954e-06
PWY5913	0.14992419942811	0.0318816596125087	3.73192010627577e-09
PWY5941	0.0753675926740736	0.025028140816143	0.000568398651944801
PWY5973	0.0814445089554063	0.0266442218592922	0.000443169524442233
PWY5981	0.145106653469355	0.0331006279095977	4.3718643261137e-08
PWY5989	0.0519672325828722	0.0257430519373688	0.0325969193661231
PWY6121	0.0956777744575315	0.0281780117313767	3.44402470962013e-05
PWY6122	0.108808123532767	0.0284189415085784	2.7948212814044e-06
PWY6123	0.0579416475799743	0.0232415506644185	0.00413584631417174
PWY6124	0.0558229641191131	0.0232522617049938	0.00589987068996412
PWY6125	0.0793966270581408	0.0273336726243456	0.000584727130446883
PWY6126	0.0770735736263354	0.0269706579652967	0.000652099727892153
PWY6143	0.0534658553354141	0.0268591512421894	0.0218336981217162
PWY6147	0.102278534011963	0.0272534312150472	3.75866538915304e-06
PWY6151	0.0632750068282024	0.024355872548556	0.0038148006208244
PWY6163	0.0592037879614072	0.0257387412582717	0.0103137128015659
PWY621	0.0124062197153985	0.018984440204778	0.48038016240026
PWY622	0.10944192108691	0.027571642894819	6.00847325116227e-07
PWY6270	0.0597228378132701	0.0230142936376096	0.00074917379139916
PWY6277	0.108808123532767	0.0284189415085784	2.7948212814044e-06
PWY6282	0.0499535483140761	0.0262457316416981	0.045317496124113
PWY6292	0.0513278878578464	0.0258788554217513	0.0298380582636345
PWY6293	0.0942148766261005	0.0269461307279872	3.60416172403566e-05
PWY6305	0.0528470538011216	0.0221121144133623	0.00116590973256003
PWY6317	0.0755370495323773	0.0254749147301556	0.000281259871855788
PWY6353	0.0243362111188599	0.0190695062596325	0.133085071110019
PWY6385	0.0208748859723772	0.0195888054407582	0.2672003988872
PWY6386	0.0403635745833881	0.0219332947397443	0.0458115559976173
PWY6387	0.0415337896024969	0.0229757650153753	0.0563095564820391
PWY6470	5.02551259640655e-07	9.9409627574583e-09	1
PWY6507	0.0328609719767276	0.0195962406483013	0.0398382894252508
PWY6519	0.0512948635792157	0.0264549620341331	0.0421028153182279
PWY6527	0.0741327774509552	0.0250504928710624	0.000637226418498948
PWY6531	0.0704357371556858	0.0244783757144952	0.000366216625211746
PWY6545	0.0716039922051283	0.0258240633068959	0.00102121329864491
PWY6549	0.0983279125341637	0.0284560268502805	3.64218625699131e-05
PWY6562	0.00710489585700954	0.017731211924677	0.668864750991616
PWY6565	0.00679431927404945	0.0176583996335275	0.681264613254469
PWY6588	0.0434294788342197	0.0220925743125963	0.0211908919030152
PWY6590	0.00946771477100421	0.0202183546343586	0.635234721671618
PWY6595	0.0603764074261569	0.0218514803896181	0.000601310155088353
PWY6606	0.0371362173115157	0.0212602598219211	0.049440223717517
PWY6607	0.0632846957510552	0.0235042278698617	0.001079950061605
PWY6608	0.0386206083359567	0.0217387922742991	0.0336084968179838
PWY6609	0.115490862152944	0.0283920164970673	3.13523313755226e-07
PWY6628	2.00755331155334e-07	4.88829785682602e-09	1
PWY6630	4.55528342815432e-07	1.24580841526224e-08	1
PWY66391	0.0420218064893238	0.0241348911018752	0.0506923091628058
PWY66399	3.37842430141385e-07	1.31782497184617e-08	0.992694848946
PWY66409	0.0505031377075294	0.023433266926782	0.0113418914577683
PWY66429	0.104439002358789	0.02773155449376	4.47693213434519e-06
PWY6700	0.12299773202181	0.029802754989971	3.09509925999762e-06
PWY6703	0.103871702469053	0.0273662461309855	1.23785194504622e-05
PWY6731	0.0558690325022459	0.0223207250192165	0.00212494776722771
PWY6749	0.0352354233151885	0.0205860093354781	0.0457497056383159
PWY6803	0.0770891285138329	0.0254733592902206	0.000392321743683532
PWY6823	0.018161752213267	0.017702013923178	0.249544974226014
PWY6859	0.102133039800164	0.0289206783741617	3.06299244289265e-05
PWY6876	0.0298626177976941	0.0212682071691162	0.127719213781065
PWY6895	0.0470598461894647	0.0226023174715754	0.0185182966947011
PWY6897	1.92880006946913e-07	5.01449863807348e-09	1
PWY6901	0.0564007046592486	0.0234562044565284	0.00532273617425427
PWY6936	0.14101613929098	0.0317760712090285	5.60988260289719e-08
PWY6953	0.0316073131131648	0.0214921734249366	0.0998488207944669
PWY6961	0.0414954855412419	0.0242895986747775	0.0721563701799791
PWY6969	0.0516503718740463	0.0221258881896868	0.00492032624946226
PWY702	0.0119640177881004	0.0172560755532808	0.459910123545323
PWY7090	0.0266627473248416	0.0211703233958624	0.20097552879009
PWY7111	0.0544674213371556	0.0250101618682195	0.0150070272849976
PWY7115	0.0674709517611175	0.0234348985924597	0.000503052440768537
PWY7117	0.0937264040234229	0.0268392028073368	5.15779641984127e-05
PWY7118	0.0667855581283707	0.0254122574555274	0.00256020483073527
PWY7184	0.0794502989266765	0.0263028242950536	0.000315668538965919
PWY7197	0.0744413692113093	0.0273732405954983	0.00137311203541135
PWY7198	0.0181680183462435	0.0205004918290588	0.361700514787339
PWY7199	0.062587208312831	0.0243021978644249	0.0013091735126004
PWY7208	0.0861644981549056	0.0282994685182994	0.000407212920758293
PWY7211	0.040935621819809	0.0156038375024533	0.0038848073623432
PWY7220	0.0802143993145813	0.0273409152234201	0.000471225382296159
PWY7221	0.0280415382203114	0.0199809606420458	0.135188990287185
PWY7222	0.0802143993145813	0.0273409152234201	0.000471225382296159
PWY7228	0.0870361927976847	0.028153474806228	0.00031769477864585
PWY7229	0.0751243018866481	0.0265401308198629	0.000669933842653014
PWY7234	0.0536452433401771	0.0235203674240661	0.0084368182906428
PWY7237	0.06877468299844	0.0230529811051643	0.000206738656108874
PWY7238	0.0600501947808878	0.0243266343372045	0.00311790401470102
PWY724	0.0396976598649876	0.0223178622830413	0.0415505800140293
PWY7242	0.0780899376132726	0.0241298563238487	3.15774458236051e-05
PWY7282	0.0595397769499756	0.0250561675117392	0.0096109373749923
PWY7315	0.075689957012674	0.0252191584521774	0.00019660822497658
PWY7316	0.0520374885225496	0.0162823697441236	0.00155403119214437
PWY7323	0.0200701633698812	0.0182735080492553	0.2135344821724
PWY7328	0.0309312239501469	0.0200462086958708	0.0838425713936913
PWY7345	0.0552957371102139	0.0221346139036199	0.00326044558950811
PWY7356	0.0150373870756079	0.0168104310565666	0.288155976169073
PWY7357	3.67685181342143e-07	1.01909444465856e-08	1
PWY7383	0.0649225076428655	0.0238810831299542	0.00126946354736257
PWY7392	0.104350026365734	0.0293920746545442	2.32561089187344e-05
PWY7400	0.0322822288071973	0.0233009290382322	0.12826453553733
PWY7456	0.039445277174143	0.0222240035923795	0.053801713346454
PWY7560	0.0640348294996027	0.0233277084905569	0.000344642985043442
PWY7663	0.0864512126485019	0.0271369789883055	0.000252732380523812
PWY7664	0.0499219934200237	0.0262437136149643	0.0454190918689946
PWY7688	0.0456295669225454	0.0231729099496917	0.0255851883683376
PWY7761	0.0148412672866934	0.017352511046634	0.342459268191736
PWY7790	0.094328414233229	0.026757578677248	5.88247621230442e-05
PWY7791	0.094098870785634	0.0267318823547452	5.89617423201183e-05
PWY7851	0.035822566086513	0.0216928792182977	0.0735946199570798
PWY7953	0.0322603753467771	0.0215043647909432	0.119674998676479
PWY7977	0.0855156046734755	0.0244161613579633	3.80841887659411e-05
PWY8004	0.118038249090467	0.0290600795357533	1.14941994200368e-06
PWY801	0.0944065933647961	0.0269488232821014	3.45915890959114e-05
PWY8073	0.0613847007947348	0.0231203225589861	0.00055168305786546
PWY8131	0.0352664318058202	0.0222415151512803	0.0882604991712177
PWY8178	0.0741866262057138	0.0242914844713945	0.000311026434475892
PWY8187	0.0515979186720383	0.0225199429028972	0.00834269166076929
PWY821	0.037637394634503	0.0218017997873283	0.0613595090977883
PWY841	0.0732655010161361	0.0264038119096971	0.000946140315849942
PWY922	0.123344035363126	0.0314481780712083	1.94932262043146e-06
PWYI9	0.0413947012026904	0.0239715229146432	0.0555094291916507
PYRIDNUCSYNPWY	0.111125970642167	0.0306024382459614	8.79463175903483e-05
PYRIDOXSYNPWY	0.0642202335048731	0.0241443790943959	0.00245309253973436
RHAMCATPWY	0.0597235397941117	0.0249144400321056	0.00492123778439235
RIBOSYN2PWY	0.0244820093545239	0.0185443750857496	0.118638169297745
SALVADEHYPOXPWY	0.0423500728648797	0.0226182442074936	0.0278231671224994
SERGLYSYNPWY	0.0882863701756627	0.0290512010543888	0.000328292678801967
SO4ASSIMPWY	0.0530971437505708	0.0238643680237163	0.0143038280460107
SULFATECYSPWY	0.0488916066816005	0.0228870546080582	0.0154198901648412
TCA	0.0427334849846668	0.0234935633238955	0.0426063403107301
THISYNARAPWY	4.13984734409406e-08	0.0195570855230698	0.995285873774302
THRESYNPWY	0.0444174465664642	0.0224609261150274	0.027547448548123
TRNACHARGINGPWY	0.101353004924297	0.0265415372936884	4.26421238763908e-07
UDPNAGSYNPWY	0.0837643748182297	0.0278457601903347	0.000273279998337816
Uniqueness	0.0554080964230017	0.0241835336605869	0.00887533698840748
VALSYNPWY	0.120795744482517	0.0285563281162201	3.95174894363137e-07
X1CMET2PWY	0.0849618464846913	0.0242153491157612	3.8171354971861e-05
